experiment,board_instance,number of nodes,rank id,number of banks,buffer size[KB],segment_size[KB],collective name,execution_time[us],throughput[Gbps],execution_time_fullpath[us],throughput_fullpath[Gbps]
dma_hardened2,xilinx_u280_xdma_201920_3,3,2,6,1,256,Send/recv,174.95029999849976,0.04682472679423956,349.19489999651887,0.023459678248684807
dma_hardened2,xilinx_u280_xdma_201920_3,3,2,6,1,256,Send/recv,167.271600003005,0.04897424308641056,250.31110000099943,0.03272727417987972
dma_hardened2,xilinx_u280_xdma_201920_3,3,2,6,1,256,Send/recv,163.54190000242852,0.05009113872272704,267.71169999619815,0.030600082103682192
dma_hardened2,xilinx_u280_xdma_201920_3,3,2,6,1,256,Send/recv,149.71539999919514,0.05471715000623877,232.40780000151062,0.0352483866718189
dma_hardened2,xilinx_u280_xdma_201920_3,3,2,6,1,256,Send/recv,172.14850000186743,0.04758682184225326,282.1455999992395,0.029034654447994513
dma_hardened2,xilinx_u280_xdma_201920_3,3,2,6,1,256,Send/recv,179.06499999753578,0.045748750454375424,283.6131999970348,0.028884410175850934
dma_hardened2,xilinx_u280_xdma_201920_3,3,2,6,1,256,Send/recv,150.40090000297823,0.05446775916791577,294.52979999859963,0.02781382393237951
dma_hardened2,xilinx_u280_xdma_201920_3,3,2,6,1,256,Send/recv,172.8644999957396,0.04738971853794098,284.7907999978361,0.028764974149664405
dma_hardened2,xilinx_u280_xdma_201920_3,3,2,6,1,256,Send/recv,168.65769999867553,0.04857175213503049,294.8554999989028,0.02778310053578951
dma_hardened2,xilinx_u280_xdma_201920_3,3,2,6,1,256,Send/recv,203.81840000140983,0.04019264207717917,276.0008999985075,0.02968106263437655
dma_hardened2,xilinx_u280_xdma_201920_3,3,2,6,1,256,Send/recv,175.28739999761456,0.04673467687986406,267.14100000049257,0.030665453823954
dma_hardened2,xilinx_u280_xdma_201920_3,3,2,6,1,256,Send/recv,169.78479999920637,0.04824931324852573,268.610500000932,0.030497690894330548
dma_hardened2,xilinx_u280_xdma_201920_3,3,2,6,1,256,Send/recv,166.60090000186756,0.049171403035086665,263.1439000026603,0.031131255559855964
dma_hardened2,xilinx_u280_xdma_201920_3,3,2,6,1,256,Send/recv,172.70900000312395,0.04743238626737358,261.6136999961327,0.03131334482911674
dma_hardened2,xilinx_u280_xdma_201920_3,3,2,6,1,256,Send/recv,166.83110000030865,0.049103554433105365,257.7750999989803,0.031779640469666796
dma_hardened2,xilinx_u280_xdma_201920_3,3,2,6,1,256,Send/recv,158.75770000093326,0.05160064677147529,237.9882000013822,0.03442187469778931
dma_hardened2,xilinx_u280_xdma_201920_3,3,2,6,1,256,Send/recv,177.41969999747198,0.046173001082273984,260.2419000027112,0.03147840528337157
dma_hardened2,xilinx_u280_xdma_201920_3,3,2,6,1,256,Send/recv,164.38150000226415,0.04983529168359679,252.8702000006433,0.032396067231248125
dma_hardened2,xilinx_u280_xdma_201920_3,3,2,6,1,256,Send/recv,167.04329999583933,0.049041176750004606,264.67369999636503,0.030951318548509004
dma_hardened2,xilinx_u280_xdma_201920_3,3,2,6,1,256,Send/recv,170.56770000181132,0.04802785052453076,287.2514999978648,0.028518563001623635
dma_hardened2,xilinx_u280_xdma_201920_3,3,2,6,6,256,Send/recv,177.77209999962906,0.2764888303625966,276.03089999956865,0.17806702075773695
dma_hardened2,xilinx_u280_xdma_201920_3,3,2,6,6,256,Send/recv,157.94839999898613,0.31119023681351315,275.9909999952015,0.17809276389757123
dma_hardened2,xilinx_u280_xdma_201920_3,3,2,6,6,256,Send/recv,166.6661000001568,0.2949130027039318,298.2176000045911,0.16481924607817683
dma_hardened2,xilinx_u280_xdma_201920_3,3,2,6,6,256,Send/recv,173.80209999942053,0.28280440800291756,295.7998999988831,0.16616638477628148
dma_hardened2,xilinx_u280_xdma_201920_3,3,2,6,6,256,Send/recv,172.12289999974928,0.2855633968523166,267.7248999987114,0.1835914403189116
dma_hardened2,xilinx_u280_xdma_201920_3,3,2,6,6,256,Send/recv,164.67859999806933,0.2984722969504006,276.72190000203045,0.17762237105064455
dma_hardened2,xilinx_u280_xdma_201920_3,3,2,6,6,256,Send/recv,159.09759999885864,0.30894243533750737,284.49540000110574,0.1727690500437229
dma_hardened2,xilinx_u280_xdma_201920_3,3,2,6,6,256,Send/recv,151.21870000029958,0.32503916512906555,267.2759999995833,0.18389978898246245
dma_hardened2,xilinx_u280_xdma_201920_3,3,2,6,6,256,Send/recv,157.10309999690253,0.3128646092977738,268.81289999778346,0.1828483677695724
dma_hardened2,xilinx_u280_xdma_201920_3,3,2,6,6,256,Send/recv,162.5967999984823,0.30229377208197694,279.8058999985642,0.1756646303750286
dma_hardened2,xilinx_u280_xdma_201920_3,3,2,6,6,256,Send/recv,168.3019999973112,0.29204644033217225,276.1907000035535,0.17796399371654295
dma_hardened2,xilinx_u280_xdma_201920_3,3,2,6,6,256,Send/recv,163.4893000016291,0.3006435283502359,293.10689999988426,0.16769308399092417
dma_hardened2,xilinx_u280_xdma_201920_3,3,2,6,6,256,Send/recv,173.0916999974852,0.28396508902919154,299.6488999997382,0.16403197208480638
dma_hardened2,xilinx_u280_xdma_201920_3,3,2,6,6,256,Send/recv,163.0339999962871,0.30148312622593676,279.38630000221565,0.1759284546150266
dma_hardened2,xilinx_u280_xdma_201920_3,3,2,6,6,256,Send/recv,172.5410999995347,0.2848712567622007,258.1276999990223,0.19041737868576744
dma_hardened2,xilinx_u280_xdma_201920_3,3,2,6,6,256,Send/recv,160.56510000339586,0.30611882656293593,301.56650000208174,0.16298892615612376
dma_hardened2,xilinx_u280_xdma_201920_3,3,2,6,6,256,Send/recv,161.7549999991752,0.30386695929183416,305.0226000027578,0.1611421579894591
dma_hardened2,xilinx_u280_xdma_201920_3,3,2,6,6,256,Send/recv,158.17949999927805,0.31073558836779946,258.35850000248684,0.19024727268321687
dma_hardened2,xilinx_u280_xdma_201920_3,3,2,6,6,256,Send/recv,160.57830000022477,0.3060936627173858,286.14380000249184,0.1717737724863232
dma_hardened2,xilinx_u280_xdma_201920_3,3,2,6,6,256,Send/recv,165.4681999980312,0.29704801285434196,268.5191000011855,0.183048431190865
dma_hardened2,xilinx_u280_xdma_201920_3,3,2,6,12,256,Send/recv,176.6298999996252,0.5565535619971964,284.3475000020135,0.3457178276556112
dma_hardened2,xilinx_u280_xdma_201920_3,3,2,6,12,256,Send/recv,180.0046999960614,0.5461190735694732,293.78149999956804,0.33461603266422335
dma_hardened2,xilinx_u280_xdma_201920_3,3,2,6,12,256,Send/recv,168.07349999794496,0.5848869691010299,279.8231999975087,0.3513075399068955
dma_hardened2,xilinx_u280_xdma_201920_3,3,2,6,12,256,Send/recv,170.0024999991001,0.5782503198512985,321.8941000000086,0.30539236351333365
dma_hardened2,xilinx_u280_xdma_201920_3,3,2,6,12,256,Send/recv,170.38600000205406,0.5769488103413127,310.2477999959774,0.3168563967295645
dma_hardened2,xilinx_u280_xdma_201920_3,3,2,6,12,256,Send/recv,163.01809999959005,0.6030250628626344,279.2701999965175,0.35200318544988274
dma_hardened2,xilinx_u280_xdma_201920_3,3,2,6,12,256,Send/recv,163.40720000016518,0.6015891588614249,283.00029999854814,0.34736358936900186
dma_hardened2,xilinx_u280_xdma_201920_3,3,2,6,12,256,Send/recv,176.0082999965107,0.5585191153027945,267.22499999891625,0.3678697726649778
dma_hardened2,xilinx_u280_xdma_201920_3,3,2,6,12,256,Send/recv,191.29799999859642,0.5138788696208076,260.75850000211176,0.37699250455576283
dma_hardened2,xilinx_u280_xdma_201920_3,3,2,6,12,256,Send/recv,165.24929999945925,0.594883004044929,237.20689999890965,0.41442302058014274
dma_hardened2,xilinx_u280_xdma_201920_3,3,2,6,12,256,Send/recv,164.1483000014432,0.5988730921924608,252.16569999884084,0.38983890354815065
dma_hardened2,xilinx_u280_xdma_201920_3,3,2,6,12,256,Send/recv,161.12400000451998,0.6101139494876138,270.4252000000906,0.36351641784851063
dma_hardened2,xilinx_u280_xdma_201920_3,3,2,6,12,256,Send/recv,172.995599996284,0.5682456663759748,309.11929999888343,0.31801314249985385
dma_hardened2,xilinx_u280_xdma_201920_3,3,2,6,12,256,Send/recv,176.56610000358341,0.5567546658050719,266.02389999652587,0.36953070758410733
dma_hardened2,xilinx_u280_xdma_201920_3,3,2,6,12,256,Send/recv,194.94400000326095,0.5042678923093585,295.7276000017828,0.3324140188450702
dma_hardened2,xilinx_u280_xdma_201920_3,3,2,6,12,256,Send/recv,198.40609999732806,0.4954686373116747,306.36099999696853,0.32087635175813084
dma_hardened2,xilinx_u280_xdma_201920_3,3,2,6,12,256,Send/recv,170.27689999622453,0.5773184736284231,274.1287999981523,0.3586051520331413
dma_hardened2,xilinx_u280_xdma_201920_3,3,2,6,12,256,Send/recv,162.67409999954907,0.6043002543138244,290.5770999973356,0.3383060812462558
dma_hardened2,xilinx_u280_xdma_201920_3,3,2,6,12,256,Send/recv,171.00779999736915,0.5748509717189061,276.0274000024765,0.3561385572559754
dma_hardened2,xilinx_u280_xdma_201920_3,3,2,6,12,256,Send/recv,168.34719999678782,0.5839360559716806,263.8203000003614,0.3726172701640675
dma_hardened2,xilinx_u280_xdma_201920_3,3,2,6,24,256,Send/recv,177.31760000287977,1.1087901031640792,307.12349999930666,0.6401594146994414
dma_hardened2,xilinx_u280_xdma_201920_3,3,2,6,24,256,Send/recv,181.9117999957598,1.0807875025401472,289.5436999949652,0.6790270346183279
dma_hardened2,xilinx_u280_xdma_201920_3,3,2,6,24,256,Send/recv,182.69850000365295,1.0761336299754456,283.27740000122503,0.6940476013940743
dma_hardened2,xilinx_u280_xdma_201920_3,3,2,6,24,256,Send/recv,170.56670000101803,1.1526751704689517,310.65199999602555,0.632888247951133
dma_hardened2,xilinx_u280_xdma_201920_3,3,2,6,24,256,Send/recv,172.22519999791075,1.1415751005217878,313.6607999977059,0.6268172497214761
dma_hardened2,xilinx_u280_xdma_201920_3,3,2,6,24,256,Send/recv,163.00879999562312,1.2061189334887383,277.74839999779033,0.7078636636667003
dma_hardened2,xilinx_u280_xdma_201920_3,3,2,6,24,256,Send/recv,167.62900000344416,1.1728758150198382,294.7946000006141,0.6669321622566711
dma_hardened2,xilinx_u280_xdma_201920_3,3,2,6,24,256,Send/recv,159.0555999996468,1.2360960569790476,291.2799000000632,0.6749796329920372
dma_hardened2,xilinx_u280_xdma_201920_3,3,2,6,24,256,Send/recv,161.13209999844003,1.220166559002852,277.1678999977212,0.7093462121754232
dma_hardened2,xilinx_u280_xdma_201920_3,3,2,6,24,256,Send/recv,149.3200999959754,1.3166881083343713,314.48739999859754,0.6251697206338848
dma_hardened2,xilinx_u280_xdma_201920_3,3,2,6,24,256,Send/recv,183.17530000331317,1.073332485310213,297.68350000267674,0.6604598508087688
dma_hardened2,xilinx_u280_xdma_201920_3,3,2,6,24,256,Send/recv,177.10920000126862,1.1100947889696962,283.125799995787,0.6944192299074319
dma_hardened2,xilinx_u280_xdma_201920_3,3,2,6,24,256,Send/recv,176.70330000214562,1.1126447553475949,285.66369999794006,0.6882498546417265
dma_hardened2,xilinx_u280_xdma_201920_3,3,2,6,24,256,Send/recv,160.7172999968043,1.2233157227249922,285.2107000023807,0.6893430015015526
dma_hardened2,xilinx_u280_xdma_201920_3,3,2,6,24,256,Send/recv,162.9853999986608,1.206292097338875,318.74969999989844,0.616809992291954
dma_hardened2,xilinx_u280_xdma_201920_3,3,2,6,24,256,Send/recv,160.01320000214037,1.2286986323463949,286.1649999999827,0.687044187793797
dma_hardened2,xilinx_u280_xdma_201920_3,3,2,6,24,256,Send/recv,156.16629999612996,1.2589656027252503,295.37420000451675,0.6656234701507225
dma_hardened2,xilinx_u280_xdma_201920_3,3,2,6,24,256,Send/recv,171.6364000003523,1.1454912827325465,278.2177000028696,0.7066696331612695
dma_hardened2,xilinx_u280_xdma_201920_3,3,2,6,24,256,Send/recv,180.97010000133196,1.0864115121699827,286.4650999981677,0.6863244423186543
dma_hardened2,xilinx_u280_xdma_201920_3,3,2,6,24,256,Send/recv,173.94800000261057,1.1302688159510277,306.5425999977833,0.6413725204960802
dma_hardened2,xilinx_u280_xdma_201920_3,3,2,6,48,256,Send/recv,192.55400000020018,2.0421076684960644,305.0466999980017,1.289035416552862
dma_hardened2,xilinx_u280_xdma_201920_3,3,2,6,48,256,Send/recv,165.54000000041924,2.3753533889030094,322.9313000019829,1.2176459822803969
dma_hardened2,xilinx_u280_xdma_201920_3,3,2,6,48,256,Send/recv,170.9223000034399,2.30055411138328,334.23729999526586,1.1764575647468716
dma_hardened2,xilinx_u280_xdma_201920_3,3,2,6,48,256,Send/recv,181.67549999930088,2.164386502316015,328.43650000131674,1.197235995385481
dma_hardened2,xilinx_u280_xdma_201920_3,3,2,6,48,256,Send/recv,183.0148999999892,2.148546375185972,314.66329999716436,1.2496404887495414
dma_hardened2,xilinx_u280_xdma_201920_3,3,2,6,48,256,Send/recv,173.99749999640335,2.2598945387613503,284.31720000412497,1.3830186847446975
dma_hardened2,xilinx_u280_xdma_201920_3,3,2,6,48,256,Send/recv,177.3539999987861,2.2171250719052935,309.6036000044933,1.270062751189887
dma_hardened2,xilinx_u280_xdma_201920_3,3,2,6,48,256,Send/recv,181.38799999860566,2.167817055169155,296.7054000009739,1.325274160829932
dma_hardened2,xilinx_u280_xdma_201920_3,3,2,6,48,256,Send/recv,182.68690000127208,2.15240392166741,347.9572999992797,1.130069695335646
dma_hardened2,xilinx_u280_xdma_201920_3,3,2,6,48,256,Send/recv,191.1665000022822,2.056929430602672,314.4050999992487,1.250666735370831
dma_hardened2,xilinx_u280_xdma_201920_3,3,2,6,48,256,Send/recv,171.69330000115224,2.290223322618653,283.07130000371217,1.3891058542312251
dma_hardened2,xilinx_u280_xdma_201920_3,3,2,6,48,256,Send/recv,176.73539999805143,2.224885337087733,290.6327000005149,1.3529654440099252
dma_hardened2,xilinx_u280_xdma_201920_3,3,2,6,48,256,Send/recv,174.24409999762247,2.2566962095437684,283.537900003239,1.386819892492355
dma_hardened2,xilinx_u280_xdma_201920_3,3,2,6,48,256,Send/recv,165.0290999975823,2.382707049882479,320.21100000179104,1.2279902938930911
dma_hardened2,xilinx_u280_xdma_201920_3,3,2,6,48,256,Send/recv,169.32890000020961,2.3222025301027363,328.1495999999606,1.1982827344602802
dma_hardened2,xilinx_u280_xdma_201920_3,3,2,6,48,256,Send/recv,159.9204000001464,2.4588232645718744,334.0598999955091,1.1770823136966937
dma_hardened2,xilinx_u280_xdma_201920_3,3,2,6,48,256,Send/recv,166.55559999776415,2.360869283322077,320.42560000036246,1.2271678667358512
dma_hardened2,xilinx_u280_xdma_201920_3,3,2,6,48,256,Send/recv,164.98630000114645,2.383325160921044,294.88760000049297,1.3334436578524924
dma_hardened2,xilinx_u280_xdma_201920_3,3,2,6,48,256,Send/recv,165.29399999853922,2.37888852592033,293.7959000007595,1.3383985276819161
dma_hardened2,xilinx_u280_xdma_201920_3,3,2,6,48,256,Send/recv,170.08689999897797,2.3118535290040727,281.7565999976068,1.39558753904377
dma_hardened2,xilinx_u280_xdma_201920_3,3,2,6,96,256,Send/recv,184.07640000077663,4.272313017837605,349.03389999954015,2.253167958759983
dma_hardened2,xilinx_u280_xdma_201920_3,3,2,6,96,256,Send/recv,197.81709999620034,3.9755511531364363,328.51390000132596,2.393907837680006
dma_hardened2,xilinx_u280_xdma_201920_3,3,2,6,96,256,Send/recv,179.4776999986425,4.381781134959654,351.76860000092347,2.2356515049891756
dma_hardened2,xilinx_u280_xdma_201920_3,3,2,6,96,256,Send/recv,187.96470000097543,4.183934536622669,331.3659000014013,2.3733039519053536
dma_hardened2,xilinx_u280_xdma_201920_3,3,2,6,96,256,Send/recv,180.49200000405108,4.357157103818168,343.3325999992576,2.2905835332901696
dma_hardened2,xilinx_u280_xdma_201920_3,3,2,6,96,256,Send/recv,183.32340000029035,4.289861523399383,309.27009999572874,2.542864635187369
dma_hardened2,xilinx_u280_xdma_201920_3,3,2,6,96,256,Send/recv,185.40179999604334,4.2417711155813125,295.0471999952242,2.665444715329376
dma_hardened2,xilinx_u280_xdma_201920_3,3,2,6,96,256,Send/recv,187.26029999811544,4.199672861828772,310.72400000198286,2.530966388161138
dma_hardened2,xilinx_u280_xdma_201920_3,3,2,6,96,256,Send/recv,179.92030000186787,4.371002049195313,333.9709999977458,2.354791284289079
dma_hardened2,xilinx_u280_xdma_201920_3,3,2,6,96,256,Send/recv,176.96660000297015,4.443957221231582,348.1888000010258,2.2586366936492017
dma_hardened2,xilinx_u280_xdma_201920_3,3,2,6,96,256,Send/recv,181.8436999997175,4.324769018674949,338.43410000145013,2.323737472071018
dma_hardened2,xilinx_u280_xdma_201920_3,3,2,6,96,256,Send/recv,211.21329999687077,3.723401888099146,357.58629999804725,2.1992788873743057
dma_hardened2,xilinx_u280_xdma_201920_3,3,2,6,96,256,Send/recv,189.5361999970646,4.149244313287803,335.3438999965874,2.3451507542197816
dma_hardened2,xilinx_u280_xdma_201920_3,3,2,6,96,256,Send/recv,183.0288999997265,4.296764062949486,340.9782999995059,2.3063989702603935
dma_hardened2,xilinx_u280_xdma_201920_3,3,2,6,96,256,Send/recv,192.31360000162567,4.089320776031191,339.21599999757746,2.318381208450121
dma_hardened2,xilinx_u280_xdma_201920_3,3,2,6,96,256,Send/recv,188.50870000051145,4.171860502978729,357.25700000170946,2.2013060625718657
dma_hardened2,xilinx_u280_xdma_201920_3,3,2,6,96,256,Send/recv,178.87799999698473,4.396471338081019,344.37390000334744,2.2836573851629165
dma_hardened2,xilinx_u280_xdma_201920_3,3,2,6,96,256,Send/recv,183.73380000298312,4.2802794041555305,331.73360000091634,2.370673335465047
dma_hardened2,xilinx_u280_xdma_201920_3,3,2,6,96,256,Send/recv,217.44229999853815,3.616738785440032,325.8563999963826,2.4134311924170597
dma_hardened2,xilinx_u280_xdma_201920_3,3,2,6,96,256,Send/recv,181.8061999983911,4.325661061102204,336.3226999965718,2.338325661657736
dma_hardened2,xilinx_u280_xdma_201920_3,3,2,6,192,256,Send/recv,223.59289999940302,7.034498859329609,404.00350000027174,3.893193994603864
dma_hardened2,xilinx_u280_xdma_201920_3,3,2,6,192,256,Send/recv,194.5972999976675,8.082660961991008,365.5774999970163,4.302409201914333
dma_hardened2,xilinx_u280_xdma_201920_3,3,2,6,192,256,Send/recv,210.64359999627413,7.466944165537528,373.9341000027707,4.206259873032028
dma_hardened2,xilinx_u280_xdma_201920_3,3,2,6,192,256,Send/recv,199.68340000104945,7.876788956877405,352.87240000343445,4.457316582381313
dma_hardened2,xilinx_u280_xdma_201920_3,3,2,6,192,256,Send/recv,240.45039999691653,6.541324115161256,453.7857000002532,3.466094237872904
dma_hardened2,xilinx_u280_xdma_201920_3,3,2,6,192,256,Send/recv,219.45589999745607,7.167107377920725,381.15469999979723,4.126576426844105
dma_hardened2,xilinx_u280_xdma_201920_3,3,2,6,192,256,Send/recv,199.61849999958758,7.879349859873956,383.1544999968628,4.105038568026418
dma_hardened2,xilinx_u280_xdma_201920_3,3,2,6,192,256,Send/recv,204.71230000111973,7.683290158878567,362.1240000029502,4.343440368457175
dma_hardened2,xilinx_u280_xdma_201920_3,3,2,6,192,256,Send/recv,202.05740000278638,7.784243487139348,413.4274999955778,3.8044493895950895
dma_hardened2,xilinx_u280_xdma_201920_3,3,2,6,192,256,Send/recv,236.07929999798216,6.662439273640017,408.7386999970022,3.848091702624527
dma_hardened2,xilinx_u280_xdma_201920_3,3,2,6,192,256,Send/recv,209.60489999879428,7.503946711212608,424.0852000009454,3.708839638819024
dma_hardened2,xilinx_u280_xdma_201920_3,3,2,6,192,256,Send/recv,234.81000000060703,6.698454069230159,374.0161999985503,4.20533656030433
dma_hardened2,xilinx_u280_xdma_201920_3,3,2,6,192,256,Send/recv,204.31489999737096,7.698234441150592,395.605300002444,3.9758415774264986
dma_hardened2,xilinx_u280_xdma_201920_3,3,2,6,192,256,Send/recv,216.23050000130206,7.274015460309849,347.25419999972473,4.529431177509867
dma_hardened2,xilinx_u280_xdma_201920_3,3,2,6,192,256,Send/recv,205.08740000195758,7.669237603016991,364.8482999949465,4.311008164274811
dma_hardened2,xilinx_u280_xdma_201920_3,3,2,6,192,256,Send/recv,215.50769999976183,7.298412075307463,370.42609999957676,4.246093890257185
dma_hardened2,xilinx_u280_xdma_201920_3,3,2,6,192,256,Send/recv,242.22769999937555,6.4933283848381285,389.6768999993583,4.036328558358451
dma_hardened2,xilinx_u280_xdma_201920_3,3,2,6,192,256,Send/recv,189.3769999981032,8.305464760851391,344.58019999874523,4.564580321230667
dma_hardened2,xilinx_u280_xdma_201920_3,3,2,6,192,256,Send/recv,205.70089999978336,7.646364211345971,373.3975000045575,4.212304581527198
dma_hardened2,xilinx_u280_xdma_201920_3,3,2,6,192,256,Send/recv,198.08360000297398,7.940404960210666,374.263499998051,4.202557823587368
dma_hardened2,xilinx_u280_xdma_201920_3,3,2,6,384,256,Send/recv,290.10680000283173,10.843344588852432,551.1589000036565,5.70747927680952
dma_hardened2,xilinx_u280_xdma_201920_3,3,2,6,384,256,Send/recv,275.89389999889136,11.401948357729696,521.5907000035713,6.0310277771027385
dma_hardened2,xilinx_u280_xdma_201920_3,3,2,6,384,256,Send/recv,296.7746999956944,10.599717563679244,540.4586999986805,5.820478049493292
dma_hardened2,xilinx_u280_xdma_201920_3,3,2,6,384,256,Send/recv,285.6281999982002,11.013366327343803,568.3488999977726,5.534853678809492
dma_hardened2,xilinx_u280_xdma_201920_3,3,2,6,384,256,Send/recv,294.68899999756104,10.674738453169393,510.8630999984598,6.15767316138019
dma_hardened2,xilinx_u280_xdma_201920_3,3,2,6,384,256,Send/recv,265.22530000079314,11.86058796046453,555.9586999993371,5.658204467352972
dma_hardened2,xilinx_u280_xdma_201920_3,3,2,6,384,256,Send/recv,291.68840000011187,10.784549539847294,494.13560000175494,6.366122983223285
dma_hardened2,xilinx_u280_xdma_201920_3,3,2,6,384,256,Send/recv,262.1816000043964,11.998279055232139,553.1552999968881,5.686880339061557
dma_hardened2,xilinx_u280_xdma_201920_3,3,2,6,384,256,Send/recv,268.2573000015509,11.726532698203602,552.0681000007244,5.698079639080527
dma_hardened2,xilinx_u280_xdma_201920_3,3,2,6,384,256,Send/recv,265.34090000041033,11.855420705948971,557.7136999988852,5.64039936620938
dma_hardened2,xilinx_u280_xdma_201920_3,3,2,6,384,256,Send/recv,274.17090000199096,11.473602778329708,558.1303999974807,5.636188245639728
dma_hardened2,xilinx_u280_xdma_201920_3,3,2,6,384,256,Send/recv,279.3545000031372,11.260702798647142,545.550699996511,5.766151523625793
dma_hardened2,xilinx_u280_xdma_201920_3,3,2,6,384,256,Send/recv,289.5754000007855,10.863243217453784,570.9584999976869,5.509556298772581
dma_hardened2,xilinx_u280_xdma_201920_3,3,2,6,384,256,Send/recv,294.7306999999455,10.673228136738324,547.0369999954983,5.75048488498198
dma_hardened2,xilinx_u280_xdma_201920_3,3,2,6,384,256,Send/recv,297.471799996174,10.574878022187177,541.6576000015993,5.807595056343179
dma_hardened2,xilinx_u280_xdma_201920_3,3,2,6,384,256,Send/recv,284.5390999993924,11.05552101629167,577.6518000004671,5.44571660643567
dma_hardened2,xilinx_u280_xdma_201920_3,3,2,6,384,256,Send/recv,277.8809000005822,11.320418207920763,517.4236000016208,6.079598997784689
dma_hardened2,xilinx_u280_xdma_201920_3,3,2,6,384,256,Send/recv,271.42970000113564,11.589476022656468,566.1404000022685,5.556445009024961
dma_hardened2,xilinx_u280_xdma_201920_3,3,2,6,384,256,Send/recv,265.4198000016095,11.851896505011776,546.5727000000697,5.755369779719328
dma_hardened2,xilinx_u280_xdma_201920_3,3,2,6,384,256,Send/recv,262.93000000237043,11.964127334163617,544.568300000492,5.776553648086307
dma_hardened2,xilinx_u280_xdma_201920_3,3,2,6,768,256,Send/recv,397.38000000397733,15.832341838887286,727.0261000030587,8.653686573251678
dma_hardened2,xilinx_u280_xdma_201920_3,3,2,6,768,256,Send/recv,373.77900000024056,16.832021060562393,693.4593999972094,9.07256574793754
dma_hardened2,xilinx_u280_xdma_201920_3,3,2,6,768,256,Send/recv,381.1119999966195,16.508155083166645,683.286000003136,9.207646578403663
dma_hardened2,xilinx_u280_xdma_201920_3,3,2,6,768,256,Send/recv,332.5287999984994,18.920033392681752,680.1136000035513,9.250595782773862
dma_hardened2,xilinx_u280_xdma_201920_3,3,2,6,768,256,Send/recv,367.55289999632623,17.11714422621311,658.554000000322,9.55343980903149
dma_hardened2,xilinx_u280_xdma_201920_3,3,2,6,768,256,Send/recv,334.521899998208,18.80730678629322,748.2615999947484,8.408096847471734
dma_hardened2,xilinx_u280_xdma_201920_3,3,2,6,768,256,Send/recv,374.5911999999407,16.79552536205067,692.640299996583,9.08329474913752
dma_hardened2,xilinx_u280_xdma_201920_3,3,2,6,768,256,Send/recv,400.8032000001549,15.697120182667126,729.5915000042896,8.623258357537072
dma_hardened2,xilinx_u280_xdma_201920_3,3,2,6,768,256,Send/recv,337.41359999908127,18.646124519038743,682.403199999726,9.219558173236184
dma_hardened2,xilinx_u280_xdma_201920_3,3,2,6,768,256,Send/recv,371.0876000013741,16.95409924766202,668.2640999997602,9.414625145959894
dma_hardened2,xilinx_u280_xdma_201920_3,3,2,6,768,256,Send/recv,326.0057000034067,19.298607355436594,709.3601000008221,8.869199155679476
dma_hardened2,xilinx_u280_xdma_201920_3,3,2,6,768,256,Send/recv,342.9603999961728,18.344555231654176,662.0514000019284,9.50297212570153
dma_hardened2,xilinx_u280_xdma_201920_3,3,2,6,768,256,Send/recv,351.6486999956214,17.89131027664353,698.847600000363,9.002615162442758
dma_hardened2,xilinx_u280_xdma_201920_3,3,2,6,768,256,Send/recv,412.62320000328145,15.24746063708964,686.6543000001002,9.162479576693952
dma_hardened2,xilinx_u280_xdma_201920_3,3,2,6,768,256,Send/recv,356.7325999995319,17.636336011926737,677.3774999999205,9.287961291895197
dma_hardened2,xilinx_u280_xdma_201920_3,3,2,6,768,256,Send/recv,336.2165999988065,18.712508543665997,667.6477000041814,9.423317117636438
dma_hardened2,xilinx_u280_xdma_201920_3,3,2,6,768,256,Send/recv,373.2124999999087,16.857570419001345,690.4797000004237,9.111717549402451
dma_hardened2,xilinx_u280_xdma_201920_3,3,2,6,768,256,Send/recv,344.43359999727363,18.266092506798987,682.1784999999636,9.222594965980804
dma_hardened2,xilinx_u280_xdma_201920_3,3,2,6,768,256,Send/recv,375.7062999966365,16.745676077447527,686.9169999959013,9.15897553858405
dma_hardened2,xilinx_u280_xdma_201920_3,3,2,6,768,256,Send/recv,376.2402999996084,16.72190884391318,674.057100002301,9.333713716506395
dma_hardened2,xilinx_u280_xdma_201920_3,3,2,6,1536,256,Send/recv,509.73140000110106,24.68537743598456,984.1826000013044,12.785139668170645
dma_hardened2,xilinx_u280_xdma_201920_3,3,2,6,1536,256,Send/recv,505.1492000006874,24.909298084571603,968.7622000001284,12.988648813917733
dma_hardened2,xilinx_u280_xdma_201920_3,3,2,6,1536,256,Send/recv,515.6317000000854,24.402906182839256,944.9087999996664,13.316535945060986
dma_hardened2,xilinx_u280_xdma_201920_3,3,2,6,1536,256,Send/recv,528.8253999992776,23.794076457025685,921.174699999483,13.659636983090246
dma_hardened2,xilinx_u280_xdma_201920_3,3,2,6,1536,256,Send/recv,527.9975999997077,23.831381051745243,1000.170499997921,12.580766979256193
dma_hardened2,xilinx_u280_xdma_201920_3,3,2,6,1536,256,Send/recv,525.8372000014333,23.929292183903502,966.2144000003536,13.022898437443486
dma_hardened2,xilinx_u280_xdma_201920_3,3,2,6,1536,256,Send/recv,551.2592999991739,22.825759130084258,939.7013000011611,13.390331587265498
dma_hardened2,xilinx_u280_xdma_201920_3,3,2,6,1536,256,Send/recv,516.6006000024481,24.357137796472497,919.9394000006578,13.677979223404284
dma_hardened2,xilinx_u280_xdma_201920_3,3,2,6,1536,256,Send/recv,500.51769999868156,25.139794257092497,976.0281000012583,12.891956696721927
dma_hardened2,xilinx_u280_xdma_201920_3,3,2,6,1536,256,Send/recv,524.0020000030654,24.01309918650385,992.6072999974166,12.676626496735164
dma_hardened2,xilinx_u280_xdma_201920_3,3,2,6,1536,256,Send/recv,502.3977999996987,25.04571477026282,976.5124000011838,12.88556294828898
dma_hardened2,xilinx_u280_xdma_201920_3,3,2,6,1536,256,Send/recv,524.7632000020985,23.97826676861045,950.9390000005169,13.232091648353007
dma_hardened2,xilinx_u280_xdma_201920_3,3,2,6,1536,256,Send/recv,493.5275000036654,25.495868011218317,1009.9861000014698,12.458500171419873
dma_hardened2,xilinx_u280_xdma_201920_3,3,2,6,1536,256,Send/recv,541.2909000028776,23.246117752825896,982.3476999997638,12.809020675676265
dma_hardened2,xilinx_u280_xdma_201920_3,3,2,6,1536,256,Send/recv,526.3289000026816,23.906937278070593,955.5782999996154,13.167850295475592
dma_hardened2,xilinx_u280_xdma_201920_3,3,2,6,1536,256,Send/recv,557.4206999995113,22.573456636990755,997.2134000008737,12.618073523670034
dma_hardened2,xilinx_u280_xdma_201920_3,3,2,6,1536,256,Send/recv,483.8789000018551,26.00425850342257,964.1552999994474,13.05071081391889
dma_hardened2,xilinx_u280_xdma_201920_3,3,2,6,1536,256,Send/recv,487.4288999985765,25.81486653753347,981.1498000033224,12.824659394475127
dma_hardened2,xilinx_u280_xdma_201920_3,3,2,6,1536,256,Send/recv,540.3155999999854,23.288078300904772,926.9270999993751,13.574866890835843
dma_hardened2,xilinx_u280_xdma_201920_3,3,2,6,1536,256,Send/recv,505.0533000030555,24.914027885618953,1024.9419000047055,12.27670758697857
dma_hardened2,xilinx_u280_xdma_201920_3,3,2,6,3072,256,Send/recv,748.7943999990421,33.60845647354226,1628.4622000000581,15.453735432114483
dma_hardened2,xilinx_u280_xdma_201920_3,3,2,6,3072,256,Send/recv,722.6387000002887,34.82490489367639,1639.2805000009503,15.351749746297484
dma_hardened2,xilinx_u280_xdma_201920_3,3,2,6,3072,256,Send/recv,755.3405999999541,33.31718697499053,1621.5884000018832,15.51924273753486
dma_hardened2,xilinx_u280_xdma_201920_3,3,2,6,3072,256,Send/recv,784.2765999953372,32.08794448304287,1616.3472000016554,15.569565746749353
dma_hardened2,xilinx_u280_xdma_201920_3,3,2,6,3072,256,Send/recv,767.332999998871,32.79648340425477,1606.4171999971677,15.665808359151265
dma_hardened2,xilinx_u280_xdma_201920_3,3,2,6,3072,256,Send/recv,740.354900000284,33.991568097935655,1590.183299998671,15.825737825331856
dma_hardened2,xilinx_u280_xdma_201920_3,3,2,6,3072,256,Send/recv,795.2458000033857,31.645340346208503,1574.1499999990083,15.986928818737638
dma_hardened2,xilinx_u280_xdma_201920_3,3,2,6,3072,256,Send/recv,754.2833000002247,33.3638886078911,1558.4439999997812,16.148045101398274
dma_hardened2,xilinx_u280_xdma_201920_3,3,2,6,3072,256,Send/recv,766.6756999981317,32.82460106673699,1576.9428999988122,15.958614608061557
dma_hardened2,xilinx_u280_xdma_201920_3,3,2,6,3072,256,Send/recv,766.0514000008334,32.851351749990435,1590.1046999999835,15.826520102733022
dma_hardened2,xilinx_u280_xdma_201920_3,3,2,6,3072,256,Send/recv,753.0264000024545,33.41957732148298,1610.8218999988821,15.6229711056309
dma_hardened2,xilinx_u280_xdma_201920_3,3,2,6,3072,256,Send/recv,752.7050000021518,33.43384725746216,1618.0329000007987,15.553345052494036
dma_hardened2,xilinx_u280_xdma_201920_3,3,2,6,3072,256,Send/recv,755.1760000012564,33.32444887014171,1643.0256999967696,15.31675615302273
dma_hardened2,xilinx_u280_xdma_201920_3,3,2,6,3072,256,Send/recv,780.2032000029158,32.25547395845845,1638.734199997316,15.356867513988064
dma_hardened2,xilinx_u280_xdma_201920_3,3,2,6,3072,256,Send/recv,761.4359999990938,33.05047830681758,1661.7438999958267,15.144225292515411
dma_hardened2,xilinx_u280_xdma_201920_3,3,2,6,3072,256,Send/recv,771.589400000039,32.615564703194124,1640.7831000037731,15.337690886712648
dma_hardened2,xilinx_u280_xdma_201920_3,3,2,6,3072,256,Send/recv,760.0292000006448,33.11165413115529,1590.5547999977898,15.822041466307837
dma_hardened2,xilinx_u280_xdma_201920_3,3,2,6,3072,256,Send/recv,745.2494999995452,33.76832054233563,1641.7290999982015,15.328852975821388
dma_hardened2,xilinx_u280_xdma_201920_3,3,2,6,3072,256,Send/recv,753.0543000029866,33.41833915549011,1689.576900002976,14.894749093666984
dma_hardened2,xilinx_u280_xdma_201920_3,3,2,6,3072,256,Send/recv,742.7953999979309,33.87988670913969,1652.705099996865,15.22705048834649
dma_hardened2,xilinx_u280_xdma_201920_3,3,2,6,6144,256,Send/recv,1210.7579999963036,41.57036170742102,2789.7703000007823,18.041502556674967
dma_hardened2,xilinx_u280_xdma_201920_3,3,2,6,6144,256,Send/recv,1215.9199999985049,41.39388117644409,2894.7635999998056,17.38713586145804
dma_hardened2,xilinx_u280_xdma_201920_3,3,2,6,6144,256,Send/recv,1261.2332000003335,39.90669449550384,2907.2255000016867,17.31260543771744
dma_hardened2,xilinx_u280_xdma_201920_3,3,2,6,6144,256,Send/recv,1227.808499999128,40.993076689105635,2820.203499999252,17.84681424585614
dma_hardened2,xilinx_u280_xdma_201920_3,3,2,6,6144,256,Send/recv,1192.1476999987135,42.21930554414886,2854.224999998678,17.63408560993731
dma_hardened2,xilinx_u280_xdma_201920_3,3,2,6,6144,256,Send/recv,1184.3442999975196,42.49747982922315,2869.7307000015826,17.538805296250356
dma_hardened2,xilinx_u280_xdma_201920_3,3,2,6,6144,256,Send/recv,1202.3856999974214,41.85981919121954,2864.9787999995624,17.567895441323227
dma_hardened2,xilinx_u280_xdma_201920_3,3,2,6,6144,256,Send/recv,1235.705900000994,40.73108981672703,2829.47999999692,17.7883031511284
dma_hardened2,xilinx_u280_xdma_201920_3,3,2,6,6144,256,Send/recv,1209.0731999990112,41.628288510605614,2791.8182999997043,18.02826781384925
dma_hardened2,xilinx_u280_xdma_201920_3,3,2,6,6144,256,Send/recv,1197.884499998736,42.01711266825233,2778.491099996927,18.114741486865178
dma_hardened2,xilinx_u280_xdma_201920_3,3,2,6,6144,256,Send/recv,1238.2999000010386,40.64576602158959,2816.605900000013,17.86960966033614
dma_hardened2,xilinx_u280_xdma_201920_3,3,2,6,6144,256,Send/recv,1212.0460999994975,41.526182873754436,2805.0435000011475,17.94326825946885
dma_hardened2,xilinx_u280_xdma_201920_3,3,2,6,6144,256,Send/recv,1161.1979000008432,43.34459096073413,2794.888099998616,18.00846624236045
dma_hardened2,xilinx_u280_xdma_201920_3,3,2,6,6144,256,Send/recv,1202.9965000010634,41.83856561507495,2813.294199995653,17.890645066583428
dma_hardened2,xilinx_u280_xdma_201920_3,3,2,6,6144,256,Send/recv,1172.9209000009178,42.91137450100908,2814.499400000159,17.8829840930139
dma_hardened2,xilinx_u280_xdma_201920_3,3,2,6,6144,256,Send/recv,1189.3611000004967,42.31822278362642,2746.05930000007,18.32868212277816
dma_hardened2,xilinx_u280_xdma_201920_3,3,2,6,6144,256,Send/recv,1160.3044000025875,43.377968746725216,2833.714999997028,17.76171845088613
dma_hardened2,xilinx_u280_xdma_201920_3,3,2,6,6144,256,Send/recv,1129.6221000009155,44.55618210723676,2726.4228999968054,18.460690012565173
dma_hardened2,xilinx_u280_xdma_201920_3,3,2,6,6144,256,Send/recv,1190.7735000022512,42.268028302531796,2827.236000001676,17.8024218706787
dma_hardened2,xilinx_u280_xdma_201920_3,3,2,6,6144,256,Send/recv,1184.1465000031803,42.50457861410292,2836.9940999994014,17.741188816716477
dma_hardened2,xilinx_u280_xdma_201920_3,3,2,6,12288,256,Send/recv,2275.817599996799,44.231706442617195,4836.579099998062,20.81291216761871
dma_hardened2,xilinx_u280_xdma_201920_3,3,2,6,12288,256,Send/recv,2291.555499999731,43.92793279499964,4837.570199998709,20.808648110166313
dma_hardened2,xilinx_u280_xdma_201920_3,3,2,6,12288,256,Send/recv,2243.5211000015443,44.868441843462364,4893.404199998486,20.571220337782673
dma_hardened2,xilinx_u280_xdma_201920_3,3,2,6,12288,256,Send/recv,2273.848099997622,44.27001786095794,4890.763899999229,20.582325799864492
dma_hardened2,xilinx_u280_xdma_201920_3,3,2,6,12288,256,Send/recv,2230.4698000027656,45.13098361604142,4884.096099999624,20.610424925915716
dma_hardened2,xilinx_u280_xdma_201920_3,3,2,6,12288,256,Send/recv,2251.948100001755,44.70053994580139,4942.642700001443,20.36629028433931
dma_hardened2,xilinx_u280_xdma_201920_3,3,2,6,12288,256,Send/recv,2268.407499997238,44.376196075935454,4904.931400000123,20.522875406574997
dma_hardened2,xilinx_u280_xdma_201920_3,3,2,6,12288,256,Send/recv,2311.182899995856,43.55488092274328,4900.649699999349,20.54080625269204
dma_hardened2,xilinx_u280_xdma_201920_3,3,2,6,12288,256,Send/recv,2285.8822999978656,44.03695500861702,4884.383799998204,20.609210930565492
dma_hardened2,xilinx_u280_xdma_201920_3,3,2,6,12288,256,Send/recv,2263.7725000038245,44.467054882869164,4890.161400004445,20.584861677552915
dma_hardened2,xilinx_u280_xdma_201920_3,3,2,6,12288,256,Send/recv,2272.6532000035604,44.293293846963664,4951.152899997169,20.331284053065207
dma_hardened2,xilinx_u280_xdma_201920_3,3,2,6,12288,256,Send/recv,2296.7878999963887,43.8278588981413,4901.886100003594,20.535625256557104
dma_hardened2,xilinx_u280_xdma_201920_3,3,2,6,12288,256,Send/recv,2268.39520000226,44.376436698464055,4866.3400999998885,20.685626966352455
dma_hardened2,xilinx_u280_xdma_201920_3,3,2,6,12288,256,Send/recv,2238.7852999997904,44.963354011664016,4887.181099996951,20.597414734654052
dma_hardened2,xilinx_u280_xdma_201920_3,3,2,6,12288,256,Send/recv,2288.9683000016703,43.97758413689108,4947.768199997427,20.34519240413331
dma_hardened2,xilinx_u280_xdma_201920_3,3,2,6,12288,256,Send/recv,2231.7089000011947,45.105925777302815,4901.32459999586,20.53797783564162
dma_hardened2,xilinx_u280_xdma_201920_3,3,2,6,12288,256,Send/recv,2283.376299999418,44.085285460843956,4885.7723000026,20.603353946713078
dma_hardened2,xilinx_u280_xdma_201920_3,3,2,6,12288,256,Send/recv,2298.3187000022554,43.79866726050709,4975.386499995693,20.232256529233887
dma_hardened2,xilinx_u280_xdma_201920_3,3,2,6,12288,256,Send/recv,2328.467800003864,43.23156025599021,4857.597099999111,20.722858221407126
dma_hardened2,xilinx_u280_xdma_201920_3,3,2,6,12288,256,Send/recv,2254.606900004319,44.647825747276464,4867.630600000439,20.68014281938135
dma_hardened2,xilinx_u280_xdma_201920_3,3,2,6,24576,256,Send/recv,3899.513300001445,51.62864606717085,8534.988000002386,23.588386064508082
dma_hardened2,xilinx_u280_xdma_201920_3,3,2,6,24576,256,Send/recv,3893.155899999101,51.71295400732513,8780.274499997631,22.929418892319863
dma_hardened2,xilinx_u280_xdma_201920_3,3,2,6,24576,256,Send/recv,3908.7900000026825,51.50611621495701,8706.56540000141,23.123537554770728
dma_hardened2,xilinx_u280_xdma_201920_3,3,2,6,24576,256,Send/recv,3910.099300003367,51.4888693491305,8645.276300001115,23.28746763130914
dma_hardened2,xilinx_u280_xdma_201920_3,3,2,6,24576,256,Send/recv,3931.3212000024578,51.21092420529621,8595.40129999914,23.422593660638064
dma_hardened2,xilinx_u280_xdma_201920_3,3,2,6,24576,256,Send/recv,3888.327700002492,51.77716682672373,8597.401399998716,23.417144626983458
dma_hardened2,xilinx_u280_xdma_201920_3,3,2,6,24576,256,Send/recv,3900.88080000055,51.610547033370416,8581.970799997407,23.459249243782185
dma_hardened2,xilinx_u280_xdma_201920_3,3,2,6,24576,256,Send/recv,3911.434100001543,51.47129846823204,8625.740900004075,23.340208607460593
dma_hardened2,xilinx_u280_xdma_201920_3,3,2,6,24576,256,Send/recv,3887.858600000982,51.78341413958552,8610.13360000129,23.382516619715382
dma_hardened2,xilinx_u280_xdma_201920_3,3,2,6,24576,256,Send/recv,3895.501400000967,51.68181739068301,8629.254099997752,23.330706184680835
dma_hardened2,xilinx_u280_xdma_201920_3,3,2,6,24576,256,Send/recv,3857.0543000048474,52.19698151507667,8579.855000004954,23.465034315834444
dma_hardened2,xilinx_u280_xdma_201920_3,3,2,6,24576,256,Send/recv,3932.74950000091,51.19232536930039,8557.0381000025,23.527602617539024
dma_hardened2,xilinx_u280_xdma_201920_3,3,2,6,24576,256,Send/recv,3909.7042999969744,51.494071303590864,8603.69739999669,23.400008466136597
dma_hardened2,xilinx_u280_xdma_201920_3,3,2,6,24576,256,Send/recv,3903.4386000025734,51.57672827231541,8634.306499999411,23.317054125888827
dma_hardened2,xilinx_u280_xdma_201920_3,3,2,6,24576,256,Send/recv,3926.363900001206,51.27558146098943,8599.25010000211,23.412110318776588
dma_hardened2,xilinx_u280_xdma_201920_3,3,2,6,24576,256,Send/recv,3882.3680000007244,51.856648313596864,8578.667500000847,23.468282457617118
dma_hardened2,xilinx_u280_xdma_201920_3,3,2,6,24576,256,Send/recv,3878.023800001529,51.91473863567332,8548.508400002675,23.55107845480236
dma_hardened2,xilinx_u280_xdma_201920_3,3,2,6,24576,256,Send/recv,3889.9613000012323,51.75542286241671,8599.55619999937,23.411276967992226
dma_hardened2,xilinx_u280_xdma_201920_3,3,2,6,24576,256,Send/recv,3871.9707000041126,51.99589759286819,8534.739599997465,23.589072594559276
dma_hardened2,xilinx_u280_xdma_201920_3,3,2,6,24576,256,Send/recv,3855.036600003814,52.22430106105888,8566.327599999113,23.502088806412313
experiment,board_instance,number of nodes,rank id,number of banks,buffer size[KB],segment_size[KB],collective name,execution_time[us],throughput[Gbps],execution_time_fullpath[us],throughput_fullpath[Gbps]
dma_hardened2,xilinx_u280_xdma_201920_3,3,2,6,1,256,Broadcast,177.7700999980425,0.09216398033291544,340.53050000011353,0.04811316460638486
dma_hardened2,xilinx_u280_xdma_201920_3,3,2,6,1,256,Broadcast,177.08500000139793,0.09252054098241333,332.2714000034921,0.04930908889488475
dma_hardened2,xilinx_u280_xdma_201920_3,3,2,6,1,256,Broadcast,182.7938999952039,0.08963099972389604,326.4198000010765,0.05019303363321087
dma_hardened2,xilinx_u280_xdma_201920_3,3,2,6,1,256,Broadcast,178.69509999854927,0.09168690132036644,329.27710000194566,0.049757483893970125
dma_hardened2,xilinx_u280_xdma_201920_3,3,2,6,1,256,Broadcast,178.76389999855746,0.09165161422486426,309.6295999966969,0.05291483760007048
dma_hardened2,xilinx_u280_xdma_201920_3,3,2,6,1,256,Broadcast,180.24219999688285,0.09089991134308918,318.72490000068865,0.0514048321921651
dma_hardened2,xilinx_u280_xdma_201920_3,3,2,6,1,256,Broadcast,172.70150000285867,0.09486889227788295,340.300999999954,0.04814561226679385
dma_hardened2,xilinx_u280_xdma_201920_3,3,2,6,1,256,Broadcast,177.94629999912104,0.09207272081566702,305.81210000377723,0.05357538174518808
dma_hardened2,xilinx_u280_xdma_201920_3,3,2,6,1,256,Broadcast,185.39069999974345,0.08837552261263738,313.49239999940437,0.05226282997620079
dma_hardened2,xilinx_u280_xdma_201920_3,3,2,6,1,256,Broadcast,178.65490000303907,0.09170753222957385,383.1793000017569,0.04275805086528651
dma_hardened2,xilinx_u280_xdma_201920_3,3,2,6,1,256,Broadcast,174.17550000118354,0.09406604258284701,315.52670000110083,0.05192587505254813
dma_hardened2,xilinx_u280_xdma_201920_3,3,2,6,1,256,Broadcast,178.47319999759748,0.09180089783911843,324.1396000021268,0.050546122719632214
dma_hardened2,xilinx_u280_xdma_201920_3,3,2,6,1,256,Broadcast,170.53920000194012,0.0960717535898703,310.08039999846915,0.052837909136084986
dma_hardened2,xilinx_u280_xdma_201920_3,3,2,6,1,256,Broadcast,180.9472999980244,0.09054570032367923,372.8079999973488,0.04394755477381524
dma_hardened2,xilinx_u280_xdma_201920_3,3,2,6,1,256,Broadcast,176.68669999579834,0.09272910751284401,310.35029999770813,0.05279195799108618
dma_hardened2,xilinx_u280_xdma_201920_3,3,2,6,1,256,Broadcast,174.11839999681433,0.09409689039354693,296.3924000027873,0.05527807055729472
dma_hardened2,xilinx_u280_xdma_201920_3,3,2,6,1,256,Broadcast,175.50720000372166,0.09335229551638095,329.74929999909364,0.049686231327996856
dma_hardened2,xilinx_u280_xdma_201920_3,3,2,6,1,256,Broadcast,178.2207000019298,0.0919309597584489,334.4202999983281,0.04899224120091367
dma_hardened2,xilinx_u280_xdma_201920_3,3,2,6,1,256,Broadcast,176.67660000029173,0.09273440851800945,374.1539999964516,0.04378945567909305
dma_hardened2,xilinx_u280_xdma_201920_3,3,2,6,1,256,Broadcast,158.53410000090662,0.10334685092927202,311.64079999825844,0.052573347264195054
dma_hardened2,xilinx_u280_xdma_201920_3,3,2,6,6,256,Broadcast,178.83820000292872,0.54968122022247,337.16819999654035,0.29155774477251617
dma_hardened2,xilinx_u280_xdma_201920_3,3,2,6,6,256,Broadcast,179.51880000168785,0.5475972432919324,289.1601999976956,0.3399637986167647
dma_hardened2,xilinx_u280_xdma_201920_3,3,2,6,6,256,Broadcast,178.118399998084,0.5519025547111216,340.07010000323135,0.2890698123682909
dma_hardened2,xilinx_u280_xdma_201920_3,3,2,6,6,256,Broadcast,177.3345000003701,0.5543422176722231,328.82600000334605,0.2989544622353454
dma_hardened2,xilinx_u280_xdma_201920_3,3,2,6,6,256,Broadcast,172.84520000089287,0.5687401212153546,313.2721999975274,0.31379739408979124
dma_hardened2,xilinx_u280_xdma_201920_3,3,2,6,6,256,Broadcast,176.81749999951535,0.5559630692678578,313.96530000051825,0.3131046647506515
dma_hardened2,xilinx_u280_xdma_201920_3,3,2,6,6,256,Broadcast,184.38380000134202,0.5331487907250231,345.91019999652417,0.28418936475706064
dma_hardened2,xilinx_u280_xdma_201920_3,3,2,6,6,256,Broadcast,174.69100000084836,0.5627307646044879,316.49000000015803,0.31060697020427475
dma_hardened2,xilinx_u280_xdma_201920_3,3,2,6,6,256,Broadcast,178.73580000014044,0.5499961395530316,312.77420000037637,0.31429702321956765
dma_hardened2,xilinx_u280_xdma_201920_3,3,2,6,6,256,Broadcast,174.8564000024544,0.5621984668483403,324.1463999984262,0.30327037412871866
dma_hardened2,xilinx_u280_xdma_201920_3,3,2,6,6,256,Broadcast,169.8481999994783,0.5787756361286251,359.6546999972361,0.27332883457592927
dma_hardened2,xilinx_u280_xdma_201920_3,3,2,6,6,256,Broadcast,178.60659999655581,0.5503939944094768,380.3731000004973,0.25844098859743625
dma_hardened2,xilinx_u280_xdma_201920_3,3,2,6,6,256,Broadcast,194.94030000259954,0.5042774634013034,361.3211000015326,0.272068251756078
dma_hardened2,xilinx_u280_xdma_201920_3,3,2,6,6,256,Broadcast,177.9150999993817,0.5525332026362104,340.34340000062,0.2888376857016205
dma_hardened2,xilinx_u280_xdma_201920_3,3,2,6,6,256,Broadcast,188.40689999706228,0.5217643302954021,352.42849999690407,0.2789331736816505
dma_hardened2,xilinx_u280_xdma_201920_3,3,2,6,6,256,Broadcast,179.45670000472091,0.5477867362846522,309.5298999994611,0.31759128924272306
dma_hardened2,xilinx_u280_xdma_201920_3,3,2,6,6,256,Broadcast,174.10599999720944,0.5646215523966757,303.0926000008094,0.3243365228967566
dma_hardened2,xilinx_u280_xdma_201920_3,3,2,6,6,256,Broadcast,182.13370000239593,0.5397353702181795,328.94949999899836,0.29884222350330164
dma_hardened2,xilinx_u280_xdma_201920_3,3,2,6,6,256,Broadcast,182.29160000373668,0.5392678543497612,334.43689999899107,0.29393885662825053
dma_hardened2,xilinx_u280_xdma_201920_3,3,2,6,6,256,Broadcast,180.23389999939354,0.5454245843891231,352.96560000119825,0.27850872719513253
dma_hardened2,xilinx_u280_xdma_201920_3,3,2,6,12,256,Broadcast,179.7862999978861,1.0935649713148983,355.76349999928425,0.5526367938262231
dma_hardened2,xilinx_u280_xdma_201920_3,3,2,6,12,256,Broadcast,198.1400999966354,0.9922675924930824,313.68580000048496,0.6267672938963001
dma_hardened2,xilinx_u280_xdma_201920_3,3,2,6,12,256,Broadcast,182.86130000433332,1.0751755565302277,314.02230000026066,0.626095662632357
dma_hardened2,xilinx_u280_xdma_201920_3,3,2,6,12,256,Broadcast,192.91540000381247,1.0191410327849129,404.6541000036541,0.48586681810026044
dma_hardened2,xilinx_u280_xdma_201920_3,3,2,6,12,256,Broadcast,189.87079999988055,1.0354830758606572,329.127600002721,0.5973610235008385
dma_hardened2,xilinx_u280_xdma_201920_3,3,2,6,12,256,Broadcast,179.7563000025093,1.0937474792107729,329.24079999929745,0.5971556380631425
dma_hardened2,xilinx_u280_xdma_201920_3,3,2,6,12,256,Broadcast,194.74459999742066,1.0095684296386345,342.48559999809913,0.5740620919568332
dma_hardened2,xilinx_u280_xdma_201920_3,3,2,6,12,256,Broadcast,176.0826999998244,1.116566249837128,356.33549999829484,0.5517496853413169
dma_hardened2,xilinx_u280_xdma_201920_3,3,2,6,12,256,Broadcast,181.8605000039497,1.0810923757260646,335.990500002481,0.5851594018240046
dma_hardened2,xilinx_u280_xdma_201920_3,3,2,6,12,256,Broadcast,186.07790000260138,1.0565897400887017,293.1117000002814,0.6707613513886045
dma_hardened2,xilinx_u280_xdma_201920_3,3,2,6,12,256,Broadcast,184.69720000098278,1.0644882542829768,450.2349000006234,0.4366787203740265
dma_hardened2,xilinx_u280_xdma_201920_3,3,2,6,12,256,Broadcast,199.42779999837512,0.9858605470330711,315.30879999763783,0.6235411127170345
dma_hardened2,xilinx_u280_xdma_201920_3,3,2,6,12,256,Broadcast,174.63759999714057,1.1258056684426443,338.5287000014614,0.5807720290750865
dma_hardened2,xilinx_u280_xdma_201920_3,3,2,6,12,256,Broadcast,184.66460000468032,1.0646761750493432,363.37949999847297,0.5410541871537228
dma_hardened2,xilinx_u280_xdma_201920_3,3,2,6,12,256,Broadcast,173.21249999895372,1.1350681965862026,415.3394000013577,0.47336708243753733
dma_hardened2,xilinx_u280_xdma_201920_3,3,2,6,12,256,Broadcast,183.43500000241875,1.0718129037392403,313.701699997182,0.6267355261439965
dma_hardened2,xilinx_u280_xdma_201920_3,3,2,6,12,256,Broadcast,180.63719999759087,1.088413682246083,307.5467999963166,0.6392783147226851
dma_hardened2,xilinx_u280_xdma_201920_3,3,2,6,12,256,Broadcast,183.26599999909376,1.0728012833857465,315.51400000466856,0.6231355819300914
dma_hardened2,xilinx_u280_xdma_201920_3,3,2,6,12,256,Broadcast,183.57179999952677,1.0710141753826397,321.0878999993838,0.6123183090997116
dma_hardened2,xilinx_u280_xdma_201920_3,3,2,6,12,256,Broadcast,177.95740000110527,1.1048037339204715,342.13019999924654,0.5746584195152401
dma_hardened2,xilinx_u280_xdma_201920_3,3,2,6,24,256,Broadcast,181.23030000083418,2.169703410512426,362.8375000005235,1.083724807935874
dma_hardened2,xilinx_u280_xdma_201920_3,3,2,6,24,256,Broadcast,202.96380000104364,1.9373701122957792,323.5195999991447,1.2154317698248873
dma_hardened2,xilinx_u280_xdma_201920_3,3,2,6,24,256,Broadcast,179.15739999807556,2.194807470996028,342.7963000035561,1.14708355952477
dma_hardened2,xilinx_u280_xdma_201920_3,3,2,6,24,256,Broadcast,172.2824000012224,2.2823921654052297,340.11500000019623,1.1561266042361353
dma_hardened2,xilinx_u280_xdma_201920_3,3,2,6,24,256,Broadcast,170.92920000436607,2.300461243543854,349.5487000009234,1.1249247958838389
dma_hardened2,xilinx_u280_xdma_201920_3,3,2,6,24,256,Broadcast,184.37429999949018,2.1327050462081067,333.720200001153,1.178280487661944
dma_hardened2,xilinx_u280_xdma_201920_3,3,2,6,24,256,Broadcast,175.53979999433977,2.240039011168289,374.9804999984008,1.048630528791969
dma_hardened2,xilinx_u280_xdma_201920_3,3,2,6,24,256,Broadcast,189.46669999877486,2.0753831676096257,325.59539999965637,1.2076829095264092
dma_hardened2,xilinx_u280_xdma_201920_3,3,2,6,24,256,Broadcast,184.53560000466496,2.130840878345748,369.52599999722224,1.0641091560619709
dma_hardened2,xilinx_u280_xdma_201920_3,3,2,6,24,256,Broadcast,183.9296000014201,2.137861442622416,319.3167999995694,1.231429101132575
dma_hardened2,xilinx_u280_xdma_201920_3,3,2,6,24,256,Broadcast,177.01960000522377,2.221313346027199,356.0746999994535,1.1043076073661047
dma_hardened2,xilinx_u280_xdma_201920_3,3,2,6,24,256,Broadcast,177.86480000268057,2.210757834006919,362.3795999999402,1.0850941940442147
dma_hardened2,xilinx_u280_xdma_201920_3,3,2,6,24,256,Broadcast,175.7123999993837,2.2378386499836047,323.95270000051823,1.2138068304396628
dma_hardened2,xilinx_u280_xdma_201920_3,3,2,6,24,256,Broadcast,176.99819999847932,2.2215819144114364,319.5394999977452,1.2305708683989762
dma_hardened2,xilinx_u280_xdma_201920_3,3,2,6,24,256,Broadcast,185.0493999995706,2.1249244796303715,348.5675000035826,1.1280914026579025
dma_hardened2,xilinx_u280_xdma_201920_3,3,2,6,24,256,Broadcast,183.47470000321664,2.1431619727030826,347.81350000230304,1.130536911296992
dma_hardened2,xilinx_u280_xdma_201920_3,3,2,6,24,256,Broadcast,186.22289999825625,2.1115340809518166,356.78290000191737,1.1021156002652785
dma_hardened2,xilinx_u280_xdma_201920_3,3,2,6,24,256,Broadcast,177.78310000267084,2.2117737849890835,378.3052000017051,1.0394147370911837
dma_hardened2,xilinx_u280_xdma_201920_3,3,2,6,24,256,Broadcast,181.45320000257925,2.1670381122758413,394.9587999954929,0.9955873878604229
dma_hardened2,xilinx_u280_xdma_201920_3,3,2,6,24,256,Broadcast,187.4368000017057,2.097859118361078,334.52579999675436,1.1754429703293887
dma_hardened2,xilinx_u280_xdma_201920_3,3,2,6,48,256,Broadcast,191.220700003214,4.1126928203211355,351.05790000216075,2.240177474983926
dma_hardened2,xilinx_u280_xdma_201920_3,3,2,6,48,256,Broadcast,200.95400000172958,3.913492640073008,321.27350000337174,2.447858288939942
dma_hardened2,xilinx_u280_xdma_201920_3,3,2,6,48,256,Broadcast,196.24109999654138,4.0074785557860215,381.1299999995299,2.063421929527904
dma_hardened2,xilinx_u280_xdma_201920_3,3,2,6,48,256,Broadcast,195.8425999987412,4.015632962414995,331.2472999994043,2.374153691219262
dma_hardened2,xilinx_u280_xdma_201920_3,3,2,6,48,256,Broadcast,196.0531000008814,4.011321422596554,376.1117000010472,2.09095329924012
dma_hardened2,xilinx_u280_xdma_201920_3,3,2,6,48,256,Broadcast,193.68480000139243,4.060370251017871,341.28899999927853,2.3042992888773517
dma_hardened2,xilinx_u280_xdma_201920_3,3,2,6,48,256,Broadcast,205.21899999721427,3.83215979032485,381.51690000063354,2.0613293932685393
dma_hardened2,xilinx_u280_xdma_201920_3,3,2,6,48,256,Broadcast,184.20119999973394,4.269418440276914,355.658000000858,2.21120289715992
dma_hardened2,xilinx_u280_xdma_201920_3,3,2,6,48,256,Broadcast,189.53750000036962,4.149215854374287,368.0263999967792,2.13689017963625
dma_hardened2,xilinx_u280_xdma_201920_3,3,2,6,48,256,Broadcast,200.37840000100005,3.924734402490863,340.5563000001166,2.309256942243414
dma_hardened2,xilinx_u280_xdma_201920_3,3,2,6,48,256,Broadcast,182.9838999981348,4.297820737278068,343.9017000005151,2.2867929992751477
dma_hardened2,xilinx_u280_xdma_201920_3,3,2,6,48,256,Broadcast,192.50650000230962,4.085223096313967,345.32529999751205,2.2773657186590905
dma_hardened2,xilinx_u280_xdma_201920_3,3,2,6,48,256,Broadcast,204.38390000094842,3.8478177586216464,335.6633000009879,2.342919228875142
dma_hardened2,xilinx_u280_xdma_201920_3,3,2,6,48,256,Broadcast,186.42499999828033,4.218490009426067,371.1678000001939,2.1188044868105185
dma_hardened2,xilinx_u280_xdma_201920_3,3,2,6,48,256,Broadcast,193.96270000129334,4.0545527567658946,352.71079999574795,2.2296793860848054
dma_hardened2,xilinx_u280_xdma_201920_3,3,2,6,48,256,Broadcast,189.61079999826325,4.147611844932902,382.1237000011024,2.0580560692721526
dma_hardened2,xilinx_u280_xdma_201920_3,3,2,6,48,256,Broadcast,186.1808999990444,4.224020831374412,413.0529999997634,1.9039493721155647
dma_hardened2,xilinx_u280_xdma_201920_3,3,2,6,48,256,Broadcast,176.4215999969565,4.4576854535587875,353.59579999862945,2.224098815661974
dma_hardened2,xilinx_u280_xdma_201920_3,3,2,6,48,256,Broadcast,185.29179999973167,4.244289277783145,375.89910000406235,2.0921358949555904
dma_hardened2,xilinx_u280_xdma_201920_3,3,2,6,48,256,Broadcast,174.65249999872867,4.502838493612885,322.4944000010055,2.438591181730746
dma_hardened2,xilinx_u280_xdma_201920_3,3,2,6,96,256,Broadcast,198.55489999827114,7.921557211701627,396.8054999972992,3.96381602576251
dma_hardened2,xilinx_u280_xdma_201920_3,3,2,6,96,256,Broadcast,190.86629999947036,8.240658513338209,408.13519999574055,3.853781786075827
dma_hardened2,xilinx_u280_xdma_201920_3,3,2,6,96,256,Broadcast,192.05879999617537,8.189491968247859,371.0946000012427,4.238444860137369
dma_hardened2,xilinx_u280_xdma_201920_3,3,2,6,96,256,Broadcast,202.77880000207915,7.756550487446779,332.9587999985506,4.723899773806389
dma_hardened2,xilinx_u280_xdma_201920_3,3,2,6,96,256,Broadcast,196.55300000067655,8.002238581932538,369.5680000021184,4.2559528963302675
dma_hardened2,xilinx_u280_xdma_201920_3,3,2,6,96,256,Broadcast,194.46150000135276,8.088305397156036,335.98359999587046,4.681371352706893
dma_hardened2,xilinx_u280_xdma_201920_3,3,2,6,96,256,Broadcast,204.62699999939105,7.686492984819603,379.72810000042045,4.142079556393794
dma_hardened2,xilinx_u280_xdma_201920_3,3,2,6,96,256,Broadcast,193.9130000039313,8.111183881266921,422.9829999985668,3.7185040533669893
dma_hardened2,xilinx_u280_xdma_201920_3,3,2,6,96,256,Broadcast,197.3473000020931,7.970030499445992,413.35529999741993,3.8051139056637653
dma_hardened2,xilinx_u280_xdma_201920_3,3,2,6,96,256,Broadcast,208.6275999999998,7.539098374328236,430.2851999966606,3.655398791341666
dma_hardened2,xilinx_u280_xdma_201920_3,3,2,6,96,256,Broadcast,191.38719999887144,8.21822985032058,375.0577000005251,4.193658735703328
dma_hardened2,xilinx_u280_xdma_201920_3,3,2,6,96,256,Broadcast,201.59270000021934,7.802187281574624,385.6546999998045,4.078425596785927
dma_hardened2,xilinx_u280_xdma_201920_3,3,2,6,96,256,Broadcast,186.01279999757026,8.455676168632186,350.87230000385716,4.482724911549613
dma_hardened2,xilinx_u280_xdma_201920_3,3,2,6,96,256,Broadcast,196.2164000019584,8.015966045571632,361.6374999978689,4.349283467586378
dma_hardened2,xilinx_u280_xdma_201920_3,3,2,6,96,256,Broadcast,200.49029999995582,7.845087767340099,347.37329999643407,4.527878222120544
dma_hardened2,xilinx_u280_xdma_201920_3,3,2,6,96,256,Broadcast,194.3511000035869,8.092899911402464,347.6597000030779,4.5241481827950585
dma_hardened2,xilinx_u280_xdma_201920_3,3,2,6,96,256,Broadcast,199.0728000009767,7.900948798591687,398.4952000052999,3.9470086464757443
dma_hardened2,xilinx_u280_xdma_201920_3,3,2,6,96,256,Broadcast,194.73049999874092,8.07713224179145,419.30989999627855,3.7510776635942995
dma_hardened2,xilinx_u280_xdma_201920_3,3,2,6,96,256,Broadcast,203.44339999951444,7.731211727702909,374.1435999984333,4.203904597076059
dma_hardened2,xilinx_u280_xdma_201920_3,3,2,6,96,256,Broadcast,189.0367999976661,8.320411687139325,382.383400000208,4.113316634558782
dma_hardened2,xilinx_u280_xdma_201920_3,3,2,6,192,256,Broadcast,244.49070000400755,12.866452588783282,442.4689000018134,7.109489503074923
dma_hardened2,xilinx_u280_xdma_201920_3,3,2,6,192,256,Broadcast,247.8918999997859,12.689918468504688,507.54800000163414,6.1978926130925
dma_hardened2,xilinx_u280_xdma_201920_3,3,2,6,192,256,Broadcast,253.82709999917097,12.393192058729246,419.8742000028233,7.492072625512232
dma_hardened2,xilinx_u280_xdma_201920_3,3,2,6,192,256,Broadcast,234.86240000352154,13.393919162679223,449.4907999969655,6.998425774278887
dma_hardened2,xilinx_u280_xdma_201920_3,3,2,6,192,256,Broadcast,259.915699996327,12.102877971759511,471.7991000006805,6.667515898176709
dma_hardened2,xilinx_u280_xdma_201920_3,3,2,6,192,256,Broadcast,284.5772999990004,11.054036987528695,500.02169999743273,6.291182962691721
dma_hardened2,xilinx_u280_xdma_201920_3,3,2,6,192,256,Broadcast,254.71320000178818,12.350078441077713,478.3055000018521,6.57681753604719
dma_hardened2,xilinx_u280_xdma_201920_3,3,2,6,192,256,Broadcast,244.52499999938482,12.864647786557262,461.4604000039435,6.816896964448342
dma_hardened2,xilinx_u280_xdma_201920_3,3,2,6,192,256,Broadcast,249.78840000358107,12.593571198482001,484.86870000488125,6.487793499494464
dma_hardened2,xilinx_u280_xdma_201920_3,3,2,6,192,256,Broadcast,245.51330000122107,12.812861869333982,488.190900000518,6.443643255121433
dma_hardened2,xilinx_u280_xdma_201920_3,3,2,6,192,256,Broadcast,248.15440000338643,12.676494956192887,454.01759999776914,6.9286477000351026
dma_hardened2,xilinx_u280_xdma_201920_3,3,2,6,192,256,Broadcast,226.97349999702965,13.859450552778924,455.93489999760095,6.899511311848583
dma_hardened2,xilinx_u280_xdma_201920_3,3,2,6,192,256,Broadcast,238.25389999956315,13.203259212150432,453.07070000148997,6.943128302028039
dma_hardened2,xilinx_u280_xdma_201920_3,3,2,6,192,256,Broadcast,232.3719000003166,13.537471613373707,453.42729999902076,6.937667846657653
dma_hardened2,xilinx_u280_xdma_201920_3,3,2,6,192,256,Broadcast,241.12500000228465,13.04604665617499,535.3640999999243,5.8758665364383695
dma_hardened2,xilinx_u280_xdma_201920_3,3,2,6,192,256,Broadcast,238.10179999941283,13.211693485760113,440.9399999985908,7.134140699437687
dma_hardened2,xilinx_u280_xdma_201920_3,3,2,6,192,256,Broadcast,240.59389999706582,13.074845206126854,494.0933000000314,6.366667995700003
dma_hardened2,xilinx_u280_xdma_201920_3,3,2,6,192,256,Broadcast,223.03150000198002,14.104411260167613,416.0965999972177,7.560090613624419
dma_hardened2,xilinx_u280_xdma_201920_3,3,2,6,192,256,Broadcast,253.28109999804838,12.41990815747499,449.31619999601935,7.001145295958323
dma_hardened2,xilinx_u280_xdma_201920_3,3,2,6,192,256,Broadcast,238.33230000036565,13.19891596730772,415.64999999650354,7.568213641348399
dma_hardened2,xilinx_u280_xdma_201920_3,3,2,6,384,256,Broadcast,337.10719999930916,18.66307216224659,593.2938000000831,10.604284083196417
dma_hardened2,xilinx_u280_xdma_201920_3,3,2,6,384,256,Broadcast,296.8133000024409,21.19667818102579,582.4818000007781,10.80112030966735
dma_hardened2,xilinx_u280_xdma_201920_3,3,2,6,384,256,Broadcast,305.3330999989612,20.60522098659269,582.4263000022256,10.80214955948239
dma_hardened2,xilinx_u280_xdma_201920_3,3,2,6,384,256,Broadcast,324.75659999704476,19.372834917157192,534.9935999959143,11.759871520048177
dma_hardened2,xilinx_u280_xdma_201920_3,3,2,6,384,256,Broadcast,279.8482999992302,22.481665959797887,582.8099999973801,10.795037833990976
dma_hardened2,xilinx_u280_xdma_201920_3,3,2,6,384,256,Broadcast,297.72149999871544,21.132017674326995,554.6670000001086,11.342762414203058
dma_hardened2,xilinx_u280_xdma_201920_3,3,2,6,384,256,Broadcast,342.1623000008367,18.38734425149882,550.3406000002542,11.431931425733616
dma_hardened2,xilinx_u280_xdma_201920_3,3,2,6,384,256,Broadcast,324.6058999991419,19.381828857752218,605.0238000000263,10.398691753943773
dma_hardened2,xilinx_u280_xdma_201920_3,3,2,6,384,256,Broadcast,319.5581999989372,19.687981719827324,543.3820999996897,11.578327662989988
dma_hardened2,xilinx_u280_xdma_201920_3,3,2,6,384,256,Broadcast,306.735800000979,20.510993499878136,608.8372000021991,10.333560432866578
dma_hardened2,xilinx_u280_xdma_201920_3,3,2,6,384,256,Broadcast,327.65380000228106,19.201535278871173,551.2463000002299,11.41314871409999
dma_hardened2,xilinx_u280_xdma_201920_3,3,2,6,384,256,Broadcast,324.0488000017194,19.415149816838134,653.5854999981439,9.62606422574838
dma_hardened2,xilinx_u280_xdma_201920_3,3,2,6,384,256,Broadcast,325.04199999721095,19.355824785886085,594.7224000010465,10.578811223503486
dma_hardened2,xilinx_u280_xdma_201920_3,3,2,6,384,256,Broadcast,326.2117000019771,19.28642044403027,580.4581000006692,10.838777165815666
dma_hardened2,xilinx_u280_xdma_201920_3,3,2,6,384,256,Broadcast,313.6414000039167,20.059392669212144,546.5583999978207,11.511040723233027
dma_hardened2,xilinx_u280_xdma_201920_3,3,2,6,384,256,Broadcast,316.6523999993842,19.868650924522395,572.6158000015857,10.987220401502329
dma_hardened2,xilinx_u280_xdma_201920_3,3,2,6,384,256,Broadcast,281.2689999984741,22.368110243340475,526.7458999981045,11.944005639194609
dma_hardened2,xilinx_u280_xdma_201920_3,3,2,6,384,256,Broadcast,292.64679999982945,21.49846162679266,562.860500002671,11.17764703682377
dma_hardened2,xilinx_u280_xdma_201920_3,3,2,6,384,256,Broadcast,325.17959999722734,19.347634353611497,554.5455000003585,11.345247594644501
dma_hardened2,xilinx_u280_xdma_201920_3,3,2,6,384,256,Broadcast,340.74000000146043,18.46409579143345,535.6807999987723,11.744785327408447
dma_hardened2,xilinx_u280_xdma_201920_3,3,2,6,768,256,Broadcast,484.7656000038114,25.95669329651499,890.6891999970412,14.127163549352343
dma_hardened2,xilinx_u280_xdma_201920_3,3,2,6,768,256,Broadcast,504.30499999833955,24.95099592516717,803.631899998436,15.657556650034037
dma_hardened2,xilinx_u280_xdma_201920_3,3,2,6,768,256,Broadcast,536.2355999977808,23.465267878619166,834.195599998111,15.083886800683787
dma_hardened2,xilinx_u280_xdma_201920_3,3,2,6,768,256,Broadcast,474.5666000019355,26.514533471063242,806.8940000043767,15.594256494572704
dma_hardened2,xilinx_u280_xdma_201920_3,3,2,6,768,256,Broadcast,522.4859000009019,24.082778118946905,781.3790000000154,16.103468355304855
dma_hardened2,xilinx_u280_xdma_201920_3,3,2,6,768,256,Broadcast,496.436100002029,25.346488702067745,802.7663999996548,15.674437794114715
dma_hardened2,xilinx_u280_xdma_201920_3,3,2,6,768,256,Broadcast,463.13329999634334,27.169093649926165,753.5978999953841,16.697116592385772
dma_hardened2,xilinx_u280_xdma_201920_3,3,2,6,768,256,Broadcast,522.9396999993696,24.061879409834763,819.0885000033177,15.362090909528131
dma_hardened2,xilinx_u280_xdma_201920_3,3,2,6,768,256,Broadcast,467.02619999905437,26.942625488731633,819.2726000004313,15.358638870619346
dma_hardened2,xilinx_u280_xdma_201920_3,3,2,6,768,256,Broadcast,502.8197000001456,25.024699708456843,785.0239999982023,16.028697211841695
dma_hardened2,xilinx_u280_xdma_201920_3,3,2,6,768,256,Broadcast,543.8268000034441,23.137719582632396,816.5834000010364,15.409218458254271
dma_hardened2,xilinx_u280_xdma_201920_3,3,2,6,768,256,Broadcast,455.9424999968087,27.597585222013898,795.0841999956992,15.825886113782746
dma_hardened2,xilinx_u280_xdma_201920_3,3,2,6,768,256,Broadcast,508.85830000311216,24.727732651551605,775.6483999969532,16.222443055448096
dma_hardened2,xilinx_u280_xdma_201920_3,3,2,6,768,256,Broadcast,479.62630000029094,26.23482490428979,840.8454999994319,14.964594565837007
dma_hardened2,xilinx_u280_xdma_201920_3,3,2,6,768,256,Broadcast,470.5435999994734,26.741224405164754,792.2379999968143,15.882742307299823
dma_hardened2,xilinx_u280_xdma_201920_3,3,2,6,768,256,Broadcast,488.21839999959593,25.773121209709455,787.1263000026829,15.985886890016394
dma_hardened2,xilinx_u280_xdma_201920_3,3,2,6,768,256,Broadcast,456.000200000517,27.594093160454168,805.1655000031133,15.62773367705316
dma_hardened2,xilinx_u280_xdma_201920_3,3,2,6,768,256,Broadcast,522.8112999986934,24.067788894447094,796.2159000044267,15.803392019589213
dma_hardened2,xilinx_u280_xdma_201920_3,3,2,6,768,256,Broadcast,521.4226999953553,24.131883786632393,824.3947999972079,15.263211267274631
dma_hardened2,xilinx_u280_xdma_201920_3,3,2,6,768,256,Broadcast,471.73980000252413,26.67341615003159,774.4534999972075,16.247472572653326
dma_hardened2,xilinx_u280_xdma_201920_3,3,2,6,1536,256,Broadcast,735.930199999757,34.19593869093605,1185.7379999980822,21.22376444040817
dma_hardened2,xilinx_u280_xdma_201920_3,3,2,6,1536,256,Broadcast,736.7319000024963,34.15872721123482,1181.1152000007041,21.306832728920092
dma_hardened2,xilinx_u280_xdma_201920_3,3,2,6,1536,256,Broadcast,753.1003999986297,33.41629349824511,1169.876899996325,21.511514587628028
dma_hardened2,xilinx_u280_xdma_201920_3,3,2,6,1536,256,Broadcast,729.1227999985495,34.515206492034075,1196.4816999977756,21.03318755317928
dma_hardened2,xilinx_u280_xdma_201920_3,3,2,6,1536,256,Broadcast,708.0749000010655,35.54118921594612,1159.6731999986787,21.70078949830752
dma_hardened2,xilinx_u280_xdma_201920_3,3,2,6,1536,256,Broadcast,737.0607000041218,34.143489131708236,1166.2021000006462,21.579299162628892
dma_hardened2,xilinx_u280_xdma_201920_3,3,2,6,1536,256,Broadcast,736.2863999958336,34.179395409371146,1187.4292000015885,21.19353642302744
dma_hardened2,xilinx_u280_xdma_201920_3,3,2,6,1536,256,Broadcast,723.0418999995436,34.805484993353616,1263.019000003851,19.9251349345681
dma_hardened2,xilinx_u280_xdma_201920_3,3,2,6,1536,256,Broadcast,723.1953000029989,34.79810225522157,1191.7068000002473,21.11746278530489
dma_hardened2,xilinx_u280_xdma_201920_3,3,2,6,1536,256,Broadcast,707.0875000010801,35.59082008939708,1145.9967999996934,21.959768125012857
dma_hardened2,xilinx_u280_xdma_201920_3,3,2,6,1536,256,Broadcast,723.0062000019188,34.807203589586386,1193.06539999684,21.093415331688153
dma_hardened2,xilinx_u280_xdma_201920_3,3,2,6,1536,256,Broadcast,749.1259999994782,33.59357971825505,1121.3722999968923,22.441988267473473
dma_hardened2,xilinx_u280_xdma_201920_3,3,2,6,1536,256,Broadcast,723.598900003708,34.77869300225725,1230.5255000001125,20.451281992935296
dma_hardened2,xilinx_u280_xdma_201920_3,3,2,6,1536,256,Broadcast,727.7154999997038,34.58195407409935,1196.6052999980548,21.031014988852974
dma_hardened2,xilinx_u280_xdma_201920_3,3,2,6,1536,256,Broadcast,749.9762000009014,33.55549682772567,1165.234400002646,21.597220267392427
dma_hardened2,xilinx_u280_xdma_201920_3,3,2,6,1536,256,Broadcast,750.6432000013774,33.52568037644759,1194.3636000012248,21.070488082502006
dma_hardened2,xilinx_u280_xdma_201920_3,3,2,6,1536,256,Broadcast,750.7576999955745,33.52056728841855,1187.717199996996,21.188397372761504
dma_hardened2,xilinx_u280_xdma_201920_3,3,2,6,1536,256,Broadcast,739.3369999988408,34.03836680707101,1212.6079999973172,20.75347020641104
dma_hardened2,xilinx_u280_xdma_201920_3,3,2,6,1536,256,Broadcast,737.103700004127,34.14149732237011,1152.8784000006453,21.82868895799064
dma_hardened2,xilinx_u280_xdma_201920_3,3,2,6,1536,256,Broadcast,705.6207000005088,35.664804051215974,1221.8995000012,20.595657826175792
dma_hardened2,xilinx_u280_xdma_201920_3,3,2,6,3072,256,Broadcast,1200.1649000012549,41.93727711912536,2162.9102999952465,23.270335344055006
dma_hardened2,xilinx_u280_xdma_201920_3,3,2,6,3072,256,Broadcast,1210.4746999966665,41.58009085207531,2255.4205000005823,22.315859947174822
dma_hardened2,xilinx_u280_xdma_201920_3,3,2,6,3072,256,Broadcast,1194.4946000028267,42.136354571951095,2194.275499999776,22.9377067738327
dma_hardened2,xilinx_u280_xdma_201920_3,3,2,6,3072,256,Broadcast,1161.6095000022142,43.329232414080685,2214.421299999003,22.729029927603502
dma_hardened2,xilinx_u280_xdma_201920_3,3,2,6,3072,256,Broadcast,1197.9300000007242,42.01551676639667,2129.1544000007434,23.639266367898177
dma_hardened2,xilinx_u280_xdma_201920_3,3,2,6,3072,256,Broadcast,1186.197300000913,42.431093039885745,2249.218800000108,22.377390763405316
dma_hardened2,xilinx_u280_xdma_201920_3,3,2,6,3072,256,Broadcast,1191.8110999999953,42.231229428892036,2210.589800000662,22.768424969655126
dma_hardened2,xilinx_u280_xdma_201920_3,3,2,6,3072,256,Broadcast,1183.014399998683,42.54525388706683,2173.6905000011575,23.1549284500131
dma_hardened2,xilinx_u280_xdma_201920_3,3,2,6,3072,256,Broadcast,1192.455899996503,42.2083936187054,2182.2174000021732,23.064451781912233
dma_hardened2,xilinx_u280_xdma_201920_3,3,2,6,3072,256,Broadcast,1191.4074000003438,42.24553918330999,2181.187099995441,23.075346447860987
dma_hardened2,xilinx_u280_xdma_201920_3,3,2,6,3072,256,Broadcast,1226.0721999950874,41.05112896304285,2237.635900002033,22.493225104206754
dma_hardened2,xilinx_u280_xdma_201920_3,3,2,6,3072,256,Broadcast,1178.3675999993193,42.713027751296856,2180.190399997173,23.085895617220068
dma_hardened2,xilinx_u280_xdma_201920_3,3,2,6,3072,256,Broadcast,1175.7799999998042,42.80702852575174,2111.219800002573,23.840079559664357
dma_hardened2,xilinx_u280_xdma_201920_3,3,2,6,3072,256,Broadcast,1193.2085000012194,42.18177124949124,2275.0530999985585,22.123284946637902
dma_hardened2,xilinx_u280_xdma_201920_3,3,2,6,3072,256,Broadcast,1161.5405999975792,43.331802607764985,2223.2367000015074,22.638906599538355
dma_hardened2,xilinx_u280_xdma_201920_3,3,2,6,3072,256,Broadcast,1164.8523000019395,43.20860936611122,2225.576500001125,22.615105793925554
dma_hardened2,xilinx_u280_xdma_201920_3,3,2,6,3072,256,Broadcast,1162.9475999995975,43.27937733395505,2154.960400002892,23.356182322390914
dma_hardened2,xilinx_u280_xdma_201920_3,3,2,6,3072,256,Broadcast,1223.1142000018735,41.150407705121,2201.5035000038097,22.862397447886366
dma_hardened2,xilinx_u280_xdma_201920_3,3,2,6,3072,256,Broadcast,1189.0428000015163,42.32955113132666,2156.9359000011445,23.334790802069406
dma_hardened2,xilinx_u280_xdma_201920_3,3,2,6,3072,256,Broadcast,1152.0689999997558,43.688049934518396,2256.4489000046706,22.30568926240511
dma_hardened2,xilinx_u280_xdma_201920_3,3,2,6,6144,256,Broadcast,2232.666899999458,45.08657157949734,3727.469700004349,27.005798598411825
dma_hardened2,xilinx_u280_xdma_201920_3,3,2,6,6144,256,Broadcast,2237.051099996279,44.9982103672855,3799.6066000005158,26.49308378398604
dma_hardened2,xilinx_u280_xdma_201920_3,3,2,6,6144,256,Broadcast,2209.0515999991567,45.56855801830905,3775.4927999969823,26.66229319787882
dma_hardened2,xilinx_u280_xdma_201920_3,3,2,6,6144,256,Broadcast,2249.2075000002387,44.755006374462695,3743.12919999511,26.892818981543975
dma_hardened2,xilinx_u280_xdma_201920_3,3,2,6,6144,256,Broadcast,2251.0861999990084,44.71765497031804,3755.8144000001903,26.801988937471165
dma_hardened2,xilinx_u280_xdma_201920_3,3,2,6,6144,256,Broadcast,2279.3988000046284,44.1622132993119,3669.0906999979234,27.435488580333264
dma_hardened2,xilinx_u280_xdma_201920_3,3,2,6,6144,256,Broadcast,2216.1207000010563,45.42320100162054,3691.1148000001504,27.27178683252981
dma_hardened2,xilinx_u280_xdma_201920_3,3,2,6,6144,256,Broadcast,2197.6520000009714,45.804929988895196,3759.033000000045,26.77904024785066
dma_hardened2,xilinx_u280_xdma_201920_3,3,2,6,6144,256,Broadcast,2206.499999999778,45.62125356900527,3780.561899998247,26.62654353048595
dma_hardened2,xilinx_u280_xdma_201920_3,3,2,6,6144,256,Broadcast,2181.2601999954495,46.14914625967594,3746.4464000038333,26.869007387880153
dma_hardened2,xilinx_u280_xdma_201920_3,3,2,6,6144,256,Broadcast,2197.4628999998913,45.80887167651612,3699.676299999055,27.208676607741523
dma_hardened2,xilinx_u280_xdma_201920_3,3,2,6,6144,256,Broadcast,2218.0097999978443,45.38451363023637,3712.7085999998144,27.113169075538284
dma_hardened2,xilinx_u280_xdma_201920_3,3,2,6,6144,256,Broadcast,2265.0184999974954,44.442593294541005,3773.518499997408,26.67624287520232
dma_hardened2,xilinx_u280_xdma_201920_3,3,2,6,6144,256,Broadcast,2214.220299998715,45.46218639584255,3689.318399995045,27.285065989461682
dma_hardened2,xilinx_u280_xdma_201920_3,3,2,6,6144,256,Broadcast,2151.0186999989855,46.79796414603345,3712.8996999967967,27.111773582272324
dma_hardened2,xilinx_u280_xdma_201920_3,3,2,6,6144,256,Broadcast,2229.2618999983915,45.155437322134574,3769.321499999023,26.70594588443201
dma_hardened2,xilinx_u280_xdma_201920_3,3,2,6,6144,256,Broadcast,2224.3588999970143,45.25497031982344,3737.791200001084,26.931225050765494
dma_hardened2,xilinx_u280_xdma_201920_3,3,2,6,6144,256,Broadcast,2187.358100002257,46.020492026383856,3656.211399999165,27.532132305047508
dma_hardened2,xilinx_u280_xdma_201920_3,3,2,6,6144,256,Broadcast,2225.575900001786,45.230223781592535,3720.9977999964394,27.05276955554672
dma_hardened2,xilinx_u280_xdma_201920_3,3,2,6,6144,256,Broadcast,2195.1775999980327,45.85656121859581,3764.415400002008,26.740751299643048
dma_hardened2,xilinx_u280_xdma_201920_3,3,2,6,12288,256,Broadcast,3925.146599999607,51.29148348243099,6514.800299999024,30.902956764466005
dma_hardened2,xilinx_u280_xdma_201920_3,3,2,6,12288,256,Broadcast,3901.241200003369,51.60577920683964,6555.468600004133,30.71124343420287
dma_hardened2,xilinx_u280_xdma_201920_3,3,2,6,12288,256,Broadcast,3902.7984000028937,51.58518871993253,6529.111800000464,30.835218965003122
dma_hardened2,xilinx_u280_xdma_201920_3,3,2,6,12288,256,Broadcast,3891.825299996299,51.730634466092674,6547.260999997206,30.749742831404753
dma_hardened2,xilinx_u280_xdma_201920_3,3,2,6,12288,256,Broadcast,3862.6367999995637,52.12154350106714,6542.0883000001595,30.774056045681178
dma_hardened2,xilinx_u280_xdma_201920_3,3,2,6,12288,256,Broadcast,3905.1569999969615,51.554032782845006,6568.24990000473,30.65148175922098
dma_hardened2,xilinx_u280_xdma_201920_3,3,2,6,12288,256,Broadcast,3869.58189999973,52.02799609953056,6548.754299996062,30.742731025978646
dma_hardened2,xilinx_u280_xdma_201920_3,3,2,6,12288,256,Broadcast,3935.4982000020295,51.15657072334481,6512.4307999951725,30.914200577785675
dma_hardened2,xilinx_u280_xdma_201920_3,3,2,6,12288,256,Broadcast,3911.2991000024526,51.47307501997834,6506.317100001979,30.943249292282225
dma_hardened2,xilinx_u280_xdma_201920_3,3,2,6,12288,256,Broadcast,3945.034299999861,51.0329129457777,6552.170700001625,30.72670130525599
dma_hardened2,xilinx_u280_xdma_201920_3,3,2,6,12288,256,Broadcast,3928.837700004806,51.243295695251994,6540.228599999409,30.782806582635075
dma_hardened2,xilinx_u280_xdma_201920_3,3,2,6,12288,256,Broadcast,3937.802500001908,51.12663522355488,6504.31820000108,30.952758738028308
dma_hardened2,xilinx_u280_xdma_201920_3,3,2,6,12288,256,Broadcast,3920.2310000007406,51.35579816596572,6561.712000001307,30.68202200888425
dma_hardened2,xilinx_u280_xdma_201920_3,3,2,6,12288,256,Broadcast,3976.6376999978097,50.62734078090918,6519.950099999505,30.87854798152754
dma_hardened2,xilinx_u280_xdma_201920_3,3,2,6,12288,256,Broadcast,3908.6732999976443,51.507654016548614,6552.153999996335,30.7267796208869
dma_hardened2,xilinx_u280_xdma_201920_3,3,2,6,12288,256,Broadcast,3931.6157999962797,51.20708691835822,6571.520699998246,30.63622579779042
dma_hardened2,xilinx_u280_xdma_201920_3,3,2,6,12288,256,Broadcast,3925.6324000007226,51.28513612226222,6579.7284000041145,30.59800948620829
dma_hardened2,xilinx_u280_xdma_201920_3,3,2,6,12288,256,Broadcast,3917.1917000032868,51.39564448679677,6523.669500001006,30.860942909503457
dma_hardened2,xilinx_u280_xdma_201920_3,3,2,6,12288,256,Broadcast,3901.48850000287,51.60250811961945,6524.949699996796,30.85488796949636
dma_hardened2,xilinx_u280_xdma_201920_3,3,2,6,12288,256,Broadcast,3900.650799999994,51.61359022448262,6472.199299997783,31.106364725213105
dma_hardened2,xilinx_u280_xdma_201920_3,3,2,6,24576,256,Broadcast,7204.966899996634,55.885500875817776,11880.965000000288,33.89061275746459
dma_hardened2,xilinx_u280_xdma_201920_3,3,2,6,24576,256,Broadcast,7170.338800000309,56.15539170896397,11949.397600000111,33.696525756243666
dma_hardened2,xilinx_u280_xdma_201920_3,3,2,6,24576,256,Broadcast,7242.458199999646,55.596204062319565,11892.529599998625,33.85765665868484
dma_hardened2,xilinx_u280_xdma_201920_3,3,2,6,24576,256,Broadcast,7162.492599996995,56.21690750510081,11916.928099998358,33.788337113492815
dma_hardened2,xilinx_u280_xdma_201920_3,3,2,6,24576,256,Broadcast,7206.760600001871,55.87159146092565,11879.96830000202,33.893456096169174
dma_hardened2,xilinx_u280_xdma_201920_3,3,2,6,24576,256,Broadcast,7214.070800000627,55.814975367300946,11922.275099999524,33.77318344214487
dma_hardened2,xilinx_u280_xdma_201920_3,3,2,6,24576,256,Broadcast,7223.952900000086,55.73862254832741,11896.746899998334,33.845654394820855
dma_hardened2,xilinx_u280_xdma_201920_3,3,2,6,24576,256,Broadcast,7172.270100005562,56.140270567848205,11900.467899999967,33.83507164453602
dma_hardened2,xilinx_u280_xdma_201920_3,3,2,6,24576,256,Broadcast,7190.489799995703,55.99801893888239,11926.674500000445,33.760725506509374
dma_hardened2,xilinx_u280_xdma_201920_3,3,2,6,24576,256,Broadcast,7197.2429000027205,55.94547656573433,11859.989499998846,33.95055147393167
dma_hardened2,xilinx_u280_xdma_201920_3,3,2,6,24576,256,Broadcast,7179.296300000715,56.08532747143475,11943.199799998183,33.714012219745435
dma_hardened2,xilinx_u280_xdma_201920_3,3,2,6,24576,256,Broadcast,7182.64989999966,56.05914106993006,11955.870700001014,33.67828191718114
dma_hardened2,xilinx_u280_xdma_201920_3,3,2,6,24576,256,Broadcast,7193.337299997893,55.97585198738253,11903.59490000219,33.826183382628884
dma_hardened2,xilinx_u280_xdma_201920_3,3,2,6,24576,256,Broadcast,7201.289099998576,55.914042390004816,11900.300600001401,33.835547313817656
dma_hardened2,xilinx_u280_xdma_201920_3,3,2,6,24576,256,Broadcast,7220.295199999782,55.766858950588635,11933.009500000935,33.74280260147019
dma_hardened2,xilinx_u280_xdma_201920_3,3,2,6,24576,256,Broadcast,7251.211599998442,55.52909033851481,11864.104299996825,33.93877648227585
dma_hardened2,xilinx_u280_xdma_201920_3,3,2,6,24576,256,Broadcast,7233.979099999033,55.661369549720405,11959.31309999878,33.66858787232864
dma_hardened2,xilinx_u280_xdma_201920_3,3,2,6,24576,256,Broadcast,7216.357200002221,55.797291187287136,11927.46419999935,33.758490258140704
dma_hardened2,xilinx_u280_xdma_201920_3,3,2,6,24576,256,Broadcast,7188.960500002395,56.009931338455104,11929.619400001457,33.75239146354919
dma_hardened2,xilinx_u280_xdma_201920_3,3,2,6,24576,256,Broadcast,7184.244199999057,56.04670063972114,11891.978300002393,33.85922626514707
experiment,board_instance,number of nodes,rank id,number of banks,buffer size[KB],segment_size[KB],collective name,execution_time[us],throughput[Gbps],execution_time_fullpath[us],throughput_fullpath[Gbps]
dma_hardened2,xilinx_u280_xdma_201920_3,3,2,6,1,256,Scatter,188.9431999984481,0.0433569453680645,314.9242000006325,0.026012608748338637
dma_hardened2,xilinx_u280_xdma_201920_3,3,2,6,1,256,Scatter,176.15099999943595,0.04650555489339391,296.6136999987157,0.027618414119224673
dma_hardened2,xilinx_u280_xdma_201920_3,3,2,6,1,256,Scatter,193.22449999776836,0.04239627997533756,299.6769999981552,0.027336098532921876
dma_hardened2,xilinx_u280_xdma_201920_3,3,2,6,1,256,Scatter,176.85509999978422,0.04632040580118976,303.6482999959844,0.02697858015377769
dma_hardened2,xilinx_u280_xdma_201920_3,3,2,6,1,256,Scatter,185.16419999627942,0.04424181348319278,302.55599999691185,0.027075979323112464
dma_hardened2,xilinx_u280_xdma_201920_3,3,2,6,1,256,Scatter,179.56420000473372,0.04562156599023658,301.3323000004675,0.027185933934023302
dma_hardened2,xilinx_u280_xdma_201920_3,3,2,6,1,256,Scatter,186.72789999527595,0.04387132292607184,305.45719999963694,0.026818814550810182
dma_hardened2,xilinx_u280_xdma_201920_3,3,2,6,1,256,Scatter,187.553000000662,0.04367832026131859,301.4923000023373,0.02717150653577717
dma_hardened2,xilinx_u280_xdma_201920_3,3,2,6,1,256,Scatter,209.0603999988616,0.03918484801542812,341.8718999967041,0.02396219168664923
dma_hardened2,xilinx_u280_xdma_201920_3,3,2,6,1,256,Scatter,175.26459999999133,0.04674075654753102,319.2264000006162,0.0256620379767594
dma_hardened2,xilinx_u280_xdma_201920_3,3,2,6,1,256,Scatter,179.89019999617994,0.04553888983487683,292.50190000311704,0.028006655682963774
dma_hardened2,xilinx_u280_xdma_201920_3,3,2,6,1,256,Scatter,191.51879999981247,0.04277386867507535,324.4469999970079,0.02524911618870123
dma_hardened2,xilinx_u280_xdma_201920_3,3,2,6,1,256,Scatter,191.32320000494474,0.042817598700984914,338.24779999918064,0.0242189306183805
dma_hardened2,xilinx_u280_xdma_201920_3,3,2,6,1,256,Scatter,198.9305999984481,0.04118019047880973,355.4534999977932,0.023046615098883144
dma_hardened2,xilinx_u280_xdma_201920_3,3,2,6,1,256,Scatter,201.26960000084182,0.040701626077488784,371.6279000002487,0.022043554856873013
dma_hardened2,xilinx_u280_xdma_201920_3,3,2,6,1,256,Scatter,205.01209999679304,0.03995861707737322,332.81309999892983,0.024614415718691187
dma_hardened2,xilinx_u280_xdma_201920_3,3,2,6,1,256,Scatter,182.12429999948654,0.044980268970275225,326.6497000026902,0.025078853585148043
dma_hardened2,xilinx_u280_xdma_201920_3,3,2,6,1,256,Scatter,218.7574999993558,0.03744785893066123,363.423200002444,0.02254121365929558
dma_hardened2,xilinx_u280_xdma_201920_3,3,2,6,1,256,Scatter,191.42250000072636,0.04279538716696791,356.8163000011282,0.02295859241849125
dma_hardened2,xilinx_u280_xdma_201920_3,3,2,6,1,256,Scatter,182.98769999773867,0.0447680363221202,411.41559999573474,0.019911738884196246
dma_hardened2,xilinx_u280_xdma_201920_3,3,2,6,6,256,Scatter,241.3436000040292,0.20365984430156595,368.1645999961347,0.13350550270318232
dma_hardened2,xilinx_u280_xdma_201920_3,3,2,6,6,256,Scatter,211.2658999976702,0.23265467830133513,355.4866999991191,0.13826677622572603
dma_hardened2,xilinx_u280_xdma_201920_3,3,2,6,6,256,Scatter,225.1656000055391,0.21829266992289612,354.192999998304,0.138771799556274
dma_hardened2,xilinx_u280_xdma_201920_3,3,2,6,6,256,Scatter,216.72260000400456,0.22679683613564888,405.1207000031809,0.12132680457852209
dma_hardened2,xilinx_u280_xdma_201920_3,3,2,6,6,256,Scatter,196.74729999792362,0.24982299630296695,362.4974000047132,0.13559269666309584
dma_hardened2,xilinx_u280_xdma_201920_3,3,2,6,6,256,Scatter,211.47699999914948,0.23242243837484777,365.66260000086004,0.13441899718452036
dma_hardened2,xilinx_u280_xdma_201920_3,3,2,6,6,256,Scatter,242.5973999947928,0.20260728268751033,397.4973999959275,0.12365363899362256
dma_hardened2,xilinx_u280_xdma_201920_3,3,2,6,6,256,Scatter,206.15810000208512,0.2384189609794758,327.1085999983825,0.15026202307197992
dma_hardened2,xilinx_u280_xdma_201920_3,3,2,6,6,256,Scatter,240.05070000043816,0.20475674513721595,355.8072000032553,0.13814222983556912
dma_hardened2,xilinx_u280_xdma_201920_3,3,2,6,6,256,Scatter,237.20490000300742,0.2072132573963557,362.40439999915,0.1356274923817572
dma_hardened2,xilinx_u280_xdma_201920_3,3,2,6,6,256,Scatter,228.80999999870255,0.21481578602455623,366.960899998503,0.13394342558076489
dma_hardened2,xilinx_u280_xdma_201920_3,3,2,6,6,256,Scatter,219.18400000231486,0.22424994524910985,338.04299999928844,0.14540162050420644
dma_hardened2,xilinx_u280_xdma_201920_3,3,2,6,6,256,Scatter,213.6668999980884,0.23004031041045542,388.34200000223973,0.12656884910650026
dma_hardened2,xilinx_u280_xdma_201920_3,3,2,6,6,256,Scatter,186.33430000249973,0.263783962476799,340.356399999564,0.14441332673651194
dma_hardened2,xilinx_u280_xdma_201920_3,3,2,6,6,256,Scatter,209.59150000408044,0.23451332711032213,351.83210000013787,0.13970300037995606
dma_hardened2,xilinx_u280_xdma_201920_3,3,2,6,6,256,Scatter,185.07560000102785,0.2655779584111953,306.0657999981231,0.1605929182558176
dma_hardened2,xilinx_u280_xdma_201920_3,3,2,6,6,256,Scatter,185.80260000362614,0.264538816997398,327.0621000012852,0.15028338654893628
dma_hardened2,xilinx_u280_xdma_201920_3,3,2,6,6,256,Scatter,216.56359999724373,0.2269633493376799,373.142800003734,0.13172436932860057
dma_hardened2,xilinx_u280_xdma_201920_3,3,2,6,6,256,Scatter,215.25599999563383,0.22834206712471186,356.9970999990346,0.1376817906927897
dma_hardened2,xilinx_u280_xdma_201920_3,3,2,6,6,256,Scatter,195.8459999968909,0.2509727030461705,378.3844999986741,0.12989961269600694
dma_hardened2,xilinx_u280_xdma_201920_3,3,2,6,12,256,Scatter,226.97389999848383,0.4331070664982038,415.78689999823837,0.23642880523753032
dma_hardened2,xilinx_u280_xdma_201920_3,3,2,6,12,256,Scatter,215.70510000401555,0.45573331366838327,348.62410000187083,0.28197706354630236
dma_hardened2,xilinx_u280_xdma_201920_3,3,2,6,12,256,Scatter,187.4635000035596,0.5243900812591965,320.92820000002575,0.3063115051902329
dma_hardened2,xilinx_u280_xdma_201920_3,3,2,6,12,256,Scatter,192.11190000305578,0.5117017738018121,300.7464000006621,0.32686675551156585
dma_hardened2,xilinx_u280_xdma_201920_3,3,2,6,12,256,Scatter,195.8455000021786,0.5019466875619121,314.6875999959775,0.3123859980541228
dma_hardened2,xilinx_u280_xdma_201920_3,3,2,6,12,256,Scatter,189.43329999956404,0.5189372723814991,313.53870000430106,0.3135306741995533
dma_hardened2,xilinx_u280_xdma_201920_3,3,2,6,12,256,Scatter,182.7786000035303,0.5378310152178718,321.3386000027185,0.30592029715436725
dma_hardened2,xilinx_u280_xdma_201920_3,3,2,6,12,256,Scatter,222.48890000469146,0.4418377725716975,343.6110999984976,0.2860908742483285
dma_hardened2,xilinx_u280_xdma_201920_3,3,2,6,12,256,Scatter,186.61160000306154,0.5267839726918757,344.5357000032345,0.2853231174565571
dma_hardened2,xilinx_u280_xdma_201920_3,3,2,6,12,256,Scatter,191.18420000268088,0.5141847495693762,308.3801000002495,0.3187754333042906
dma_hardened2,xilinx_u280_xdma_201920_3,3,2,6,12,256,Scatter,189.53520000195567,0.5186582756078326,312.48079999954825,0.31459212854083235
dma_hardened2,xilinx_u280_xdma_201920_3,3,2,6,12,256,Scatter,185.4405000017323,0.5301107363228728,301.54450000168254,0.3260016349144205
dma_hardened2,xilinx_u280_xdma_201920_3,3,2,6,12,256,Scatter,179.0914000025623,0.5489040791383257,267.100000002074,0.36804193185786854
dma_hardened2,xilinx_u280_xdma_201920_3,3,2,6,12,256,Scatter,189.01489999620935,0.520085982649894,299.1270999984863,0.32863622186186897
dma_hardened2,xilinx_u280_xdma_201920_3,3,2,6,12,256,Scatter,188.06150000045818,0.5227226199927179,298.49780000290593,0.3293290603784785
dma_hardened2,xilinx_u280_xdma_201920_3,3,2,6,12,256,Scatter,178.21270000126788,0.5516105193361674,321.76359999880333,0.3055162237132031
dma_hardened2,xilinx_u280_xdma_201920_3,3,2,6,12,256,Scatter,183.49589999502314,0.53572859122556,335.090300001184,0.2933656987374826
dma_hardened2,xilinx_u280_xdma_201920_3,3,2,6,12,256,Scatter,177.9310000017631,0.5524838279952673,333.8122000002386,0.29448893719261826
dma_hardened2,xilinx_u280_xdma_201920_3,3,2,6,12,256,Scatter,190.08280000321065,0.5171640990049576,306.4988000005542,0.32073208769438005
dma_hardened2,xilinx_u280_xdma_201920_3,3,2,6,12,256,Scatter,176.17090000499047,0.5580036203323893,314.54530000019076,0.3125273211837544
dma_hardened2,xilinx_u280_xdma_201920_3,3,2,6,24,256,Scatter,178.78589999895667,1.0996840354924373,292.53650000100606,0.6720802361391616
dma_hardened2,xilinx_u280_xdma_201920_3,3,2,6,24,256,Scatter,175.98399999769754,1.1171924720575297,305.20779999960723,0.644177507915109
dma_hardened2,xilinx_u280_xdma_201920_3,3,2,6,24,256,Scatter,177.4099999977352,1.108212614861112,289.9372999991101,0.6781052317194215
dma_hardened2,xilinx_u280_xdma_201920_3,3,2,6,24,256,Scatter,178.0295000003207,1.1043563004987704,316.202900000917,0.6217779786315363
dma_hardened2,xilinx_u280_xdma_201920_3,3,2,6,24,256,Scatter,175.3975999974955,1.1209275383631667,300.8382000018628,0.6535340259275007
dma_hardened2,xilinx_u280_xdma_201920_3,3,2,6,24,256,Scatter,183.6267999976826,1.0706933846392857,312.11440000333823,0.6299228744264833
dma_hardened2,xilinx_u280_xdma_201920_3,3,2,6,24,256,Scatter,174.98529999784296,1.1235686654960364,310.9751000010874,0.6322306834190664
dma_hardened2,xilinx_u280_xdma_201920_3,3,2,6,24,256,Scatter,185.1295000051323,1.062002544135589,276.15980000064155,0.7119356256759429
dma_hardened2,xilinx_u280_xdma_201920_3,3,2,6,24,256,Scatter,187.1996999966541,1.0502580933811008,282.9280000014478,0.694904710735572
dma_hardened2,xilinx_u280_xdma_201920_3,3,2,6,24,256,Scatter,178.86619999671893,1.0991903445346662,323.83519999825694,0.6071236233771321
dma_hardened2,xilinx_u280_xdma_201920_3,3,2,6,24,256,Scatter,182.7821999995649,1.075640844679996,324.6572000023207,0.605586446253447
dma_hardened2,xilinx_u280_xdma_201920_3,3,2,6,24,256,Scatter,195.8215999991353,1.004015900191134,343.57659999955104,0.5722392037183467
dma_hardened2,xilinx_u280_xdma_201920_3,3,2,6,24,256,Scatter,181.09789999698478,1.0856448363193247,311.7641000017102,0.6306306595240488
dma_hardened2,xilinx_u280_xdma_201920_3,3,2,6,24,256,Scatter,178.085900000724,1.1040065496437432,326.6429000007065,0.601905016149363
dma_hardened2,xilinx_u280_xdma_201920_3,3,2,6,24,256,Scatter,186.18139999944106,1.0560023718834977,299.0919000012582,0.6573497978352906
dma_hardened2,xilinx_u280_xdma_201920_3,3,2,6,24,256,Scatter,173.90870000326686,1.1305242348215283,292.0244999984334,0.6732585793351404
dma_hardened2,xilinx_u280_xdma_201920_3,3,2,6,24,256,Scatter,183.27970000200366,1.072721092395124,308.80479999950694,0.6366740413371617
dma_hardened2,xilinx_u280_xdma_201920_3,3,2,6,24,256,Scatter,182.782799998904,1.0756373138018396,302.8351000011753,0.6492246110151596
dma_hardened2,xilinx_u280_xdma_201920_3,3,2,6,24,256,Scatter,176.46830000330738,1.1141264464853753,325.2956999972412,0.6043977833142813
dma_hardened2,xilinx_u280_xdma_201920_3,3,2,6,24,256,Scatter,186.57689999486138,1.0537638904141664,323.5449000044355,0.6076683637952714
dma_hardened2,xilinx_u280_xdma_201920_3,3,2,6,48,256,Scatter,199.33390000232976,1.9726499105039546,326.3828999990892,1.2047689998498614
dma_hardened2,xilinx_u280_xdma_201920_3,3,2,6,48,256,Scatter,182.08070000014231,2.159569904990988,332.49599999862767,1.1826187382754165
dma_hardened2,xilinx_u280_xdma_201920_3,3,2,6,48,256,Scatter,179.47470000194699,2.190927189156657,301.02009999950496,1.3062782186327313
dma_hardened2,xilinx_u280_xdma_201920_3,3,2,6,48,256,Scatter,199.17569999847728,1.974216734285388,323.41020000217213,1.2158429140372164
dma_hardened2,xilinx_u280_xdma_201920_3,3,2,6,48,256,Scatter,178.36950000287288,2.204502451336505,297.5104000029205,1.3216882502129
dma_hardened2,xilinx_u280_xdma_201920_3,3,2,6,48,256,Scatter,174.00660000248536,2.25977635327846,299.65100000026723,1.3122465801871155
dma_hardened2,xilinx_u280_xdma_201920_3,3,2,6,48,256,Scatter,192.3395000005712,2.044385058705218,306.68169999898964,1.2821632330892108
dma_hardened2,xilinx_u280_xdma_201920_3,3,2,6,48,256,Scatter,175.40909999524956,2.2417080984432913,326.75979999794436,1.2033793630748755
dma_hardened2,xilinx_u280_xdma_201920_3,3,2,6,48,256,Scatter,183.71419999994032,2.1403680281661828,317.0675000035317,1.2401649490900837
dma_hardened2,xilinx_u280_xdma_201920_3,3,2,6,48,256,Scatter,183.1688999970993,2.1467399760888832,300.7149000040954,1.307603979698528
dma_hardened2,xilinx_u280_xdma_201920_3,3,2,6,48,256,Scatter,175.73750000110522,2.237519026943749,322.2701999959554,1.2201438420460067
dma_hardened2,xilinx_u280_xdma_201920_3,3,2,6,48,256,Scatter,179.72360000158005,2.1878929645107434,294.3851999987146,1.3357193228522253
dma_hardened2,xilinx_u280_xdma_201920_3,3,2,6,48,256,Scatter,184.36290000067856,2.1328369210863616,326.28539999564055,1.205129006707789
dma_hardened2,xilinx_u280_xdma_201920_3,3,2,6,48,256,Scatter,188.19409999650816,2.0894172559463655,338.33699999945566,1.1622021830323985
dma_hardened2,xilinx_u280_xdma_201920_3,3,2,6,48,256,Scatter,178.61530000118364,2.201468743144592,307.44050000066636,1.2789987005588
dma_hardened2,xilinx_u280_xdma_201920_3,3,2,6,48,256,Scatter,189.9681999987024,2.06990433137065,332.71890000037274,1.1818264607137121
dma_hardened2,xilinx_u280_xdma_201920_3,3,2,6,48,256,Scatter,170.59930000300483,2.304909809085231,307.80729999833056,1.2774745758210826
dma_hardened2,xilinx_u280_xdma_201920_3,3,2,6,48,256,Scatter,188.21529999968334,2.0891819102945486,326.3037000010627,1.205061419771579
dma_hardened2,xilinx_u280_xdma_201920_3,3,2,6,48,256,Scatter,179.61730000024545,2.1891877898145817,295.95130000075187,1.3286510314332156
dma_hardened2,xilinx_u280_xdma_201920_3,3,2,6,48,256,Scatter,178.941400002941,2.1974568210237386,294.8466000020744,1.3336290803327342
dma_hardened2,xilinx_u280_xdma_201920_3,3,2,6,96,256,Scatter,190.60070000023188,4.12607089060556,306.5219999996316,2.5656624973115965
dma_hardened2,xilinx_u280_xdma_201920_3,3,2,6,96,256,Scatter,199.5984999950906,3.940069689999391,323.53609999518085,2.430739568201861
dma_hardened2,xilinx_u280_xdma_201920_3,3,2,6,96,256,Scatter,199.833099998159,3.935444128161176,335.14720000198395,2.34652713791237
dma_hardened2,xilinx_u280_xdma_201920_3,3,2,6,96,256,Scatter,184.54649999739559,4.261430046146085,297.37189999536895,2.6446076445429014
dma_hardened2,xilinx_u280_xdma_201920_3,3,2,6,96,256,Scatter,185.27800000356365,4.244605403689989,331.4154999998209,2.372948760695939
dma_hardened2,xilinx_u280_xdma_201920_3,3,2,6,96,256,Scatter,179.8516999997446,4.372669260291211,319.50580000170703,2.4614013266607313
dma_hardened2,xilinx_u280_xdma_201920_3,3,2,6,96,256,Scatter,188.6485999989418,4.168766691109351,325.86179999611886,2.4133911983833842
dma_hardened2,xilinx_u280_xdma_201920_3,3,2,6,96,256,Scatter,191.38519999728487,4.109157865974782,305.1117999973485,2.5775207645421587
dma_hardened2,xilinx_u280_xdma_201920_3,3,2,6,96,256,Scatter,192.34380000057172,4.088678709673316,319.9650999988535,2.457868061244236
dma_hardened2,xilinx_u280_xdma_201920_3,3,2,6,96,256,Scatter,183.75399999968067,4.279808874916283,299.7968000045148,2.6232167921343947
dma_hardened2,xilinx_u280_xdma_201920_3,3,2,6,96,256,Scatter,185.6789999976627,4.235438579537264,363.5124999959771,2.163424916636163
dma_hardened2,xilinx_u280_xdma_201920_3,3,2,6,96,256,Scatter,197.5103000006584,3.9817265226035228,332.5059000019337,2.365167054164833
dma_hardened2,xilinx_u280_xdma_201920_3,3,2,6,96,256,Scatter,183.40329999659843,4.287992637071339,331.21569999821077,2.374380199985231
dma_hardened2,xilinx_u280_xdma_201920_3,3,2,6,96,256,Scatter,191.13149999725465,4.114612191142204,353.1029999976454,2.2272028275184415
dma_hardened2,xilinx_u280_xdma_201920_3,3,2,6,96,256,Scatter,176.31449999839788,4.460393217841675,325.70689999715796,2.4145389612773394
dma_hardened2,xilinx_u280_xdma_201920_3,3,2,6,96,256,Scatter,198.37500000221553,3.9643705103527,327.2943000013129,2.4028282802262226
dma_hardened2,xilinx_u280_xdma_201920_3,3,2,6,96,256,Scatter,184.69049999794152,4.258107482565509,305.94669999572943,2.570486950867512
dma_hardened2,xilinx_u280_xdma_201920_3,3,2,6,96,256,Scatter,188.1180999987464,4.180522767374541,307.5238000008085,2.5573045078069807
dma_hardened2,xilinx_u280_xdma_201920_3,3,2,6,96,256,Scatter,197.9617000017697,3.972647234252735,302.6422999994338,2.598552813012164
dma_hardened2,xilinx_u280_xdma_201920_3,3,2,6,96,256,Scatter,187.61149999590998,4.191811269656416,362.06240000069556,2.1720896729361825
dma_hardened2,xilinx_u280_xdma_201920_3,3,2,6,192,256,Scatter,233.80529999599275,6.7272384331191715,383.07789999976194,4.105859408754662
dma_hardened2,xilinx_u280_xdma_201920_3,3,2,6,192,256,Scatter,201.66659999745207,7.799328198223565,361.19700000085686,4.354587662677898
dma_hardened2,xilinx_u280_xdma_201920_3,3,2,6,192,256,Scatter,207.9302000026928,7.564384586652783,358.62320000319414,4.385840068311228
dma_hardened2,xilinx_u280_xdma_201920_3,3,2,6,192,256,Scatter,186.01059999809877,8.455776176282837,327.0629999974517,4.809055136203897
dma_hardened2,xilinx_u280_xdma_201920_3,3,2,6,192,256,Scatter,198.75279999723716,7.913669644009364,357.22349999787184,4.403024996981919
dma_hardened2,xilinx_u280_xdma_201920_3,3,2,6,192,256,Scatter,201.17159999699652,7.818519115140918,329.88840000029995,4.767866951364673
dma_hardened2,xilinx_u280_xdma_201920_3,3,2,6,192,256,Scatter,197.0745999983592,7.981058949317139,376.984199999697,4.172227907698158
dma_hardened2,xilinx_u280_xdma_201920_3,3,2,6,192,256,Scatter,200.4848000012771,7.845302985513019,334.17640000266147,4.706687845064683
dma_hardened2,xilinx_u280_xdma_201920_3,3,2,6,192,256,Scatter,192.1751000054428,8.18453587356246,339.3670999969345,4.634697942181808
dma_hardened2,xilinx_u280_xdma_201920_3,3,2,6,192,256,Scatter,197.62289999789573,7.958915692547512,353.11030000002575,4.454313567176843
dma_hardened2,xilinx_u280_xdma_201920_3,3,2,6,192,256,Scatter,199.84699999895383,7.870340810761401,386.4243999998962,4.070301978861642
dma_hardened2,xilinx_u280_xdma_201920_3,3,2,6,192,256,Scatter,190.62160000089534,8.251237005631117,359.8342999964643,4.37107857704353
dma_hardened2,xilinx_u280_xdma_201920_3,3,2,6,192,256,Scatter,190.74329999853035,8.245972466724224,341.36859999875924,4.6075239492024656
dma_hardened2,xilinx_u280_xdma_201920_3,3,2,6,192,256,Scatter,199.04879999899094,7.901901443304221,367.2197000014421,4.283168904047967
dma_hardened2,xilinx_u280_xdma_201920_3,3,2,6,192,256,Scatter,195.36039999934474,8.051089166511103,348.6397000017405,4.511431142214005
dma_hardened2,xilinx_u280_xdma_201920_3,3,2,6,192,256,Scatter,203.7532999963787,7.719452887526015,355.14730000159034,4.428765191212088
dma_hardened2,xilinx_u280_xdma_201920_3,3,2,6,192,256,Scatter,202.71120000074916,7.7591371369425435,363.9297000006536,4.321889639667153
dma_hardened2,xilinx_u280_xdma_201920_3,3,2,6,192,256,Scatter,191.90720000210604,8.195961381244368,343.9758000013171,4.572600746895501
dma_hardened2,xilinx_u280_xdma_201920_3,3,2,6,192,256,Scatter,202.00860000159082,7.786123957037541,344.0248000003976,4.571949464103118
dma_hardened2,xilinx_u280_xdma_201920_3,3,2,6,192,256,Scatter,197.1572999991622,7.977711198148299,374.16790000293076,4.203631578197061
dma_hardened2,xilinx_u280_xdma_201920_3,3,2,6,384,256,Scatter,228.02800000363277,13.795358464530166,434.7888999973293,7.235069708585759
dma_hardened2,xilinx_u280_xdma_201920_3,3,2,6,384,256,Scatter,223.72939999968366,14.060414053783042,424.49279999914324,7.41055678684385
dma_hardened2,xilinx_u280_xdma_201920_3,3,2,6,384,256,Scatter,220.53380000102152,14.264153612668121,438.6652000050617,7.171136438367352
dma_hardened2,xilinx_u280_xdma_201920_3,3,2,6,384,256,Scatter,237.93789999899673,13.220794165255993,428.0138000012812,7.349594802762396
dma_hardened2,xilinx_u280_xdma_201920_3,3,2,6,384,256,Scatter,235.84030000165512,13.338381947351337,421.6580999980124,7.460376072497666
dma_hardened2,xilinx_u280_xdma_201920_3,3,2,6,384,256,Scatter,240.1976999976796,13.096411830880932,415.9124000011616,7.563438839503737
dma_hardened2,xilinx_u280_xdma_201920_3,3,2,6,384,256,Scatter,217.4710000019786,14.46504591403626,428.0781999966621,7.3484891312487495
dma_hardened2,xilinx_u280_xdma_201920_3,3,2,6,384,256,Scatter,220.20399999860274,14.285517066084,389.3720000007761,8.078978457602833
dma_hardened2,xilinx_u280_xdma_201920_3,3,2,6,384,256,Scatter,225.05000000023756,13.977907131733746,411.2896999970417,7.648448283588494
dma_hardened2,xilinx_u280_xdma_201920_3,3,2,6,384,256,Scatter,241.17159999832438,13.043525854710323,451.65189999920585,6.964939148945308
dma_hardened2,xilinx_u280_xdma_201920_3,3,2,6,384,256,Scatter,231.4198000021861,13.593167049536314,434.0096000021276,7.248060872350701
dma_hardened2,xilinx_u280_xdma_201920_3,3,2,6,384,256,Scatter,234.19359999934386,13.432168940606461,476.5015999964817,6.601715503207601
dma_hardened2,xilinx_u280_xdma_201920_3,3,2,6,384,256,Scatter,244.38919999738576,12.871796298828468,415.93469999838817,7.563033331944149
dma_hardened2,xilinx_u280_xdma_201920_3,3,2,6,384,256,Scatter,238.42169999852558,13.193966824410083,437.0457999982591,7.197707883275689
dma_hardened2,xilinx_u280_xdma_201920_3,3,2,6,384,256,Scatter,220.83210000118925,14.244885594001321,417.0917000010377,7.542053701841043
dma_hardened2,xilinx_u280_xdma_201920_3,3,2,6,384,256,Scatter,231.5965999969194,13.582790075682645,451.72670000397375,6.963785846557947
dma_hardened2,xilinx_u280_xdma_201920_3,3,2,6,384,256,Scatter,234.44579999818416,13.417719575374626,449.9586999997973,6.991148298724787
dma_hardened2,xilinx_u280_xdma_201920_3,3,2,6,384,256,Scatter,228.70239999974729,13.75467856919506,496.2515000045187,6.338979327964462
dma_hardened2,xilinx_u280_xdma_201920_3,3,2,6,384,256,Scatter,246.00290000194036,12.787361449703186,481.22910000074626,6.53686154888622
dma_hardened2,xilinx_u280_xdma_201920_3,3,2,6,384,256,Scatter,231.98989999855257,13.559762731134532,493.2869999947798,6.377074603695799
dma_hardened2,xilinx_u280_xdma_201920_3,3,2,6,768,256,Scatter,379.8485000004348,16.563066591003516,737.8176999964126,8.527114489162555
dma_hardened2,xilinx_u280_xdma_201920_3,3,2,6,768,256,Scatter,410.28649999930167,15.334299325009983,614.8542000005364,10.23243559203875
dma_hardened2,xilinx_u280_xdma_201920_3,3,2,6,768,256,Scatter,353.8154999944254,17.781742179466775,651.3721999965583,9.658772664896112
dma_hardened2,xilinx_u280_xdma_201920_3,3,2,6,768,256,Scatter,364.81409999851167,17.24564922250995,645.9306000010656,9.740142362027159
dma_hardened2,xilinx_u280_xdma_201920_3,3,2,6,768,256,Scatter,389.87350000070364,16.13717269829482,641.9631000028403,9.800338991403345
dma_hardened2,xilinx_u280_xdma_201920_3,3,2,6,768,256,Scatter,404.63710000153696,15.548391385703642,654.6640999999909,9.610204683592833
dma_hardened2,xilinx_u280_xdma_201920_3,3,2,6,768,256,Scatter,398.2328000006419,15.79843749683567,669.1282000019783,9.402467270070815
dma_hardened2,xilinx_u280_xdma_201920_3,3,2,6,768,256,Scatter,378.27369999945404,16.63202067711575,641.957199997023,9.800429062917551
dma_hardened2,xilinx_u280_xdma_201920_3,3,2,6,768,256,Scatter,384.1579000038564,16.377265702298047,649.1167000035603,9.692334213501967
dma_hardened2,xilinx_u280_xdma_201920_3,3,2,6,768,256,Scatter,335.4802999979256,18.75357807906724,632.2220000015477,9.95133987742375
dma_hardened2,xilinx_u280_xdma_201920_3,3,2,6,768,256,Scatter,369.2284999999629,17.039464721711983,645.2143000046817,9.750955612661327
dma_hardened2,xilinx_u280_xdma_201920_3,3,2,6,768,256,Scatter,364.0484000015931,17.28192185427121,647.6878000000852,9.71371700995321
dma_hardened2,xilinx_u280_xdma_201920_3,3,2,6,768,256,Scatter,367.14470000447363,17.13617546412447,635.9760000009373,9.892599720729597
dma_hardened2,xilinx_u280_xdma_201920_3,3,2,6,768,256,Scatter,393.8334999986637,15.974913256544575,636.9859000017186,9.876915642847079
dma_hardened2,xilinx_u280_xdma_201920_3,3,2,6,768,256,Scatter,368.2421999997132,17.085103228269055,597.9044000014255,10.522511625579273
dma_hardened2,xilinx_u280_xdma_201920_3,3,2,6,768,256,Scatter,358.5183999973651,17.548488445910273,630.0381000016841,9.985834190000862
dma_hardened2,xilinx_u280_xdma_201920_3,3,2,6,768,256,Scatter,377.911700002187,16.647952418418352,640.348899997889,9.825043815989595
dma_hardened2,xilinx_u280_xdma_201920_3,3,2,6,768,256,Scatter,421.65650000356436,14.920808762456685,655.8718000007957,9.592508779905412
dma_hardened2,xilinx_u280_xdma_201920_3,3,2,6,768,256,Scatter,371.94999999883294,16.91478962231413,641.179399997327,9.812317738258946
dma_hardened2,xilinx_u280_xdma_201920_3,3,2,6,768,256,Scatter,360.13740000271355,17.46959910287739,646.6240999998263,9.729696124845471
dma_hardened2,xilinx_u280_xdma_201920_3,3,2,6,1536,256,Scatter,628.916499999832,20.007285545860796,1017.7864000013415,12.363018409347399
dma_hardened2,xilinx_u280_xdma_201920_3,3,2,6,1536,256,Scatter,588.6693000036303,21.375179578623182,942.2645000029206,13.353906466773394
dma_hardened2,xilinx_u280_xdma_201920_3,3,2,6,1536,256,Scatter,628.440100001626,20.0224524182455,999.1859999956888,12.593162834601657
dma_hardened2,xilinx_u280_xdma_201920_3,3,2,6,1536,256,Scatter,624.2122000003292,20.15806804159445,936.6829000043708,13.433481063806422
dma_hardened2,xilinx_u280_xdma_201920_3,3,2,6,1536,256,Scatter,639.064900002495,19.68956830511404,987.3196000000917,12.744517580729514
dma_hardened2,xilinx_u280_xdma_201920_3,3,2,6,1536,256,Scatter,588.9992000049915,21.363207284311024,969.6076000011544,12.977324022609784
dma_hardened2,xilinx_u280_xdma_201920_3,3,2,6,1536,256,Scatter,653.7882999964495,19.246156592383702,898.1138999956784,14.010374408035048
dma_hardened2,xilinx_u280_xdma_201920_3,3,2,6,1536,256,Scatter,618.3276999990994,20.349908309167336,1003.3936000013455,12.540355051081775
dma_hardened2,xilinx_u280_xdma_201920_3,3,2,6,1536,256,Scatter,607.5546000033683,20.710750934862876,944.9829000004684,13.315491740637595
dma_hardened2,xilinx_u280_xdma_201920_3,3,2,6,1536,256,Scatter,609.9788000028639,20.628441512952456,1004.6224000006987,12.525016364348684
dma_hardened2,xilinx_u280_xdma_201920_3,3,2,6,1536,256,Scatter,647.0251999985521,19.447329099435628,924.5505999956549,13.609760244662796
dma_hardened2,xilinx_u280_xdma_201920_3,3,2,6,1536,256,Scatter,585.0656000006893,21.506839574887287,968.8229000005322,12.987835031555393
dma_hardened2,xilinx_u280_xdma_201920_3,3,2,6,1536,256,Scatter,580.3096000022379,21.683101571904853,977.6944999998703,12.869983415066434
dma_hardened2,xilinx_u280_xdma_201920_3,3,2,6,1536,256,Scatter,589.4204000014724,21.347941129910954,931.8022000002202,13.503844485446617
dma_hardened2,xilinx_u280_xdma_201920_3,3,2,6,1536,256,Scatter,632.2267999962605,19.90252864964665,975.069399999029,12.904632224139666
dma_hardened2,xilinx_u280_xdma_201920_3,3,2,6,1536,256,Scatter,624.0346999959456,20.16380178871744,967.214199999944,13.009436792802182
dma_hardened2,xilinx_u280_xdma_201920_3,3,2,6,1536,256,Scatter,592.547899998408,21.235265537239787,916.8981000016174,13.723348319707286
dma_hardened2,xilinx_u280_xdma_201920_3,3,2,6,1536,256,Scatter,578.2493999959115,21.7603546153078,875.5595000025096,14.37128144913502
dma_hardened2,xilinx_u280_xdma_201920_3,3,2,6,1536,256,Scatter,644.7180999998636,19.51692065106077,904.4303999985459,13.912526602401059
dma_hardened2,xilinx_u280_xdma_201920_3,3,2,6,1536,256,Scatter,576.9579000002523,21.809064404862983,964.0027999978429,13.052775365411964
dma_hardened2,xilinx_u280_xdma_201920_3,3,2,6,3072,256,Scatter,969.906600005288,25.946646821315365,1538.0634999985432,16.362018863345913
dma_hardened2,xilinx_u280_xdma_201920_3,3,2,6,3072,256,Scatter,946.999899997536,26.57426257390891,1627.8462999991916,15.459582394242316
dma_hardened2,xilinx_u280_xdma_201920_3,3,2,6,3072,256,Scatter,981.3526000016283,25.644018266174914,1600.0416999986555,15.728230083016678
dma_hardened2,xilinx_u280_xdma_201920_3,3,2,6,3072,256,Scatter,982.8087000016694,25.606024855047835,1596.0448000043925,15.767617550541651
dma_hardened2,xilinx_u280_xdma_201920_3,3,2,6,3072,256,Scatter,999.5172000003549,25.17797992870064,1593.9941999988605,15.787901863142281
dma_hardened2,xilinx_u280_xdma_201920_3,3,2,6,3072,256,Scatter,1027.65780000027,24.48852526589433,1588.6249000004682,15.841262465414324
dma_hardened2,xilinx_u280_xdma_201920_3,3,2,6,3072,256,Scatter,956.9019000025492,26.299272683995046,1638.490299995965,15.359153484193332
dma_hardened2,xilinx_u280_xdma_201920_3,3,2,6,3072,256,Scatter,959.7924999980023,26.220067358363792,1594.2461000008734,15.78540728434977
dma_hardened2,xilinx_u280_xdma_201920_3,3,2,6,3072,256,Scatter,954.138200000898,26.375449594174423,1530.2387000019735,16.44568523849746
dma_hardened2,xilinx_u280_xdma_201920_3,3,2,6,3072,256,Scatter,1010.9677999992073,24.89280469666762,1590.9556999986307,15.81805451906779
dma_hardened2,xilinx_u280_xdma_201920_3,3,2,6,3072,256,Scatter,1033.4935000003043,24.350248937214012,1549.733600000991,16.238806463242398
dma_hardened2,xilinx_u280_xdma_201920_3,3,2,6,3072,256,Scatter,1006.0664999969049,25.01407610737205,1584.6065000005183,15.881434286677335
dma_hardened2,xilinx_u280_xdma_201920_3,3,2,6,3072,256,Scatter,944.8536999968837,26.63462502192985,1516.6739999983747,16.592770760247074
dma_hardened2,xilinx_u280_xdma_201920_3,3,2,6,3072,256,Scatter,1022.1041000022524,24.621586000823736,1532.6049999998759,16.420293552482235
dma_hardened2,xilinx_u280_xdma_201920_3,3,2,6,3072,256,Scatter,963.0130999994435,26.132379715306616,1546.9465000023774,16.268063569077096
dma_hardened2,xilinx_u280_xdma_201920_3,3,2,6,3072,256,Scatter,958.2079000040267,26.2634278008919,1544.058600001108,16.298490225683103
dma_hardened2,xilinx_u280_xdma_201920_3,3,2,6,3072,256,Scatter,973.8402000039059,25.841841402623412,1526.5494000004765,16.485430474763636
dma_hardened2,xilinx_u280_xdma_201920_3,3,2,6,3072,256,Scatter,976.74090000055,25.765096966847427,1531.655700000556,16.430470633831654
dma_hardened2,xilinx_u280_xdma_201920_3,3,2,6,3072,256,Scatter,942.0031999979983,26.71522134962331,1495.3893999972934,16.828943685200354
dma_hardened2,xilinx_u280_xdma_201920_3,3,2,6,3072,256,Scatter,975.3045999957521,25.803040404105147,1584.882600002402,15.878667606018174
dma_hardened2,xilinx_u280_xdma_201920_3,3,2,6,6144,256,Scatter,1843.1641000006493,27.30719852886798,2988.3183999970697,16.8427996160146
dma_hardened2,xilinx_u280_xdma_201920_3,3,2,6,6144,256,Scatter,1897.9532000003019,26.518908896168774,2979.3155999982446,16.89369464585412
dma_hardened2,xilinx_u280_xdma_201920_3,3,2,6,6144,256,Scatter,1902.59889999993,26.45415594427278,3063.2588000003125,16.43075276564777
dma_hardened2,xilinx_u280_xdma_201920_3,3,2,6,6144,256,Scatter,1911.7488000006233,26.327542614376735,3037.3091000001295,16.57113133464021
dma_hardened2,xilinx_u280_xdma_201920_3,3,2,6,6144,256,Scatter,1912.33070000294,26.319531449201033,3075.5709999993996,16.36497677992471
dma_hardened2,xilinx_u280_xdma_201920_3,3,2,6,6144,256,Scatter,1973.1949000004076,25.507692119004364,3063.627500000621,16.42877536514795
dma_hardened2,xilinx_u280_xdma_201920_3,3,2,6,6144,256,Scatter,1858.6361000018314,27.079882931333575,2972.9072999998607,16.930110131588147
dma_hardened2,xilinx_u280_xdma_201920_3,3,2,6,6144,256,Scatter,1913.7891000013951,26.29947469131437,2971.0365000028105,16.940770670421713
dma_hardened2,xilinx_u280_xdma_201920_3,3,2,6,6144,256,Scatter,1872.7314999978262,26.8760620516387,2977.8807000013785,16.90183491903376
dma_hardened2,xilinx_u280_xdma_201920_3,3,2,6,6144,256,Scatter,1896.4892999974836,26.539378840717312,3051.7186999986734,16.492885795804796
dma_hardened2,xilinx_u280_xdma_201920_3,3,2,6,6144,256,Scatter,1848.460100001148,27.228961014613592,3057.335700003705,16.462584726936925
dma_hardened2,xilinx_u280_xdma_201920_3,3,2,6,6144,256,Scatter,1906.7672999995011,26.39632429191185,2977.810300001238,16.90223450431986
dma_hardened2,xilinx_u280_xdma_201920_3,3,2,6,6144,256,Scatter,1826.0153000028367,27.563650753595446,2951.040299996066,17.05556105081557
dma_hardened2,xilinx_u280_xdma_201920_3,3,2,6,6144,256,Scatter,1930.623700002343,26.07014924759233,3139.56090000147,16.031429108438836
dma_hardened2,xilinx_u280_xdma_201920_3,3,2,6,6144,256,Scatter,1917.8791999991063,26.243388009017174,3042.378100002452,16.543521661544776
dma_hardened2,xilinx_u280_xdma_201920_3,3,2,6,6144,256,Scatter,1933.6327000019082,26.029580488554174,2998.8731999992524,16.783519890074896
dma_hardened2,xilinx_u280_xdma_201920_3,3,2,6,6144,256,Scatter,1847.019500002034,27.25019849543796,3021.846300003972,16.65592588211182
dma_hardened2,xilinx_u280_xdma_201920_3,3,2,6,6144,256,Scatter,1912.0559999976194,26.323312706355182,3020.621799998935,16.662677863219336
dma_hardened2,xilinx_u280_xdma_201920_3,3,2,6,6144,256,Scatter,1912.4471999987236,26.317928149877076,3013.4833999966304,16.702148749203754
dma_hardened2,xilinx_u280_xdma_201920_3,3,2,6,6144,256,Scatter,1938.8750000018717,25.95920211460327,3033.825400001433,16.590159736936812
dma_hardened2,xilinx_u280_xdma_201920_3,3,2,6,12288,256,Scatter,3304.0894000009757,30.466274913738793,5329.699399999299,18.88723705506041
dma_hardened2,xilinx_u280_xdma_201920_3,3,2,6,12288,256,Scatter,3330.337199997757,30.226157279229202,5366.405099999838,18.758050151674727
dma_hardened2,xilinx_u280_xdma_201920_3,3,2,6,12288,256,Scatter,3364.394199996923,29.920184739378062,5307.085099997266,18.96771845622974
dma_hardened2,xilinx_u280_xdma_201920_3,3,2,6,12288,256,Scatter,3346.3369999992665,30.081637324639466,5296.318800003519,19.006275830664332
dma_hardened2,xilinx_u280_xdma_201920_3,3,2,6,12288,256,Scatter,3351.1954999994487,30.038025534474656,5268.283200001633,19.10741928223767
dma_hardened2,xilinx_u280_xdma_201920_3,3,2,6,12288,256,Scatter,3321.528499998294,30.306317106733147,5327.112700001635,18.896408179982583
dma_hardened2,xilinx_u280_xdma_201920_3,3,2,6,12288,256,Scatter,3368.9479000031497,29.879742574797874,5312.206299998934,18.949432743231416
dma_hardened2,xilinx_u280_xdma_201920_3,3,2,6,12288,256,Scatter,3329.9951999993027,30.22926159173475,5371.50810000071,18.740229768989213
dma_hardened2,xilinx_u280_xdma_201920_3,3,2,6,12288,256,Scatter,3389.1073999996024,29.702008263300186,5249.247799997647,19.17670870863538
dma_hardened2,xilinx_u280_xdma_201920_3,3,2,6,12288,256,Scatter,3344.4853999981206,30.098291354495544,5289.905799997996,19.02931730845531
dma_hardened2,xilinx_u280_xdma_201920_3,3,2,6,12288,256,Scatter,3365.671699998529,29.90882800602447,5266.809199997624,19.11276679626925
dma_hardened2,xilinx_u280_xdma_201920_3,3,2,6,12288,256,Scatter,3327.999600003295,30.247388250858062,5292.505300002404,19.0199707499498
dma_hardened2,xilinx_u280_xdma_201920_3,3,2,6,12288,256,Scatter,3366.755000001831,29.899204426798285,5250.791499997831,19.171070875703517
dma_hardened2,xilinx_u280_xdma_201920_3,3,2,6,12288,256,Scatter,3303.567599999724,30.471087075684,5323.153899996669,18.91046133384627
dma_hardened2,xilinx_u280_xdma_201920_3,3,2,6,12288,256,Scatter,3397.956899999599,29.624653567563463,5231.7731000016465,19.240761033762784
dma_hardened2,xilinx_u280_xdma_201920_3,3,2,6,12288,256,Scatter,3350.933699999814,30.040372329660116,5336.576000001969,18.86289935718387
dma_hardened2,xilinx_u280_xdma_201920_3,3,2,6,12288,256,Scatter,3354.172199999539,30.01136793156113,5275.482600001169,19.081343572240705
dma_hardened2,xilinx_u280_xdma_201920_3,3,2,6,12288,256,Scatter,3316.721599998118,30.350239827200788,5262.720600001103,19.127615477055517
dma_hardened2,xilinx_u280_xdma_201920_3,3,2,6,12288,256,Scatter,3321.119899999303,30.31004571681412,5254.798699996854,19.15645141650436
dma_hardened2,xilinx_u280_xdma_201920_3,3,2,6,12288,256,Scatter,3330.474899996716,30.224907565014004,5253.277799999978,19.161997486597876
dma_hardened2,xilinx_u280_xdma_201920_3,3,2,6,24576,256,Scatter,6171.063000005006,32.62429698089886,9664.01090000204,20.83261226453682
dma_hardened2,xilinx_u280_xdma_201920_3,3,2,6,24576,256,Scatter,6159.928599998921,32.68326714047226,9593.138299999282,20.986520334019897
dma_hardened2,xilinx_u280_xdma_201920_3,3,2,6,24576,256,Scatter,6185.643600002777,32.547396038127644,9604.70869999881,20.961238730751404
dma_hardened2,xilinx_u280_xdma_201920_3,3,2,6,24576,256,Scatter,6210.105600001725,32.41918977995222,9686.228000003894,20.784828934433413
dma_hardened2,xilinx_u280_xdma_201920_3,3,2,6,24576,256,Scatter,6185.092800001257,32.55029447576908,9620.006199997988,20.92790667848448
dma_hardened2,xilinx_u280_xdma_201920_3,3,2,6,24576,256,Scatter,6154.077200000074,32.71434293999392,9563.29900000128,21.05200224315616
dma_hardened2,xilinx_u280_xdma_201920_3,3,2,6,24576,256,Scatter,6194.670000002134,32.499970458463594,9579.140800002506,21.017186844142362
dma_hardened2,xilinx_u280_xdma_201920_3,3,2,6,24576,256,Scatter,6123.759499996595,32.87630613189691,9592.524299995375,20.987863642951318
dma_hardened2,xilinx_u280_xdma_201920_3,3,2,6,24576,256,Scatter,6165.229599997701,32.65516534859871,9576.431000004959,21.023133983829233
dma_hardened2,xilinx_u280_xdma_201920_3,3,2,6,24576,256,Scatter,6187.964599996576,32.5351880649271,9571.295299997473,21.034414432919352
dma_hardened2,xilinx_u280_xdma_201920_3,3,2,6,24576,256,Scatter,6176.063800000975,32.59788087033172,9633.221300003925,20.8991972394445
dma_hardened2,xilinx_u280_xdma_201920_3,3,2,6,24576,256,Scatter,6167.484600001671,32.64322573256939,9542.291100001421,21.09834943098414
dma_hardened2,xilinx_u280_xdma_201920_3,3,2,6,24576,256,Scatter,6174.902399999382,32.60401200835501,9508.962299997847,21.172298895332204
dma_hardened2,xilinx_u280_xdma_201920_3,3,2,6,24576,256,Scatter,6130.352100001346,32.84095084847668,9575.442199997042,21.025304920128097
dma_hardened2,xilinx_u280_xdma_201920_3,3,2,6,24576,256,Scatter,6184.780800003864,32.55193652131927,9572.179700001016,21.032471005530603
dma_hardened2,xilinx_u280_xdma_201920_3,3,2,6,24576,256,Scatter,6173.4645000001365,32.61160601150222,9514.267800000198,21.16049245534121
dma_hardened2,xilinx_u280_xdma_201920_3,3,2,6,24576,256,Scatter,6179.105100000015,32.58183648632219,9555.217600001242,21.069807138664622
dma_hardened2,xilinx_u280_xdma_201920_3,3,2,6,24576,256,Scatter,6137.1328000007,32.80466604861101,9625.021800002287,20.91700114382621
dma_hardened2,xilinx_u280_xdma_201920_3,3,2,6,24576,256,Scatter,6184.544200004893,32.55318184965687,9612.823100002288,20.94354487808603
dma_hardened2,xilinx_u280_xdma_201920_3,3,2,6,24576,256,Scatter,6193.5629000004155,32.50577983150643,9612.82019999885,20.94355119635173
experiment,board_instance,number of nodes,rank id,number of banks,buffer size[KB],segment_size[KB],collective name,execution_time[us],throughput[Gbps],execution_time_fullpath[us],throughput_fullpath[Gbps]
dma_hardened2,xilinx_u280_xdma_201920_3,3,2,6,1,256,Gather,225.41569999816602,0.03634174549539651,324.39510000017435,0.02525315579672935
dma_hardened2,xilinx_u280_xdma_201920_3,3,2,6,1,256,Gather,194.72519999794713,0.04206954210387953,284.29199999777666,0.028815443276856426
dma_hardened2,xilinx_u280_xdma_201920_3,3,2,6,1,256,Gather,179.2027999954371,0.04571357144089594,283.5748999984844,0.02888831134223721
dma_hardened2,xilinx_u280_xdma_201920_3,3,2,6,1,256,Gather,174.52370000228257,0.04693918361742765,276.16809999813086,0.02966309287732886
dma_hardened2,xilinx_u280_xdma_201920_3,3,2,6,1,256,Gather,195.68010000057257,0.041864246798606654,286.8145999968874,0.028562004863381788
dma_hardened2,xilinx_u280_xdma_201920_3,3,2,6,1,256,Gather,192.78359999930217,0.04249324112647369,318.96410000058495,0.025683141143423276
dma_hardened2,xilinx_u280_xdma_201920_3,3,2,6,1,256,Gather,176.79270000030556,0.046336754854616975,321.5881000016907,0.025473579401591454
dma_hardened2,xilinx_u280_xdma_201920_3,3,2,6,1,256,Gather,191.3654000020415,0.04280815654194858,305.9236000012788,0.026777927560886955
dma_hardened2,xilinx_u280_xdma_201920_3,3,2,6,1,256,Gather,194.99189999692135,0.04201200152482919,302.8895999989345,0.02704615807221119
dma_hardened2,xilinx_u280_xdma_201920_3,3,2,6,1,256,Gather,176.5190000014627,0.04640860190649232,307.31290000289846,0.026656869919625032
dma_hardened2,xilinx_u280_xdma_201920_3,3,2,6,1,256,Gather,188.07509999874128,0.04355706842668076,300.3958999954648,0.02727067846173559
dma_hardened2,xilinx_u280_xdma_201920_3,3,2,6,1,256,Gather,187.70469999935813,0.043643020126976115,293.60080000060407,0.027901831330102458
dma_hardened2,xilinx_u280_xdma_201920_3,3,2,6,1,256,Gather,175.1471999966725,0.04677208656578943,324.80749999876934,0.025221092493341556
dma_hardened2,xilinx_u280_xdma_201920_3,3,2,6,1,256,Gather,189.32209999888983,0.04327017289607519,291.19430000150714,0.028132418800634492
dma_hardened2,xilinx_u280_xdma_201920_3,3,2,6,1,256,Gather,185.8346000005895,0.04408221073994839,300.6697000046188,0.027245844858574567
dma_hardened2,xilinx_u280_xdma_201920_3,3,2,6,1,256,Gather,173.52959999925588,0.04720808438465327,280.18660000270756,0.029237658046176503
dma_hardened2,xilinx_u280_xdma_201920_3,3,2,6,1,256,Gather,196.80300000004536,0.04162538172689498,304.188300003716,0.02693068734037412
dma_hardened2,xilinx_u280_xdma_201920_3,3,2,6,1,256,Gather,201.89510000250266,0.0405755265972203,316.2571000018488,0.02590297577493789
dma_hardened2,xilinx_u280_xdma_201920_3,3,2,6,1,256,Gather,183.75760000139962,0.04458046905236901,285.6525000026977,0.028678201660838377
dma_hardened2,xilinx_u280_xdma_201920_3,3,2,6,1,256,Gather,196.82249999846135,0.04162125773254603,302.76019999746495,0.02705771762625534
dma_hardened2,xilinx_u280_xdma_201920_3,3,2,6,6,256,Gather,184.1122000030282,0.26696764255270194,316.9014000036441,0.15510187080093304
dma_hardened2,xilinx_u280_xdma_201920_3,3,2,6,6,256,Gather,173.76700000113487,0.2828615329704661,314.147899996442,0.15646133557014605
dma_hardened2,xilinx_u280_xdma_201920_3,3,2,6,6,256,Gather,206.0416000006171,0.23855376778210222,291.50749999757863,0.16861315746733196
dma_hardened2,xilinx_u280_xdma_201920_3,3,2,6,6,256,Gather,187.23649999969894,0.26251291815473493,303.0499999965741,0.16219105758309074
dma_hardened2,xilinx_u280_xdma_201920_3,3,2,6,6,256,Gather,176.37880000052064,0.27867294708805657,281.07389999831867,0.17487215995613262
dma_hardened2,xilinx_u280_xdma_201920_3,3,2,6,6,256,Gather,190.90970000092966,0.2574620357151085,323.50949999795375,0.15193371446684223
dma_hardened2,xilinx_u280_xdma_201920_3,3,2,6,6,256,Gather,197.582800001328,0.24876659304185203,310.5048000008992,0.15829706980329342
dma_hardened2,xilinx_u280_xdma_201920_3,3,2,6,6,256,Gather,177.25059999520454,0.27730230533115147,304.2186999948626,0.16156797725067537
dma_hardened2,xilinx_u280_xdma_201920_3,3,2,6,6,256,Gather,190.78430000263324,0.2576312621076346,285.6983000015134,0.17204162572804818
dma_hardened2,xilinx_u280_xdma_201920_3,3,2,6,6,256,Gather,182.39949999951932,0.26947442290208873,299.26090000458316,0.16424464405222078
dma_hardened2,xilinx_u280_xdma_201920_3,3,2,6,6,256,Gather,173.734599997033,0.2829142842061363,312.21840000057455,0.15742826175494318
dma_hardened2,xilinx_u280_xdma_201920_3,3,2,6,6,256,Gather,196.91409999609277,0.24961137877366468,290.6276999965485,0.1691235900796233
dma_hardened2,xilinx_u280_xdma_201920_3,3,2,6,6,256,Gather,192.07880000067235,0.25589497643585835,326.79220000204623,0.150407506665374
dma_hardened2,xilinx_u280_xdma_201920_3,3,2,6,6,256,Gather,179.31799999928444,0.27410522089358647,317.6223000025402,0.15474983966682093
dma_hardened2,xilinx_u280_xdma_201920_3,3,2,6,6,256,Gather,188.57690000118055,0.2606469827412175,284.0707000018483,0.17302734847233522
dma_hardened2,xilinx_u280_xdma_201920_3,3,2,6,6,256,Gather,193.98980000460142,0.25337414646973255,295.97940000485323,0.16606561132022715
dma_hardened2,xilinx_u280_xdma_201920_3,3,2,6,6,256,Gather,183.89470000101937,0.2672833964204925,294.076599999471,0.16714012607629583
dma_hardened2,xilinx_u280_xdma_201920_3,3,2,6,6,256,Gather,192.40450000097553,0.25546180052831813,325.7634999954462,0.15088246534890218
dma_hardened2,xilinx_u280_xdma_201920_3,3,2,6,6,256,Gather,187.61779999749706,0.26197940707467904,324.4319000032192,0.1515017481311557
dma_hardened2,xilinx_u280_xdma_201920_3,3,2,6,6,256,Gather,183.2951000039884,0.2681577412540241,296.0853999979918,0.1660061590349723
dma_hardened2,xilinx_u280_xdma_201920_3,3,2,6,12,256,Gather,201.16289999805304,0.4886785784105888,308.28000000155953,0.31887894122065236
dma_hardened2,xilinx_u280_xdma_201920_3,3,2,6,12,256,Gather,183.6022999953002,0.5354181293072928,322.1410999969976,0.30515820552210265
dma_hardened2,xilinx_u280_xdma_201920_3,3,2,6,12,256,Gather,174.46270000505137,0.5634671479757777,274.9124999979813,0.3575828672785772
dma_hardened2,xilinx_u280_xdma_201920_3,3,2,6,12,256,Gather,198.68060000476362,0.4947840906341285,310.646899998801,0.31644931914781516
dma_hardened2,xilinx_u280_xdma_201920_3,3,2,6,12,256,Gather,183.8759999998274,0.5346211577372374,293.72409999837146,0.33468142382782023
dma_hardened2,xilinx_u280_xdma_201920_3,3,2,6,12,256,Gather,181.2790999963454,0.542279832600569,283.91470000315167,0.3462448404359082
dma_hardened2,xilinx_u280_xdma_201920_3,3,2,6,12,256,Gather,196.49420000291684,0.5002895759698797,296.39630000133366,0.33166405923271536
dma_hardened2,xilinx_u280_xdma_201920_3,3,2,6,12,256,Gather,182.26349999963531,0.5393509945776126,336.28069999736,0.2923272135474077
dma_hardened2,xilinx_u280_xdma_201920_3,3,2,6,12,256,Gather,178.84600000002138,0.549657247016921,299.23820000021806,0.32851420707626355
dma_hardened2,xilinx_u280_xdma_201920_3,3,2,6,12,256,Gather,203.80320000299434,0.48234767657502775,302.64750000128515,0.32481352067861974
dma_hardened2,xilinx_u280_xdma_201920_3,3,2,6,12,256,Gather,188.97790000096393,0.5201878103180243,325.3830000005564,0.30211781193188303
dma_hardened2,xilinx_u280_xdma_201920_3,3,2,6,12,256,Gather,179.1889000003266,0.5486054102671584,311.98140000014973,0.3150957076285728
dma_hardened2,xilinx_u280_xdma_201920_3,3,2,6,12,256,Gather,199.34219999981906,0.4931419438537813,293.63560000206235,0.3347822947875175
dma_hardened2,xilinx_u280_xdma_201920_3,3,2,6,12,256,Gather,183.5147000008419,0.5356737089701752,322.85139999999046,0.3044868320224193
dma_hardened2,xilinx_u280_xdma_201920_3,3,2,6,12,256,Gather,176.85820000110652,0.5558351266686247,313.6740999991616,0.3133953361156141
dma_hardened2,xilinx_u280_xdma_201920_3,3,2,6,12,256,Gather,197.02870000060102,0.4989323890362173,296.7926999986048,0.33122108461718264
dma_hardened2,xilinx_u280_xdma_201920_3,3,2,6,12,256,Gather,184.4131000041216,0.5330640827457643,331.1031999999159,0.29689836884700893
dma_hardened2,xilinx_u280_xdma_201920_3,3,2,6,12,256,Gather,178.92640000241045,0.5494102603007475,298.1144999978369,0.32975249442986937
dma_hardened2,xilinx_u280_xdma_201920_3,3,2,6,12,256,Gather,187.94329999991533,0.5230513670880754,326.9275000036487,0.3006905200660785
dma_hardened2,xilinx_u280_xdma_201920_3,3,2,6,12,256,Gather,191.88069999813706,0.5123183311346812,296.0126000004948,0.3320939716749749
dma_hardened2,xilinx_u280_xdma_201920_3,3,2,6,24,256,Gather,171.63310000114507,1.1455133071574675,306.06349999970917,0.6423765003020184
dma_hardened2,xilinx_u280_xdma_201920_3,3,2,6,24,256,Gather,188.7442999986888,1.0416632449370171,302.9778999973587,0.6489186175021808
dma_hardened2,xilinx_u280_xdma_201920_3,3,2,6,24,256,Gather,178.84840000306212,1.0992997421091484,354.68059999743673,0.5543240876479313
dma_hardened2,xilinx_u280_xdma_201920_3,3,2,6,24,256,Gather,179.65499999945678,1.0943641980495644,292.52159999941796,0.6721144694969233
dma_hardened2,xilinx_u280_xdma_201920_3,3,2,6,24,256,Gather,195.9463999980926,1.003376433565066,332.5127000039174,0.5912796714161104
dma_hardened2,xilinx_u280_xdma_201920_3,3,2,6,24,256,Gather,192.68020000140496,1.0203850732901791,331.7468999966877,0.5926445733237086
dma_hardened2,xilinx_u280_xdma_201920_3,3,2,6,24,256,Gather,176.24920000116617,1.1155114462857088,314.909799999441,0.624331157684991
dma_hardened2,xilinx_u280_xdma_201920_3,3,2,6,24,256,Gather,185.28130000277088,1.0611324510193945,291.5319000010186,0.6743961809987623
dma_hardened2,xilinx_u280_xdma_201920_3,3,2,6,24,256,Gather,186.42720000343616,1.05461005688213,315.37439999738126,0.6234114119650567
dma_hardened2,xilinx_u280_xdma_201920_3,3,2,6,24,256,Gather,181.18419999950675,1.0851277318912755,280.67769999893244,0.7004760264201532
dma_hardened2,xilinx_u280_xdma_201920_3,3,2,6,24,256,Gather,204.04389999839623,0.9635573521264068,319.752799998696,0.6148749909330015
dma_hardened2,xilinx_u280_xdma_201920_3,3,2,6,24,256,Gather,189.52660000195465,1.0373636207158907,348.21620000116127,0.5646147422186112
dma_hardened2,xilinx_u280_xdma_201920_3,3,2,6,24,256,Gather,182.8901000010319,1.0750062469148998,316.34090000238757,0.6215067352925787
dma_hardened2,xilinx_u280_xdma_201920_3,3,2,6,24,256,Gather,195.91700000205492,1.0035270037716884,314.82210000035593,0.6245050776288504
dma_hardened2,xilinx_u280_xdma_201920_3,3,2,6,24,256,Gather,198.31719999956476,0.9913814838069087,317.15030000327715,0.6199205865419911
dma_hardened2,xilinx_u280_xdma_201920_3,3,2,6,24,256,Gather,180.90629999960584,1.0867946555782102,319.5481000034306,0.615268875007829
dma_hardened2,xilinx_u280_xdma_201920_3,3,2,6,24,256,Gather,201.56709999810118,0.9753972746636336,310.589399998662,0.6330158080116289
dma_hardened2,xilinx_u280_xdma_201920_3,3,2,6,24,256,Gather,200.41180000021086,0.9810200796549561,333.3607000001848,0.5897755794246022
dma_hardened2,xilinx_u280_xdma_201920_3,3,2,6,24,256,Gather,180.13640000162923,1.091439597983649,311.11870000017916,0.6319388709193204
dma_hardened2,xilinx_u280_xdma_201920_3,3,2,6,24,256,Gather,207.41220000104477,0.9479095250858418,318.53090000026896,0.6172336812530087
dma_hardened2,xilinx_u280_xdma_201920_3,3,2,6,48,256,Gather,186.43619999920702,2.109118293559258,326.1830999974791,1.2055069683347759
dma_hardened2,xilinx_u280_xdma_201920_3,3,2,6,48,256,Gather,191.85909999919204,2.04950403708584,326.68479999529154,1.2036556338270632
dma_hardened2,xilinx_u280_xdma_201920_3,3,2,6,48,256,Gather,204.69670000125006,1.9209689262093557,319.36660000155825,1.2312370798890098
dma_hardened2,xilinx_u280_xdma_201920_3,3,2,6,48,256,Gather,195.35200000291297,2.0128588393982993,334.02550000118936,1.1772035368515275
dma_hardened2,xilinx_u280_xdma_201920_3,3,2,6,48,256,Gather,199.60179999998218,1.9700022745287624,310.69340000158263,1.265607830736015
dma_hardened2,xilinx_u280_xdma_201920_3,3,2,6,48,256,Gather,200.13110000149936,1.9647920787776316,308.5550000037074,1.2743789599756135
dma_hardened2,xilinx_u280_xdma_201920_3,3,2,6,48,256,Gather,192.89879999746518,2.0384574709908363,345.2614999957859,1.1388932736630044
dma_hardened2,xilinx_u280_xdma_201920_3,3,2,6,48,256,Gather,186.110100003134,2.1128138665949803,301.0247000020172,1.3062582572040269
dma_hardened2,xilinx_u280_xdma_201920_3,3,2,6,48,256,Gather,206.26140000103987,1.9063964464413485,338.45730000052754,1.16178909422071
dma_hardened2,xilinx_u280_xdma_201920_3,3,2,6,48,256,Gather,187.3625999962769,2.09868992001506,301.52560000260564,1.3040882764070514
dma_hardened2,xilinx_u280_xdma_201920_3,3,2,6,48,256,Gather,177.34580000023925,2.2172275858772497,325.28309999975136,1.2088423899068244
dma_hardened2,xilinx_u280_xdma_201920_3,3,2,6,48,256,Gather,211.47190000192495,1.8594243490337048,293.73429999850487,1.3386792077125536
dma_hardened2,xilinx_u280_xdma_201920_3,3,2,6,48,256,Gather,195.0430000022152,2.0160477432952426,332.38490000258025,1.1830140298098606
dma_hardened2,xilinx_u280_xdma_201920_3,3,2,6,48,256,Gather,193.2275000001482,2.034989843576605,318.8960999978008,1.2330536497709184
dma_hardened2,xilinx_u280_xdma_201920_3,3,2,6,48,256,Gather,208.63020000092547,1.8847511050569656,352.1881000040139,1.1164942824459954
dma_hardened2,xilinx_u280_xdma_201920_3,3,2,6,48,256,Gather,201.96270000383265,1.9469733767301485,328.21579999904316,1.1980410449501404
dma_hardened2,xilinx_u280_xdma_201920_3,3,2,6,48,256,Gather,184.4344000005549,2.1320100805425506,341.75220000065565,1.1505880576606256
dma_hardened2,xilinx_u280_xdma_201920_3,3,2,6,48,256,Gather,207.1171000011418,1.8985202090886375,301.6709999997147,1.3034597293089887
dma_hardened2,xilinx_u280_xdma_201920_3,3,2,6,48,256,Gather,195.89519999954064,2.0072773605525915,358.0684000041856,1.0981588992365803
dma_hardened2,xilinx_u280_xdma_201920_3,3,2,6,48,256,Gather,192.4317999964842,2.043404468529548,309.72010000027694,1.2695850220881642
dma_hardened2,xilinx_u280_xdma_201920_3,3,2,6,96,256,Gather,218.37329999812027,3.601319392099535,357.0910000007643,2.2023293782210045
dma_hardened2,xilinx_u280_xdma_201920_3,3,2,6,96,256,Gather,210.2033999960895,3.7412905786235156,339.5350999994662,2.316202360230905
dma_hardened2,xilinx_u280_xdma_201920_3,3,2,6,96,256,Gather,194.9457000023358,4.0341079592449445,343.5717000002114,2.2889894598405984
dma_hardened2,xilinx_u280_xdma_201920_3,3,2,6,96,256,Gather,198.93539999884524,3.953202899054492,378.0428000027314,2.080272392423075
dma_hardened2,xilinx_u280_xdma_201920_3,3,2,6,96,256,Gather,207.00950000218654,3.7990140548703963,350.1561000007314,2.245946879115792
dma_hardened2,xilinx_u280_xdma_201920_3,3,2,6,96,256,Gather,188.0445999972835,4.182156786269644,344.36669999990954,2.283705131768567
dma_hardened2,xilinx_u280_xdma_201920_3,3,2,6,96,256,Gather,207.95450000150595,3.78175033478143,340.531900002361,2.309422406519176
dma_hardened2,xilinx_u280_xdma_201920_3,3,2,6,96,256,Gather,197.56359999973938,3.9806523064017734,354.6013999994102,2.217791582326827
dma_hardened2,xilinx_u280_xdma_201920_3,3,2,6,96,256,Gather,195.12000000077023,4.03050430502714,337.06340000208,2.333187168927706
dma_hardened2,xilinx_u280_xdma_201920_3,3,2,6,96,256,Gather,223.2235999997556,3.5230683494077732,334.10029999458857,2.353879957643671
dma_hardened2,xilinx_u280_xdma_201920_3,3,2,6,96,256,Gather,204.0171000032842,3.8547357059155343,334.7908999955962,2.349024420945565
dma_hardened2,xilinx_u280_xdma_201920_3,3,2,6,96,256,Gather,193.24719999644913,4.069564785489521,348.9212999966185,2.25389507607481
dma_hardened2,xilinx_u280_xdma_201920_3,3,2,6,96,256,Gather,198.21070000034524,3.9676566401240208,321.135100000447,2.448913245543403
dma_hardened2,xilinx_u280_xdma_201920_3,3,2,6,96,256,Gather,208.16650000483605,3.777898941384564,374.199300000555,2.1016394204875146
dma_hardened2,xilinx_u280_xdma_201920_3,3,2,6,96,256,Gather,191.77399999534828,4.100827015231866,315.22539999855326,2.494824338405501
dma_hardened2,xilinx_u280_xdma_201920_3,3,2,6,96,256,Gather,209.13690000270435,3.7603694039159548,373.3712999974159,2.1063000825329716
dma_hardened2,xilinx_u280_xdma_201920_3,3,2,6,96,256,Gather,206.76469999898472,3.803511914770082,346.78220000046167,2.2677980588362177
dma_hardened2,xilinx_u280_xdma_201920_3,3,2,6,96,256,Gather,184.27979999842137,4.267597425256252,333.2235000016226,2.3600736442542933
dma_hardened2,xilinx_u280_xdma_201920_3,3,2,6,96,256,Gather,211.89550000144663,3.7114143528042405,313.45959999953266,2.5088783371164016
dma_hardened2,xilinx_u280_xdma_201920_3,3,2,6,96,256,Gather,208.18090000034317,3.7776376218889616,360.0831000028393,2.184029186578873
dma_hardened2,xilinx_u280_xdma_201920_3,3,2,6,192,256,Gather,213.7704999995549,7.357722417280565,388.54979999882744,4.048037085605877
dma_hardened2,xilinx_u280_xdma_201920_3,3,2,6,192,256,Gather,234.29440000199975,6.713195022956483,400.8664000025419,3.9236613494920656
dma_hardened2,xilinx_u280_xdma_201920_3,3,2,6,192,256,Gather,219.93279999605875,7.151566296742397,371.05509999832975,4.238896056157373
dma_hardened2,xilinx_u280_xdma_201920_3,3,2,6,192,256,Gather,217.41929999734566,7.234242774303855,386.54730000189375,4.069007854904934
dma_hardened2,xilinx_u280_xdma_201920_3,3,2,6,192,256,Gather,228.81669999605947,6.873903871645237,347.7846999999201,4.522522123602221
dma_hardened2,xilinx_u280_xdma_201920_3,3,2,6,192,256,Gather,215.85709999953906,7.286598402384534,397.02210000314153,3.961653520011995
dma_hardened2,xilinx_u280_xdma_201920_3,3,2,6,192,256,Gather,207.59150000344562,7.576726407265681,370.7973000018683,4.241843184920913
dma_hardened2,xilinx_u280_xdma_201920_3,3,2,6,192,256,Gather,232.17809999778183,6.774385697940619,393.9318999982788,3.992730723271896
dma_hardened2,xilinx_u280_xdma_201920_3,3,2,6,192,256,Gather,226.77910000084012,6.93566558820532,372.10240000149497,4.22696548045291
dma_hardened2,xilinx_u280_xdma_201920_3,3,2,6,192,256,Gather,220.3887999996823,7.136769200623023,392.6908000039475,4.0053497560528255
dma_hardened2,xilinx_u280_xdma_201920_3,3,2,6,192,256,Gather,220.45680000246648,7.134567860834426,364.5802999983516,4.31417715111626
dma_hardened2,xilinx_u280_xdma_201920_3,3,2,6,192,256,Gather,210.51310000075318,7.4715730279701,384.6566999982315,4.089007158869796
dma_hardened2,xilinx_u280_xdma_201920_3,3,2,6,192,256,Gather,210.78160000342905,7.462055511365376,370.6263999958992,4.243799146572945
dma_hardened2,xilinx_u280_xdma_201920_3,3,2,6,192,256,Gather,218.85360000055698,7.186831745038679,363.8753000018369,4.322535769787232
dma_hardened2,xilinx_u280_xdma_201920_3,3,2,6,192,256,Gather,221.95540000211622,7.08639663637381,370.153799997297,4.249217487464631
dma_hardened2,xilinx_u280_xdma_201920_3,3,2,6,192,256,Gather,217.5996000005398,7.228248581321373,387.4504000009438,4.05952348996457
dma_hardened2,xilinx_u280_xdma_201920_3,3,2,6,192,256,Gather,234.11430000237488,6.71835936542127,410.94679999673644,3.8274151301640282
dma_hardened2,xilinx_u280_xdma_201920_3,3,2,6,192,256,Gather,228.28740000022663,6.889841489273778,407.9748000037853,3.8552969447755268
dma_hardened2,xilinx_u280_xdma_201920_3,3,2,6,192,256,Gather,212.1644999988348,7.413417419071702,405.3159000022788,3.880587956187154
dma_hardened2,xilinx_u280_xdma_201920_3,3,2,6,192,256,Gather,220.8369000015864,7.122287987146628,378.1484000001001,4.159382930086664
dma_hardened2,xilinx_u280_xdma_201920_3,3,2,6,384,256,Gather,260.8702000031826,12.058594657272552,485.0996000016039,6.484705408929629
dma_hardened2,xilinx_u280_xdma_201920_3,3,2,6,384,256,Gather,261.17190000150003,12.0446648356195,472.2007999987454,6.66184385966385
dma_hardened2,xilinx_u280_xdma_201920_3,3,2,6,384,256,Gather,253.98809999614969,12.385336163574937,427.201600001581,7.363567926684634
dma_hardened2,xilinx_u280_xdma_201920_3,3,2,6,384,256,Gather,283.8623999991796,11.081876289389124,452.31799999783107,6.954682325300086
dma_hardened2,xilinx_u280_xdma_201920_3,3,2,6,384,256,Gather,278.36680000064007,11.300657980738961,478.2743000021128,6.577246571655854
dma_hardened2,xilinx_u280_xdma_201920_3,3,2,6,384,256,Gather,252.03399999895737,12.481363625594218,434.19599999765524,7.244949285615224
dma_hardened2,xilinx_u280_xdma_201920_3,3,2,6,384,256,Gather,257.4419999973543,12.219171697051484,468.27369999959956,6.7177123122709865
dma_hardened2,xilinx_u280_xdma_201920_3,3,2,6,384,256,Gather,276.64529999924525,11.370979373257315,446.5842000001885,7.043975133913543
dma_hardened2,xilinx_u280_xdma_201920_3,3,2,6,384,256,Gather,259.7257999980229,12.11172705993762,444.0139000053023,7.084751175497963
dma_hardened2,xilinx_u280_xdma_201920_3,3,2,6,384,256,Gather,263.0366999994749,11.959274124128992,456.66500000152155,6.8884806148698035
dma_hardened2,xilinx_u280_xdma_201920_3,3,2,6,384,256,Gather,268.7752999975146,11.703932615940115,452.9608999973789,6.94481135130693
dma_hardened2,xilinx_u280_xdma_201920_3,3,2,6,384,256,Gather,296.9580000012684,10.59317479234964,459.84239999938836,6.840882876403272
dma_hardened2,xilinx_u280_xdma_201920_3,3,2,6,384,256,Gather,253.9278000028844,12.38827729757934,446.1862999960431,7.050256809830103
dma_hardened2,xilinx_u280_xdma_201920_3,3,2,6,384,256,Gather,256.5154000023995,12.263310506778831,453.42419999769845,6.937715278575708
dma_hardened2,xilinx_u280_xdma_201920_3,3,2,6,384,256,Gather,264.48780000123406,11.893660123398217,445.95850000064274,7.053858150467962
dma_hardened2,xilinx_u280_xdma_201920_3,3,2,6,384,256,Gather,252.505899999278,12.458037614206223,480.6812000026639,6.544312529765189
dma_hardened2,xilinx_u280_xdma_201920_3,3,2,6,384,256,Gather,277.3685999954978,11.341327028549955,473.6540999999761,6.641403505216483
dma_hardened2,xilinx_u280_xdma_201920_3,3,2,6,384,256,Gather,262.948899995763,11.963267387886729,456.0921999996026,6.897131764153697
dma_hardened2,xilinx_u280_xdma_201920_3,3,2,6,384,256,Gather,270.24880000112717,11.640118290948488,449.33479999826886,7.000855486848826
dma_hardened2,xilinx_u280_xdma_201920_3,3,2,6,384,256,Gather,262.7701999983856,11.971403150050223,472.41009999652306,6.658892348032255
dma_hardened2,xilinx_u280_xdma_201920_3,3,2,6,768,256,Gather,376.0303999968073,16.731243006026688,657.3039000045355,9.571609114074308
dma_hardened2,xilinx_u280_xdma_201920_3,3,2,6,768,256,Gather,366.15729999880386,17.182385821668863,655.5083000023387,9.597828128152692
dma_hardened2,xilinx_u280_xdma_201920_3,3,2,6,768,256,Gather,389.70789999552835,16.144029926188797,620.0765000016872,10.146257760103602
dma_hardened2,xilinx_u280_xdma_201920_3,3,2,6,768,256,Gather,377.9972000018006,16.644186782256668,637.2945999999047,9.87213135024358
dma_hardened2,xilinx_u280_xdma_201920_3,3,2,6,768,256,Gather,376.52799999818853,16.709131857472137,608.8694000027317,10.333013943502126
dma_hardened2,xilinx_u280_xdma_201920_3,3,2,6,768,256,Gather,410.73209999922256,15.317663265208413,583.9579999985745,10.773815925144202
dma_hardened2,xilinx_u280_xdma_201920_3,3,2,6,768,256,Gather,412.3450000008688,15.257747759732126,630.4335999971045,9.979569616893668
dma_hardened2,xilinx_u280_xdma_201920_3,3,2,6,768,256,Gather,378.6138000009487,16.61708051841807,620.3740999978891,10.141390493286886
dma_hardened2,xilinx_u280_xdma_201920_3,3,2,6,768,256,Gather,379.8875000029511,16.56136619381034,589.2845999994734,10.676430369986969
dma_hardened2,xilinx_u280_xdma_201920_3,3,2,6,768,256,Gather,385.96339999799056,16.30065441446716,625.8255000034296,10.053051529484692
dma_hardened2,xilinx_u280_xdma_201920_3,3,2,6,768,256,Gather,375.3329999995003,16.76233105004989,614.7390000023734,10.23435311567301
dma_hardened2,xilinx_u280_xdma_201920_3,3,2,6,768,256,Gather,352.5588999991669,17.845120347308967,596.513400000731,10.547048901151744
dma_hardened2,xilinx_u280_xdma_201920_3,3,2,6,768,256,Gather,385.78869999810195,16.308035979361122,616.5855000006104,10.203704109152376
dma_hardened2,xilinx_u280_xdma_201920_3,3,2,6,768,256,Gather,387.6998000009735,16.227648298978234,603.6576999974841,10.422224383166522
dma_hardened2,xilinx_u280_xdma_201920_3,3,2,6,768,256,Gather,362.8261000017119,17.34014173724083,583.1359999945107,10.789002908514007
dma_hardened2,xilinx_u280_xdma_201920_3,3,2,6,768,256,Gather,393.2180999981938,15.99991455131109,583.5058999991816,10.78216347085578
dma_hardened2,xilinx_u280_xdma_201920_3,3,2,6,768,256,Gather,375.0892000027761,16.773226208468373,682.2491000036734,9.221640600135823
dma_hardened2,xilinx_u280_xdma_201920_3,3,2,6,768,256,Gather,330.51400000090325,19.035369152238047,609.488199995667,10.322523061225349
dma_hardened2,xilinx_u280_xdma_201920_3,3,2,6,768,256,Gather,396.19769999603704,15.879587387970526,593.7859999960438,10.595493999592309
dma_hardened2,xilinx_u280_xdma_201920_3,3,2,6,768,256,Gather,352.39169999954356,17.853587357500615,598.9238000040586,10.504601753941596
dma_hardened2,xilinx_u280_xdma_201920_3,3,2,6,1536,256,Gather,514.1536999985874,24.473055430768216,858.2050999962121,14.66189375949355
dma_hardened2,xilinx_u280_xdma_201920_3,3,2,6,1536,256,Gather,551.5300000013212,22.814555871792752,865.5016999966847,14.538286868816316
dma_hardened2,xilinx_u280_xdma_201920_3,3,2,6,1536,256,Gather,539.3282999989424,23.330709699499682,870.8130999991681,14.449612666612412
dma_hardened2,xilinx_u280_xdma_201920_3,3,2,6,1536,256,Gather,519.3643000040993,24.22752584245911,861.4551000050596,14.60657903113708
dma_hardened2,xilinx_u280_xdma_201920_3,3,2,6,1536,256,Gather,534.6479000024829,23.534950759072593,923.9744000012706,13.618247431944756
dma_hardened2,xilinx_u280_xdma_201920_3,3,2,6,1536,256,Gather,532.8068000039821,23.616275167482772,843.0696999994325,14.925114732516741
dma_hardened2,xilinx_u280_xdma_201920_3,3,2,6,1536,256,Gather,544.0752000026805,23.127155951857404,888.5769000016808,14.160746244895856
dma_hardened2,xilinx_u280_xdma_201920_3,3,2,6,1536,256,Gather,513.5112999994362,24.50367109743021,843.3710000019801,14.919782634179331
dma_hardened2,xilinx_u280_xdma_201920_3,3,2,6,1536,256,Gather,538.2132999955047,23.37904321596121,871.9534999954703,14.430714481982545
dma_hardened2,xilinx_u280_xdma_201920_3,3,2,6,1536,256,Gather,517.0472000031623,24.33609929600826,866.5318999987903,14.521002631314053
dma_hardened2,xilinx_u280_xdma_201920_3,3,2,6,1536,256,Gather,575.5243999999493,21.863385809534936,858.3938000015223,14.658670647408783
dma_hardened2,xilinx_u280_xdma_201920_3,3,2,6,1536,256,Gather,525.1493999992363,23.960632917067603,935.9237000012399,13.444377997889497
dma_hardened2,xilinx_u280_xdma_201920_3,3,2,6,1536,256,Gather,510.6109999985619,24.642853365938922,858.3944999998039,14.658658693645958
dma_hardened2,xilinx_u280_xdma_201920_3,3,2,6,1536,256,Gather,505.93579999826943,24.870570534923683,800.1572000011947,15.725549929415385
dma_hardened2,xilinx_u280_xdma_201920_3,3,2,6,1536,256,Gather,497.3102000008112,25.301938307276778,844.7189999969851,14.895973690712427
dma_hardened2,xilinx_u280_xdma_201920_3,3,2,6,1536,256,Gather,479.2252000015651,26.256782823522023,876.6626999999971,14.353196503056466
dma_hardened2,xilinx_u280_xdma_201920_3,3,2,6,1536,256,Gather,545.0547999998889,23.085590659879635,853.3463000048869,14.745375939320228
dma_hardened2,xilinx_u280_xdma_201920_3,3,2,6,1536,256,Gather,533.8870000002771,23.56849295823549,875.1463999999487,14.37806520143457
dma_hardened2,xilinx_u280_xdma_201920_3,3,2,6,1536,256,Gather,513.9126000017313,24.484536864746282,886.1703999968995,14.199201417745417
dma_hardened2,xilinx_u280_xdma_201920_3,3,2,6,1536,256,Gather,543.1384000019079,23.167045452790298,879.6244999984992,14.304867588410133
dma_hardened2,xilinx_u280_xdma_201920_3,3,2,6,3072,256,Gather,809.5962000027157,31.084414674766983,1336.241099994595,18.83329587759409
dma_hardened2,xilinx_u280_xdma_201920_3,3,2,6,3072,256,Gather,794.2119000006187,31.686536049107797,1330.5321999951047,18.9141036948167
dma_hardened2,xilinx_u280_xdma_201920_3,3,2,6,3072,256,Gather,793.0869999995593,31.73147964853034,1323.3651000007285,19.016538973247933
dma_hardened2,xilinx_u280_xdma_201920_3,3,2,6,3072,256,Gather,785.8820000024025,32.02239521954068,1339.9951999986115,18.780532945212098
dma_hardened2,xilinx_u280_xdma_201920_3,3,2,6,3072,256,Gather,798.7869999965369,31.505049531488503,1342.053000001897,18.751736332294197
dma_hardened2,xilinx_u280_xdma_201920_3,3,2,6,3072,256,Gather,772.1487999958754,32.59193564781093,1364.2927000034888,18.44605926568078
dma_hardened2,xilinx_u280_xdma_201920_3,3,2,6,3072,256,Gather,776.3624000006075,32.41504740567074,1365.0529000017286,18.435786627732984
dma_hardened2,xilinx_u280_xdma_201920_3,3,2,6,3072,256,Gather,785.5099000039445,32.037564389543185,1326.3572000028034,18.973639981708402
dma_hardened2,xilinx_u280_xdma_201920_3,3,2,6,3072,256,Gather,790.9962999974596,31.815349831700633,1329.8794000036196,18.923388090628
dma_hardened2,xilinx_u280_xdma_201920_3,3,2,6,3072,256,Gather,786.6245000002436,31.99216907176449,1334.0246000041134,18.86458765447234
dma_hardened2,xilinx_u280_xdma_201920_3,3,2,6,3072,256,Gather,794.6479999986877,31.669146590744024,1337.727099996755,18.812375110036307
dma_hardened2,xilinx_u280_xdma_201920_3,3,2,6,3072,256,Gather,777.3583000016515,32.373519392468744,1345.5294999971557,18.703286698696086
dma_hardened2,xilinx_u280_xdma_201920_3,3,2,6,3072,256,Gather,781.1891000017113,32.21476592536285,1340.7561999997597,18.769873299862056
dma_hardened2,xilinx_u280_xdma_201920_3,3,2,6,3072,256,Gather,800.7697000039116,31.427043255853803,1341.2272000039138,18.76328186598554
dma_hardened2,xilinx_u280_xdma_201920_3,3,2,6,3072,256,Gather,769.4841999978053,32.70479627791159,1398.7331999999242,17.991868642283862
dma_hardened2,xilinx_u280_xdma_201920_3,3,2,6,3072,256,Gather,805.9059000004254,31.226752403707078,1376.4382999966074,18.283292465824314
dma_hardened2,xilinx_u280_xdma_201920_3,3,2,6,3072,256,Gather,752.8541999988647,33.42722136641856,1364.538600000742,18.442735148706177
dma_hardened2,xilinx_u280_xdma_201920_3,3,2,6,3072,256,Gather,774.8096999989684,32.48000638096491,1323.7956000011764,19.01035477076494
dma_hardened2,xilinx_u280_xdma_201920_3,3,2,6,3072,256,Gather,762.3286000011831,33.01177995940457,1338.675400000966,18.799048671531455
dma_hardened2,xilinx_u280_xdma_201920_3,3,2,6,3072,256,Gather,774.6547000010651,32.486505277726195,1393.2455999963622,18.062733519535758
dma_hardened2,xilinx_u280_xdma_201920_3,3,2,6,6144,256,Gather,1317.3071999972308,38.207980644230744,2428.4705000013673,20.725657569227902
dma_hardened2,xilinx_u280_xdma_201920_3,3,2,6,6144,256,Gather,1318.3873999992102,38.176675535605206,2381.145099997184,21.137581241924117
dma_hardened2,xilinx_u280_xdma_201920_3,3,2,6,6144,256,Gather,1303.3903000007285,38.61594489384482,2380.859300001248,21.14011861178593
dma_hardened2,xilinx_u280_xdma_201920_3,3,2,6,6144,256,Gather,1285.0710999998682,39.166430557815175,2425.2015000001848,20.753594288967808
dma_hardened2,xilinx_u280_xdma_201920_3,3,2,6,6144,256,Gather,1308.4182000000055,38.4675541810713,2378.753099998221,21.158836535005523
dma_hardened2,xilinx_u280_xdma_201920_3,3,2,6,6144,256,Gather,1331.797599999618,37.7922651309887,2404.951099998698,20.92834569485727
dma_hardened2,xilinx_u280_xdma_201920_3,3,2,6,6144,256,Gather,1322.380799996381,38.06138746126513,2441.947599999139,20.611272739848204
dma_hardened2,xilinx_u280_xdma_201920_3,3,2,6,6144,256,Gather,1317.256400000133,38.209454135121234,2303.9885999992293,21.845441422764345
dma_hardened2,xilinx_u280_xdma_201920_3,3,2,6,6144,256,Gather,1348.064999996268,37.33621746736199,2428.348600000163,20.726697970792422
dma_hardened2,xilinx_u280_xdma_201920_3,3,2,6,6144,256,Gather,1325.8056999973178,37.96306502536671,2438.5780999978124,20.639752321258502
dma_hardened2,xilinx_u280_xdma_201920_3,3,2,6,6144,256,Gather,1332.418599997709,37.77465129958899,2394.6254999998473,21.018588501627168
dma_hardened2,xilinx_u280_xdma_201920_3,3,2,6,6144,256,Gather,1303.4789000016644,38.613320092819094,2302.2481999987576,21.86195563103368
dma_hardened2,xilinx_u280_xdma_201920_3,3,2,6,6144,256,Gather,1312.261199996101,38.35490068604447,2390.0600999979815,21.058737393274132
dma_hardened2,xilinx_u280_xdma_201920_3,3,2,6,6144,256,Gather,1319.0818999987641,38.15657541813526,2397.7204000004804,20.991458386886944
dma_hardened2,xilinx_u280_xdma_201920_3,3,2,6,6144,256,Gather,1322.4245999992945,38.06012683069178,2385.2533000024323,21.101175292346802
dma_hardened2,xilinx_u280_xdma_201920_3,3,2,6,6144,256,Gather,1317.0353000020896,38.21586862548039,2383.511800002225,21.116592751902054
dma_hardened2,xilinx_u280_xdma_201920_3,3,2,6,6144,256,Gather,1320.3943000007712,38.118649860856415,2455.779799998936,20.495179575962716
dma_hardened2,xilinx_u280_xdma_201920_3,3,2,6,6144,256,Gather,1325.7662000000892,37.9641961003355,2384.180799998603,21.110667446038274
dma_hardened2,xilinx_u280_xdma_201920_3,3,2,6,6144,256,Gather,1307.158999998137,38.50461038027642,2422.1879000037916,20.779415172506315
dma_hardened2,xilinx_u280_xdma_201920_3,3,2,6,6144,256,Gather,1345.4314999989947,37.40929805793726,2438.269499998569,20.64236459506611
dma_hardened2,xilinx_u280_xdma_201920_3,3,2,6,12288,256,Gather,2517.248499998459,39.98941542722604,4422.208799996952,22.7631259745287
dma_hardened2,xilinx_u280_xdma_201920_3,3,2,6,12288,256,Gather,2490.567900002816,40.41780832391126,4322.38820000066,23.288814271699298
dma_hardened2,xilinx_u280_xdma_201920_3,3,2,6,12288,256,Gather,2517.6859999987755,39.98246643944041,4261.958700004698,23.619021929961228
dma_hardened2,xilinx_u280_xdma_201920_3,3,2,6,12288,256,Gather,2506.657499998255,40.15837664302765,4337.663600000496,23.206801006880408
dma_hardened2,xilinx_u280_xdma_201920_3,3,2,6,12288,256,Gather,2486.5782999995645,40.48265683007755,4306.908099999873,23.37252006839964
dma_hardened2,xilinx_u280_xdma_201920_3,3,2,6,12288,256,Gather,2526.4719999995577,39.84342434826811,4322.922199997947,23.285937461480984
dma_hardened2,xilinx_u280_xdma_201920_3,3,2,6,12288,256,Gather,2514.4529999977294,40.03387456440463,4287.595300002067,23.477797916223917
dma_hardened2,xilinx_u280_xdma_201920_3,3,2,6,12288,256,Gather,2521.360499997627,39.92419806691456,4294.269299998632,23.4413095611009
dma_hardened2,xilinx_u280_xdma_201920_3,3,2,6,12288,256,Gather,2539.2683000006855,39.64263878691859,4294.691499995906,23.439005106675523
dma_hardened2,xilinx_u280_xdma_201920_3,3,2,6,12288,256,Gather,2499.921800000493,40.26657793854998,4286.968799999613,23.481228974656656
dma_hardened2,xilinx_u280_xdma_201920_3,3,2,6,12288,256,Gather,2523.3701999979985,39.892401043683506,4306.252399999266,23.37607893118786
dma_hardened2,xilinx_u280_xdma_201920_3,3,2,6,12288,256,Gather,2524.400799995874,39.876114759654854,4289.473099998986,23.4675200550911
dma_hardened2,xilinx_u280_xdma_201920_3,3,2,6,12288,256,Gather,2512.5314000035814,40.06449272628255,4315.472799999043,23.32613381319941
dma_hardened2,xilinx_u280_xdma_201920_3,3,2,6,12288,256,Gather,2515.492899999572,40.01732463646275,4255.942300000015,23.65241088912311
dma_hardened2,xilinx_u280_xdma_201920_3,3,2,6,12288,256,Gather,2517.658700003267,39.982899985557765,4272.553800001333,23.560451362828623
dma_hardened2,xilinx_u280_xdma_201920_3,3,2,6,12288,256,Gather,2522.2311999982594,39.910415825507776,4262.366699998665,23.616761082529926
dma_hardened2,xilinx_u280_xdma_201920_3,3,2,6,12288,256,Gather,2529.32299999884,39.79851367343996,4343.1512999973165,23.1774785281052
dma_hardened2,xilinx_u280_xdma_201920_3,3,2,6,12288,256,Gather,2491.203400001041,40.4074978381765,4279.98619999812,23.51953751627615
dma_hardened2,xilinx_u280_xdma_201920_3,3,2,6,12288,256,Gather,2499.809099998629,40.26839329453406,4345.428800002082,23.165330887472315
dma_hardened2,xilinx_u280_xdma_201920_3,3,2,6,12288,256,Gather,2532.202300000108,39.75325984025672,4304.218699996909,23.387123893140533
dma_hardened2,xilinx_u280_xdma_201920_3,3,2,6,24576,256,Gather,4499.098899998444,44.74820324578098,7650.71739999712,26.31473383137584
dma_hardened2,xilinx_u280_xdma_201920_3,3,2,6,24576,256,Gather,4491.059299999733,44.828308546273696,7658.9827000020705,26.286335912463358
dma_hardened2,xilinx_u280_xdma_201920_3,3,2,6,24576,256,Gather,4522.332700003062,44.51830622719635,7701.503600003434,26.141205984752148
dma_hardened2,xilinx_u280_xdma_201920_3,3,2,6,24576,256,Gather,4523.252699999603,44.50925149506188,7625.54899999941,26.401586561179474
dma_hardened2,xilinx_u280_xdma_201920_3,3,2,6,24576,256,Gather,4514.238500001966,44.59812923041446,7647.055900002897,26.32733363436296
dma_hardened2,xilinx_u280_xdma_201920_3,3,2,6,24576,256,Gather,4528.535899999042,44.457324938076034,7624.692400003141,26.404552661024994
dma_hardened2,xilinx_u280_xdma_201920_3,3,2,6,24576,256,Gather,4506.797300001608,44.671765468557496,7688.778499999671,26.18447026403591
dma_hardened2,xilinx_u280_xdma_201920_3,3,2,6,24576,256,Gather,4509.124600002679,44.648708975547144,7601.641000002246,26.484622465062543
dma_hardened2,xilinx_u280_xdma_201920_3,3,2,6,24576,256,Gather,4533.674700002166,44.406933739622694,7644.752299995616,26.335266873213858
dma_hardened2,xilinx_u280_xdma_201920_3,3,2,6,24576,256,Gather,4498.729499999854,44.751877613447654,7685.427299998082,26.195887898132902
dma_hardened2,xilinx_u280_xdma_201920_3,3,2,6,24576,256,Gather,4508.77000000105,44.65222045035633,7696.089899997105,26.15959462740628
dma_hardened2,xilinx_u280_xdma_201920_3,3,2,6,24576,256,Gather,4520.049699999618,44.54079166430782,7654.044099996327,26.303296580182575
dma_hardened2,xilinx_u280_xdma_201920_3,3,2,6,24576,256,Gather,4490.282500000831,44.83606365522943,7705.500899999151,26.1276449919073
dma_hardened2,xilinx_u280_xdma_201920_3,3,2,6,24576,256,Gather,4525.058100000479,44.49149326944083,7659.045499997319,26.28612037884753
dma_hardened2,xilinx_u280_xdma_201920_3,3,2,6,24576,256,Gather,4511.740399999553,44.622822713828995,7625.844500000767,26.400563504799994
dma_hardened2,xilinx_u280_xdma_201920_3,3,2,6,24576,256,Gather,4496.904000001223,44.770044457241085,7639.838599999393,26.352204875115554
dma_hardened2,xilinx_u280_xdma_201920_3,3,2,6,24576,256,Gather,4511.397199996736,44.626217350169405,7676.4518999993925,26.226516445705332
dma_hardened2,xilinx_u280_xdma_201920_3,3,2,6,24576,256,Gather,4526.945599997134,44.47294263932119,7709.057400001029,26.11559125243679
dma_hardened2,xilinx_u280_xdma_201920_3,3,2,6,24576,256,Gather,4524.300000002768,44.4989483455732,7704.959099999087,26.12948224475635
dma_hardened2,xilinx_u280_xdma_201920_3,3,2,6,24576,256,Gather,4502.861700001404,44.71080957248526,7679.2761000035625,26.216871144912552
experiment,board_instance,number of nodes,rank id,number of banks,buffer size[KB],segment_size[KB],collective name,execution_time[us],throughput[Gbps],execution_time_fullpath[us],throughput_fullpath[Gbps]
dma_hardened2,xilinx_u280_xdma_201920_3,3,2,6,1,256,Allgather,217.93129999991834,0.11276948286000776,366.29250000146385,0.06709392084168195
dma_hardened2,xilinx_u280_xdma_201920_3,3,2,6,1,256,Allgather,221.07629999936762,0.11116524023638127,319.51600000184044,0.07691633595769365
dma_hardened2,xilinx_u280_xdma_201920_3,3,2,6,1,256,Allgather,224.09260000131326,0.10966894935332973,408.8530999979412,0.060109609050594835
dma_hardened2,xilinx_u280_xdma_201920_3,3,2,6,1,256,Allgather,199.81959999881838,0.12299093782664629,338.6350999960541,0.07257369363154134
dma_hardened2,xilinx_u280_xdma_201920_3,3,2,6,1,256,Allgather,218.3220999995683,0.11256762370849582,372.8785000021162,0.06590886843800467
dma_hardened2,xilinx_u280_xdma_201920_3,3,2,6,1,256,Allgather,236.54259999830174,0.1038967188158769,313.13419999605685,0.07848392159115636
dma_hardened2,xilinx_u280_xdma_201920_3,3,2,6,1,256,Allgather,191.49760000232163,0.12833581203995273,338.42850000382896,0.07261799759689845
dma_hardened2,xilinx_u280_xdma_201920_3,3,2,6,1,256,Allgather,219.0686000005826,0.11218403732864794,291.27150000363144,0.08437488734631983
dma_hardened2,xilinx_u280_xdma_201920_3,3,2,6,1,256,Allgather,205.03619999772127,0.119861760997683,365.23310000120546,0.06728853436317488
dma_hardened2,xilinx_u280_xdma_201920_3,3,2,6,1,256,Allgather,208.53229999602263,0.11785224639285492,349.12869999743634,0.0703923796587919
dma_hardened2,xilinx_u280_xdma_201920_3,3,2,6,1,256,Allgather,256.8074999999226,0.09569813965716503,341.41559999625315,0.07198265105715647
dma_hardened2,xilinx_u280_xdma_201920_3,3,2,6,1,256,Allgather,209.25940000324772,0.11744275286853818,344.6340999971653,0.07131041298641702
dma_hardened2,xilinx_u280_xdma_201920_3,3,2,6,1,256,Allgather,212.27409999937663,0.11577484017160912,327.7587000013682,0.0749819913244024
dma_hardened2,xilinx_u280_xdma_201920_3,3,2,6,1,256,Allgather,216.73840000175915,0.11339015144432427,387.25620000263916,0.06346186323119556
dma_hardened2,xilinx_u280_xdma_201920_3,3,2,6,1,256,Allgather,210.4959999996936,0.11675281240515627,349.53729999642746,0.07031009280054284
dma_hardened2,xilinx_u280_xdma_201920_3,3,2,6,1,256,Allgather,195.03209999811588,0.12601002604308428,348.47399999762274,0.07052463024549221
dma_hardened2,xilinx_u280_xdma_201920_3,3,2,6,1,256,Allgather,211.63960000194493,0.11612193559132672,333.4053999992648,0.07371206345204426
dma_hardened2,xilinx_u280_xdma_201920_3,3,2,6,1,256,Allgather,210.81429999867396,0.11657653204813234,353.4390000027088,0.06953392240191844
dma_hardened2,xilinx_u280_xdma_201920_3,3,2,6,1,256,Allgather,190.91700000331002,0.1287260956309491,358.42929999603257,0.06856582316309529
dma_hardened2,xilinx_u280_xdma_201920_3,3,2,6,1,256,Allgather,219.07149999833564,0.11218255227259918,366.55119999977614,0.0670465681193105
dma_hardened2,xilinx_u280_xdma_201920_3,3,2,6,6,256,Allgather,239.04389999529485,0.6168574057020589,332.98289999947883,0.44283355091276694
dma_hardened2,xilinx_u280_xdma_201920_3,3,2,6,6,256,Allgather,235.9144000024571,0.6250402688367653,320.3180000014072,0.46034253460421265
dma_hardened2,xilinx_u280_xdma_201920_3,3,2,6,6,256,Allgather,241.00759999896582,0.6118313281433148,317.394600000398,0.46458257323790353
dma_hardened2,xilinx_u280_xdma_201920_3,3,2,6,6,256,Allgather,233.70700000100442,0.6309438741645148,354.734100000087,0.4156803645320927
dma_hardened2,xilinx_u280_xdma_201920_3,3,2,6,6,256,Allgather,196.7500000034761,0.7494587039257677,318.513500002382,0.46295054997322643
dma_hardened2,xilinx_u280_xdma_201920_3,3,2,6,6,256,Allgather,222.0679000004111,0.6640131239126728,319.83360000253924,0.46103974066148556
dma_hardened2,xilinx_u280_xdma_201920_3,3,2,6,6,256,Allgather,235.87389999875086,0.625147589456828,348.1133999969188,0.42358610728947854
dma_hardened2,xilinx_u280_xdma_201920_3,3,2,6,6,256,Allgather,203.09129999986908,0.7260576893254169,357.87879999702454,0.41202775912187584
dma_hardened2,xilinx_u280_xdma_201920_3,3,2,6,6,256,Allgather,215.7072999978027,0.683592998482212,329.4948000018394,0.44752147833342687
dma_hardened2,xilinx_u280_xdma_201920_3,3,2,6,6,256,Allgather,223.31170000029488,0.6603147080954794,371.76529999669583,0.3966373408204331
dma_hardened2,xilinx_u280_xdma_201920_3,3,2,6,6,256,Allgather,204.96260000300026,0.7194288128558163,358.0103999979656,0.4118763030371127
dma_hardened2,xilinx_u280_xdma_201920_3,3,2,6,6,256,Allgather,235.78360000442444,0.6253870073967528,345.19150000278387,0.42717158446488634
dma_hardened2,xilinx_u280_xdma_201920_3,3,2,6,6,256,Allgather,202.5281999976869,0.7280763864078391,350.41579999983696,0.4208029432464764
dma_hardened2,xilinx_u280_xdma_201920_3,3,2,6,6,256,Allgather,221.98380000304496,0.6642646895763445,331.9851999947332,0.4441643784190962
dma_hardened2,xilinx_u280_xdma_201920_3,3,2,6,6,256,Allgather,210.84950000158642,0.6993424219592199,339.12239999835947,0.43481645565351423
dma_hardened2,xilinx_u280_xdma_201920_3,3,2,6,6,256,Allgather,234.54269999660937,0.6286957556220325,334.92600000499806,0.44026441661083204
dma_hardened2,xilinx_u280_xdma_201920_3,3,2,6,6,256,Allgather,203.0796000042301,0.7260995195821172,334.03040000052897,0.4414448505278756
dma_hardened2,xilinx_u280_xdma_201920_3,3,2,6,6,256,Allgather,215.52780000320126,0.6841623215093822,310.64059999721394,0.4746836054312363
dma_hardened2,xilinx_u280_xdma_201920_3,3,2,6,6,256,Allgather,215.56149999923946,0.6840553623931929,326.29039999960696,0.451916452338707
dma_hardened2,xilinx_u280_xdma_201920_3,3,2,6,6,256,Allgather,228.68150000476817,0.6448094839194488,295.5725999981951,0.4988825080569053
dma_hardened2,xilinx_u280_xdma_201920_3,3,2,6,12,256,Allgather,213.7865999998212,1.379469059334152,339.68770000001314,0.8681856893846572
dma_hardened2,xilinx_u280_xdma_201920_3,3,2,6,12,256,Allgather,207.88959999435974,1.4185991026390992,369.4609000035598,0.7982224911950317
dma_hardened2,xilinx_u280_xdma_201920_3,3,2,6,12,256,Allgather,207.6287000022603,1.4203816716898459,318.52879999973993,0.925856625838043
dma_hardened2,xilinx_u280_xdma_201920_3,3,2,6,12,256,Allgather,233.9446999997108,1.2606056046594114,353.4489999992729,0.834383461264869
dma_hardened2,xilinx_u280_xdma_201920_3,3,2,6,12,256,Allgather,204.80919999954494,1.4399353154089525,328.74529999844526,0.8970835476625665
dma_hardened2,xilinx_u280_xdma_201920_3,3,2,6,12,256,Allgather,199.16219999913665,1.4807629158609337,350.379700000758,0.8416925980567994
dma_hardened2,xilinx_u280_xdma_201920_3,3,2,6,12,256,Allgather,235.3010999968319,1.2533388071877722,333.92110000249886,0.8831786910075257
dma_hardened2,xilinx_u280_xdma_201920_3,3,2,6,12,256,Allgather,206.63689999764756,1.4271991111140236,389.0974000000824,0.7579387577504695
dma_hardened2,xilinx_u280_xdma_201920_3,3,2,6,12,256,Allgather,238.99980000123833,1.2339424551755775,320.1848000003338,0.9210680831810022
dma_hardened2,xilinx_u280_xdma_201920_3,3,2,6,12,256,Allgather,248.0209999987437,1.1890606037452225,357.81820000124753,0.8241950800685147
dma_hardened2,xilinx_u280_xdma_201920_3,3,2,6,12,256,Allgather,233.5643000037635,1.2626587196555639,353.25399999805995,0.834844049895032
dma_hardened2,xilinx_u280_xdma_201920_3,3,2,6,12,256,Allgather,207.08519999743658,1.4241094969782997,348.95090000190976,0.8451389579404609
dma_hardened2,xilinx_u280_xdma_201920_3,3,2,6,12,256,Allgather,214.55090000017663,1.3745549424391006,313.4919999979502,0.9407321399012681
dma_hardened2,xilinx_u280_xdma_201920_3,3,2,6,12,256,Allgather,216.90610000177912,1.359629812151807,360.84820000041873,0.8172744106792214
dma_hardened2,xilinx_u280_xdma_201920_3,3,2,6,12,256,Allgather,207.42970000355854,1.4217443307054904,301.55000000036125,0.977987066820251
dma_hardened2,xilinx_u280_xdma_201920_3,3,2,6,12,256,Allgather,214.45909999897594,1.375143325703634,329.9156000025505,0.8939013493078839
dma_hardened2,xilinx_u280_xdma_201920_3,3,2,6,12,256,Allgather,224.7810999961075,1.3119964267685624,351.8570999972326,0.8381584455800937
dma_hardened2,xilinx_u280_xdma_201920_3,3,2,6,12,256,Allgather,215.73899999793866,1.366985107017358,353.3633000017744,0.834585821443594
dma_hardened2,xilinx_u280_xdma_201920_3,3,2,6,12,256,Allgather,209.02399999727095,1.4109001837293824,446.7202000000725,0.660171624206723
dma_hardened2,xilinx_u280_xdma_201920_3,3,2,6,12,256,Allgather,223.90230000155498,1.3171459158657677,354.9779000024955,0.8307897477502875
dma_hardened2,xilinx_u280_xdma_201920_3,3,2,6,24,256,Allgather,204.61340000110795,2.882626455534223,351.82039999881454,1.6764917554581467
dma_hardened2,xilinx_u280_xdma_201920_3,3,2,6,24,256,Allgather,219.48009999732676,2.687368923228958,323.89450000209763,1.821037405686667
dma_hardened2,xilinx_u280_xdma_201920_3,3,2,6,24,256,Allgather,245.11639999786894,2.406301659151032,353.7593000032757,1.6673031634632316
dma_hardened2,xilinx_u280_xdma_201920_3,3,2,6,24,256,Allgather,231.88119999986156,2.543647350455113,411.8727999980365,1.4320537797174562
dma_hardened2,xilinx_u280_xdma_201920_3,3,2,6,24,256,Allgather,208.3475000006274,2.8309626945282464,397.5750000051903,1.4835540463869707
dma_hardened2,xilinx_u280_xdma_201920_3,3,2,6,24,256,Allgather,211.95079999642985,2.782834506922999,395.8737999994355,1.489929366381006
dma_hardened2,xilinx_u280_xdma_201920_3,3,2,6,24,256,Allgather,209.94120000068506,2.8094723665391803,325.9610999975848,1.8094919915424579
dma_hardened2,xilinx_u280_xdma_201920_3,3,2,6,24,256,Allgather,224.01179999747,2.6330041542751834,309.9391999967338,1.903031304224234
dma_hardened2,xilinx_u280_xdma_201920_3,3,2,6,24,256,Allgather,240.6129000007695,2.451339890746147,347.72050000242416,1.6962589205867586
dma_hardened2,xilinx_u280_xdma_201920_3,3,2,6,24,256,Allgather,217.36740000051213,2.713488775219331,337.69159999792464,1.746635095464693
dma_hardened2,xilinx_u280_xdma_201920_3,3,2,6,24,256,Allgather,233.6522000007335,2.5243674144653823,345.86479999916264,1.705360013512297
dma_hardened2,xilinx_u280_xdma_201920_3,3,2,6,24,256,Allgather,211.75829999720008,2.785364257305611,359.66390000226056,1.6399310578467643
dma_hardened2,xilinx_u280_xdma_201920_3,3,2,6,24,256,Allgather,198.48470000169982,2.9716345894416483,351.9380000000183,1.6759315561262762
dma_hardened2,xilinx_u280_xdma_201920_3,3,2,6,24,256,Allgather,204.77049999954033,2.8804149035204,422.9317000010724,1.394608160132013
dma_hardened2,xilinx_u280_xdma_201920_3,3,2,6,24,256,Allgather,231.45689999637398,2.5483102902062553,366.07499999945503,1.611210817457838
dma_hardened2,xilinx_u280_xdma_201920_3,3,2,6,24,256,Allgather,213.83999999784464,2.7582491582769597,382.91920000119717,1.5403354023463853
dma_hardened2,xilinx_u280_xdma_201920_3,3,2,6,24,256,Allgather,242.76990000089427,2.4295598424591653,344.07420000093225,1.7142348946779558
dma_hardened2,xilinx_u280_xdma_201920_3,3,2,6,24,256,Allgather,212.41470000177287,2.77675697583584,395.7580999951915,1.4903649476970058
dma_hardened2,xilinx_u280_xdma_201920_3,3,2,6,24,256,Allgather,207.2291999979825,2.8462398156521487,374.6968999962519,1.5741363219335416
dma_hardened2,xilinx_u280_xdma_201920_3,3,2,6,24,256,Allgather,200.4459999966457,2.9425580954963944,415.88120000142226,1.4182511736476255
dma_hardened2,xilinx_u280_xdma_201920_3,3,2,6,48,256,Allgather,237.15450000167948,4.974175063056556,350.215099996376,3.368352763807748
dma_hardened2,xilinx_u280_xdma_201920_3,3,2,6,48,256,Allgather,259.29929999506385,4.549368239800325,320.4807000031451,3.6808706420961492
dma_hardened2,xilinx_u280_xdma_201920_3,3,2,6,48,256,Allgather,253.95589999561707,4.6450899546746465,349.0854999995463,3.3792523608157117
dma_hardened2,xilinx_u280_xdma_201920_3,3,2,6,48,256,Allgather,221.49080000417598,5.325945817965166,401.09380000217243,2.9410776232233227
dma_hardened2,xilinx_u280_xdma_201920_3,3,2,6,48,256,Allgather,222.3389999983283,5.305627892582361,324.99579999694106,3.6297330611998775
dma_hardened2,xilinx_u280_xdma_201920_3,3,2,6,48,256,Allgather,245.44719999539663,4.8061171609296185,349.09679999941545,3.379142976967922
dma_hardened2,xilinx_u280_xdma_201920_3,3,2,6,48,256,Allgather,208.39520000208722,5.660629419430894,358.58960000041407,3.2896882675867842
dma_hardened2,xilinx_u280_xdma_201920_3,3,2,6,48,256,Allgather,226.64109999936954,5.204916495742747,345.04179999998996,3.4188553386866003
dma_hardened2,xilinx_u280_xdma_201920_3,3,2,6,48,256,Allgather,218.9416000021538,5.387957336515288,382.3801999999432,3.085013293052766
dma_hardened2,xilinx_u280_xdma_201920_3,3,2,6,48,256,Allgather,202.5989000003392,5.822578503624773,346.9864000010148,3.399695204182499
dma_hardened2,xilinx_u280_xdma_201920_3,3,2,6,48,256,Allgather,219.21789999623797,5.38116641031706,388.0530000003546,3.039914650831
dma_hardened2,xilinx_u280_xdma_201920_3,3,2,6,48,256,Allgather,217.3024000001078,5.428600880613443,362.8294000009191,3.2512470047824453
dma_hardened2,xilinx_u280_xdma_201920_3,3,2,6,48,256,Allgather,221.18809999938094,5.333234473298074,355.6796999987455,3.3166019876989346
dma_hardened2,xilinx_u280_xdma_201920_3,3,2,6,48,256,Allgather,249.0678000015123,4.7362525384366725,318.53780000119514,3.703321866339172
dma_hardened2,xilinx_u280_xdma_201920_3,3,2,6,48,256,Allgather,228.430700002491,5.164139496079713,345.94880000327066,3.409891868359848
dma_hardened2,xilinx_u280_xdma_201920_3,3,2,6,48,256,Allgather,252.62620000034988,4.669539422270399,316.2719999977526,3.7298527849711087
dma_hardened2,xilinx_u280_xdma_201920_3,3,2,6,48,256,Allgather,204.2958999993516,5.774212796261423,395.30230000082156,2.984166800945879
dma_hardened2,xilinx_u280_xdma_201920_3,3,2,6,48,256,Allgather,226.07580000340022,5.217931330917586,334.3012000016188,3.528698072260249
dma_hardened2,xilinx_u280_xdma_201920_3,3,2,6,48,256,Allgather,215.83330000112255,5.465551423222759,337.1359000027496,3.499028136696148
dma_hardened2,xilinx_u280_xdma_201920_3,3,2,6,48,256,Allgather,266.510000000153,4.426280439755817,326.7319000030966,3.610446362870659
dma_hardened2,xilinx_u280_xdma_201920_3,3,2,6,96,256,Allgather,217.45010000131515,10.849827155681837,418.76329999581685,5.633960760227956
dma_hardened2,xilinx_u280_xdma_201920_3,3,2,6,96,256,Allgather,220.94180000067354,10.678359640379538,437.878599996111,5.3880139381576395
dma_hardened2,xilinx_u280_xdma_201920_3,3,2,6,96,256,Allgather,247.16699999771663,9.545351928136828,421.2775000041802,5.600337069927992
dma_hardened2,xilinx_u280_xdma_201920_3,3,2,6,96,256,Allgather,237.28799999958028,9.942753110162222,434.75649999891175,5.426706673749342
dma_hardened2,xilinx_u280_xdma_201920_3,3,2,6,96,256,Allgather,224.91149999837035,10.489886021911262,445.7795000007536,5.292517937671004
dma_hardened2,xilinx_u280_xdma_201920_3,3,2,6,96,256,Allgather,261.8048999977418,9.011657153935431,381.3501000024644,6.186693015118532
dma_hardened2,xilinx_u280_xdma_201920_3,3,2,6,96,256,Allgather,237.82129999858626,9.920457082750893,346.52360000109184,6.808471342190161
dma_hardened2,xilinx_u280_xdma_201920_3,3,2,6,96,256,Allgather,231.50080000391426,10.191308194011029,421.7443000015919,5.594138438838639
dma_hardened2,xilinx_u280_xdma_201920_3,3,2,6,96,256,Allgather,217.0292000016616,10.870868988974465,349.63470000093366,6.747888581979134
dma_hardened2,xilinx_u280_xdma_201920_3,3,2,6,96,256,Allgather,237.42619999893577,9.936965676115674,380.3899999979876,6.202308157450199
dma_hardened2,xilinx_u280_xdma_201920_3,3,2,6,96,256,Allgather,238.08439999584152,9.909494280352718,367.5766000014846,6.418515215578116
dma_hardened2,xilinx_u280_xdma_201920_3,3,2,6,96,256,Allgather,231.00949999843579,10.21298258303652,416.3414000004195,5.666734079285948
dma_hardened2,xilinx_u280_xdma_201920_3,3,2,6,96,256,Allgather,249.3366000010155,9.462293141040629,352.7356000006421,6.688567867818574
dma_hardened2,xilinx_u280_xdma_201920_3,3,2,6,96,256,Allgather,251.81780000025353,9.36905969314967,408.34970000105386,5.77763617799624
dma_hardened2,xilinx_u280_xdma_201920_3,3,2,6,96,256,Allgather,212.98979999642143,11.077037492122345,396.53489999977864,5.949781469427576
dma_hardened2,xilinx_u280_xdma_201920_3,3,2,6,96,256,Allgather,288.7330000021393,8.171203153025527,388.401499998281,6.0743740691280586
dma_hardened2,xilinx_u280_xdma_201920_3,3,2,6,96,256,Allgather,286.7958000024373,8.226396620801106,419.91120000375304,5.6185593524986075
dma_hardened2,xilinx_u280_xdma_201920_3,3,2,6,96,256,Allgather,201.43639999901097,11.712361817484744,400.02189999768234,5.897917089073547
dma_hardened2,xilinx_u280_xdma_201920_3,3,2,6,96,256,Allgather,250.66019999826494,9.41232792448235,369.3674999965424,6.38739466797183
dma_hardened2,xilinx_u280_xdma_201920_3,3,2,6,96,256,Allgather,213.3936999996422,11.056071477292702,431.5826000038214,5.466615197135171
dma_hardened2,xilinx_u280_xdma_201920_3,3,2,6,192,256,Allgather,257.27490000235775,18.34066206985896,432.72819999629064,10.904285877464071
dma_hardened2,xilinx_u280_xdma_201920_3,3,2,6,192,256,Allgather,242.8866000002472,19.42714007275493,479.7898999981953,9.834704732254156
dma_hardened2,xilinx_u280_xdma_201920_3,3,2,6,192,256,Allgather,253.74719999717857,18.59564164669587,482.30109999849446,9.783498316745968
dma_hardened2,xilinx_u280_xdma_201920_3,3,2,6,192,256,Allgather,238.44909999866104,19.78867607395665,404.5748999999432,11.663086365468205
dma_hardened2,xilinx_u280_xdma_201920_3,3,2,6,192,256,Allgather,344.24060000333156,13.70725010342863,420.40829999905327,11.223831689361571
dma_hardened2,xilinx_u280_xdma_201920_3,3,2,6,192,256,Allgather,242.9382999991958,19.42300575913975,427.3573999967084,11.041325129824227
dma_hardened2,xilinx_u280_xdma_201920_3,3,2,6,192,256,Allgather,247.54919999736558,19.061229040732975,513.8201000022491,9.183354251768947
dma_hardened2,xilinx_u280_xdma_201920_3,3,2,6,192,256,Allgather,279.3230999998286,16.89295299960116,472.8704999990896,9.978613595073249
dma_hardened2,xilinx_u280_xdma_201920_3,3,2,6,192,256,Allgather,345.3998999987107,13.661243098268454,443.9506999972309,10.62863962153778
dma_hardened2,xilinx_u280_xdma_201920_3,3,2,6,192,256,Allgather,238.68830000424168,19.768844974454744,476.3059000026715,9.90664192900725
dma_hardened2,xilinx_u280_xdma_201920_3,3,2,6,192,256,Allgather,284.4064999976581,16.591013215376073,410.16509999849404,11.504128459533307
dma_hardened2,xilinx_u280_xdma_201920_3,3,2,6,192,256,Allgather,235.68490000229758,20.020765012752197,446.945499999174,10.557421430596618
dma_hardened2,xilinx_u280_xdma_201920_3,3,2,6,192,256,Allgather,315.09339999615804,14.975216872386202,453.78249999998843,10.398356040614436
dma_hardened2,xilinx_u280_xdma_201920_3,3,2,6,192,256,Allgather,252.54660000086918,18.68404484552063,384.7769000003609,12.263189396233438
dma_hardened2,xilinx_u280_xdma_201920_3,3,2,6,192,256,Allgather,309.4632999989244,15.2476626469646,531.0511000004681,8.885382216505796
dma_hardened2,xilinx_u280_xdma_201920_3,3,2,6,192,256,Allgather,240.19719999728295,19.644658639040653,452.12469999569294,10.436483563151826
dma_hardened2,xilinx_u280_xdma_201920_3,3,2,6,192,256,Allgather,310.13679999887245,15.21455048229412,473.28440000455885,9.969887027661484
dma_hardened2,xilinx_u280_xdma_201920_3,3,2,6,192,256,Allgather,279.8568000002888,16.86073734851228,418.8714000008531,11.265013557837536
dma_hardened2,xilinx_u280_xdma_201920_3,3,2,6,192,256,Allgather,241.29339999490185,19.555412622557004,411.6862999978821,11.461620170562572
dma_hardened2,xilinx_u280_xdma_201920_3,3,2,6,192,256,Allgather,278.3233000002383,16.953636292742864,398.121099999571,11.852152523453503
dma_hardened2,xilinx_u280_xdma_201920_3,3,2,6,384,256,Allgather,317.01909999810596,29.768502907415936,594.815900001322,15.865722486535791
dma_hardened2,xilinx_u280_xdma_201920_3,3,2,6,384,256,Allgather,347.82729999847106,27.131809377934058,557.3532999960662,16.93213981161789
dma_hardened2,xilinx_u280_xdma_201920_3,3,2,6,384,256,Allgather,339.6129000009296,27.788061054141842,601.832000000968,15.680761408474162
dma_hardened2,xilinx_u280_xdma_201920_3,3,2,6,384,256,Allgather,371.65339999774005,25.392432842151816,582.641600004763,16.19723686040072
dma_hardened2,xilinx_u280_xdma_201920_3,3,2,6,384,256,Allgather,362.59809999705794,26.02656770699177,556.6874999999527,16.95239070394216
dma_hardened2,xilinx_u280_xdma_201920_3,3,2,6,384,256,Allgather,375.4794999963451,25.133686393243465,540.0780000002214,17.473742681605493
dma_hardened2,xilinx_u280_xdma_201920_3,3,2,6,384,256,Allgather,376.3461999994888,25.075805202796833,631.3099999999849,14.948573600925416
dma_hardened2,xilinx_u280_xdma_201920_3,3,2,6,384,256,Allgather,339.87539999884575,27.766599171437676,649.6323000021675,14.526962406223507
dma_hardened2,xilinx_u280_xdma_201920_3,3,2,6,384,256,Allgather,396.9601999983752,23.773627683678686,584.6410000003743,16.14184431128497
dma_hardened2,xilinx_u280_xdma_201920_3,3,2,6,384,256,Allgather,399.3863000005149,23.62921312019925,610.1983999997174,15.46576326651196
dma_hardened2,xilinx_u280_xdma_201920_3,3,2,6,384,256,Allgather,404.70239999876867,23.31882390623014,602.7922999976454,15.655780606415945
dma_hardened2,xilinx_u280_xdma_201920_3,3,2,6,384,256,Allgather,410.1450999996814,23.009378875932764,556.4917000015157,16.95835535368146
dma_hardened2,xilinx_u280_xdma_201920_3,3,2,6,384,256,Allgather,359.5626999981505,26.246281942060573,545.3214999988631,17.305725154830085
dma_hardened2,xilinx_u280_xdma_201920_3,3,2,6,384,256,Allgather,440.1486999995541,21.44089940515458,557.8057999969133,16.91840421890956
dma_hardened2,xilinx_u280_xdma_201920_3,3,2,6,384,256,Allgather,406.41040000082285,23.2208230891259,511.85540000346924,18.437207070465675
dma_hardened2,xilinx_u280_xdma_201920_3,3,2,6,384,256,Allgather,384.16200000028766,24.565636372137103,576.0672000008071,16.38208875628881
dma_hardened2,xilinx_u280_xdma_201920_3,3,2,6,384,256,Allgather,370.02400000005764,25.50424837307453,572.6847999994789,16.478844907370664
dma_hardened2,xilinx_u280_xdma_201920_3,3,2,6,384,256,Allgather,379.34700000050725,24.877444661450813,589.8596999998063,15.999031634137914
dma_hardened2,xilinx_u280_xdma_201920_3,3,2,6,384,256,Allgather,370.9598999989794,25.439903342722392,623.6025000021073,15.133332531489387
dma_hardened2,xilinx_u280_xdma_201920_3,3,2,6,384,256,Allgather,391.8854000005467,24.081489129186323,582.2228999988965,16.208884947702824
dma_hardened2,xilinx_u280_xdma_201920_3,3,2,6,768,256,Allgather,494.17970000149575,38.19332926856945,768.1407999996281,24.57149522588715
dma_hardened2,xilinx_u280_xdma_201920_3,3,2,6,768,256,Allgather,505.590900002062,37.331304815658314,750.6773999978122,25.143114738841223
dma_hardened2,xilinx_u280_xdma_201920_3,3,2,6,768,256,Allgather,535.4914999998073,35.246811574052614,770.2702000017325,24.50356770904229
dma_hardened2,xilinx_u280_xdma_201920_3,3,2,6,768,256,Allgather,511.59969999616806,36.89284415167048,786.4186999995582,24.000405890666897
dma_hardened2,xilinx_u280_xdma_201920_3,3,2,6,768,256,Allgather,515.2275000000373,36.63307568015806,774.8509000009562,24.358709527183496
dma_hardened2,xilinx_u280_xdma_201920_3,3,2,6,768,256,Allgather,462.24839999808864,40.831656745762764,796.3671000027261,23.700587329556164
dma_hardened2,xilinx_u280_xdma_201920_3,3,2,6,768,256,Allgather,518.7631000012516,36.38340506476745,758.9726999981394,24.868309492615836
dma_hardened2,xilinx_u280_xdma_201920_3,3,2,6,768,256,Allgather,487.09980000012365,38.74846181418101,799.2095000020072,23.61629585227978
dma_hardened2,xilinx_u280_xdma_201920_3,3,2,6,768,256,Allgather,481.0256999974172,39.23775382500632,745.9566000022733,25.3022334006328
dma_hardened2,xilinx_u280_xdma_201920_3,3,2,6,768,256,Allgather,527.1772000014607,35.80270163418999,784.6160999974927,24.05554512590337
dma_hardened2,xilinx_u280_xdma_201920_3,3,2,6,768,256,Allgather,471.323400000756,40.04547196249905,829.8722000006364,22.743704392056422
dma_hardened2,xilinx_u280_xdma_201920_3,3,2,6,768,256,Allgather,469.1803000014261,40.22838981078837,727.424499996232,25.946841218707597
dma_hardened2,xilinx_u280_xdma_201920_3,3,2,6,768,256,Allgather,519.2377000014403,36.35014945938564,767.9386000006616,24.577964957073053
dma_hardened2,xilinx_u280_xdma_201920_3,3,2,6,768,256,Allgather,540.3702000023713,34.9285878457346,763.7827999985802,24.71169552395666
dma_hardened2,xilinx_u280_xdma_201920_3,3,2,6,768,256,Allgather,495.40410000190604,38.09893377936796,766.101799996477,24.63689290390232
dma_hardened2,xilinx_u280_xdma_201920_3,3,2,6,768,256,Allgather,493.4497999954601,38.24982399460624,783.0619999992905,24.103286840655148
dma_hardened2,xilinx_u280_xdma_201920_3,3,2,6,768,256,Allgather,500.5172999972274,37.70972152232211,776.6770999978689,24.301434920704867
dma_hardened2,xilinx_u280_xdma_201920_3,3,2,6,768,256,Allgather,512.0394000016404,36.86116341816574,779.1905000033239,24.223046867126186
dma_hardened2,xilinx_u280_xdma_201920_3,3,2,6,768,256,Allgather,526.5381000015168,35.84615814115946,731.4454999971076,25.80420277392456
dma_hardened2,xilinx_u280_xdma_201920_3,3,2,6,768,256,Allgather,521.677599999748,36.180138844391855,783.4273000014491,24.092047851747175
dma_hardened2,xilinx_u280_xdma_201920_3,3,2,6,1536,256,Allgather,679.9215000000913,55.51925626707632,1070.532699998239,35.26163750071539
dma_hardened2,xilinx_u280_xdma_201920_3,3,2,6,1536,256,Allgather,706.3243000004604,53.443915210018105,1010.4672000011305,37.35770542572561
dma_hardened2,xilinx_u280_xdma_201920_3,3,2,6,1536,256,Allgather,702.1188999999595,53.76402201963539,1057.9879000033543,35.679742651007935
dma_hardened2,xilinx_u280_xdma_201920_3,3,2,6,1536,256,Allgather,700.5741999989823,53.88256661472095,1051.5550999969037,35.898010480013035
dma_hardened2,xilinx_u280_xdma_201920_3,3,2,6,1536,256,Allgather,668.1241000023874,56.49958742674469,1049.0844999992532,35.98255050000917
dma_hardened2,xilinx_u280_xdma_201920_3,3,2,6,1536,256,Allgather,710.0261999994473,53.165271929443435,1011.9929999973464,37.30138054324386
dma_hardened2,xilinx_u280_xdma_201920_3,3,2,6,1536,256,Allgather,688.7108000000808,54.81072171366497,1065.7008999999107,35.42151085731762
dma_hardened2,xilinx_u280_xdma_201920_3,3,2,6,1536,256,Allgather,652.3399000002428,57.866667361579374,1061.6929000036635,35.55523070736344
dma_hardened2,xilinx_u280_xdma_201920_3,3,2,6,1536,256,Allgather,688.9356999977281,54.79282899713933,995.5483999988246,37.917529675146454
dma_hardened2,xilinx_u280_xdma_201920_3,3,2,6,1536,256,Allgather,677.9785999981414,55.67835916960134,1093.0535999989388,34.53511886337198
dma_hardened2,xilinx_u280_xdma_201920_3,3,2,6,1536,256,Allgather,681.1884999990525,55.41599131525636,1103.0048000009174,34.223546443287105
dma_hardened2,xilinx_u280_xdma_201920_3,3,2,6,1536,256,Allgather,688.4009000032165,54.835396060382294,1046.9496999974126,36.05592131130396
dma_hardened2,xilinx_u280_xdma_201920_3,3,2,6,1536,256,Allgather,686.2804000036249,55.004828929692025,1094.2034000038348,34.49882901101176
dma_hardened2,xilinx_u280_xdma_201920_3,3,2,6,1536,256,Allgather,693.8951999984511,54.40120640708318,1072.5457999967603,35.195453658122595
dma_hardened2,xilinx_u280_xdma_201920_3,3,2,6,1536,256,Allgather,679.0022000018325,55.59442369980262,1095.318000000134,34.46372286404075
dma_hardened2,xilinx_u280_xdma_201920_3,3,2,6,1536,256,Allgather,706.849499999862,53.404205562863616,1008.4525999957349,37.432335441605936
dma_hardened2,xilinx_u280_xdma_201920_3,3,2,6,1536,256,Allgather,700.1181000021006,53.91766903310562,1073.8481999965188,35.152767402433945
dma_hardened2,xilinx_u280_xdma_201920_3,3,2,6,1536,256,Allgather,676.509699997041,55.799253137338766,1045.9131999994042,36.091652729902926
dma_hardened2,xilinx_u280_xdma_201920_3,3,2,6,1536,256,Allgather,682.0853000021998,55.343130836976336,1026.3344000009056,36.780152745505454
dma_hardened2,xilinx_u280_xdma_201920_3,3,2,6,1536,256,Allgather,717.1550000009574,52.63678842084292,1034.263200000396,36.49819117608124
dma_hardened2,xilinx_u280_xdma_201920_3,3,2,6,3072,256,Allgather,1066.332000004877,70.80109384286948,1789.8416999969413,42.181088975706075
dma_hardened2,xilinx_u280_xdma_201920_3,3,2,6,3072,256,Allgather,1091.3576999996621,69.17756845443375,1734.2465000012908,43.533299331982974
dma_hardened2,xilinx_u280_xdma_201920_3,3,2,6,3072,256,Allgather,1037.9854999996496,72.73461141800679,1756.7498999994768,42.97565179882605
dma_hardened2,xilinx_u280_xdma_201920_3,3,2,6,3072,256,Allgather,1056.1592000044584,71.48304157146129,1796.0814999980812,42.03454687333546
dma_hardened2,xilinx_u280_xdma_201920_3,3,2,6,3072,256,Allgather,1050.411999995049,71.87415223774656,1762.6536000022952,42.83171236815997
dma_hardened2,xilinx_u280_xdma_201920_3,3,2,6,3072,256,Allgather,1054.9072000003434,71.56788009407408,1787.3301000008723,42.24036287419048
dma_hardened2,xilinx_u280_xdma_201920_3,3,2,6,3072,256,Allgather,1077.4042999969424,70.07348309285034,1782.8767999958473,42.345871571258236
dma_hardened2,xilinx_u280_xdma_201920_3,3,2,6,3072,256,Allgather,1061.8163000003733,71.10219724445129,1801.2383999973736,41.914203028377635
dma_hardened2,xilinx_u280_xdma_201920_3,3,2,6,3072,256,Allgather,1048.614999996289,71.99732218237119,1748.9667000006648,43.166900776310555
dma_hardened2,xilinx_u280_xdma_201920_3,3,2,6,3072,256,Allgather,1030.9958999982882,73.22771312681782,1739.468900001384,43.402599494558324
dma_hardened2,xilinx_u280_xdma_201920_3,3,2,6,3072,256,Allgather,1070.658399999047,70.51499525905479,1671.7785999958323,45.15997034546812
dma_hardened2,xilinx_u280_xdma_201920_3,3,2,6,3072,256,Allgather,1068.2671999973081,70.67283541064468,1726.943799997116,43.7173879081219
dma_hardened2,xilinx_u280_xdma_201920_3,3,2,6,3072,256,Allgather,1075.022100002343,70.2287627387711,1825.3447000006418,41.36066574163962
dma_hardened2,xilinx_u280_xdma_201920_3,3,2,6,3072,256,Allgather,1107.7704000001631,68.1526352392056,1731.6731999983404,43.59799066017327
dma_hardened2,xilinx_u280_xdma_201920_3,3,2,6,3072,256,Allgather,1053.215399997498,71.68284094609646,1781.5749000021697,42.37681615289262
dma_hardened2,xilinx_u280_xdma_201920_3,3,2,6,3072,256,Allgather,1049.631099999715,71.9276248579339,1783.3660000007967,42.33425555941196
dma_hardened2,xilinx_u280_xdma_201920_3,3,2,6,3072,256,Allgather,1102.3017000013624,68.49075166980754,1794.6996999967268,42.066910692712376
dma_hardened2,xilinx_u280_xdma_201920_3,3,2,6,3072,256,Allgather,1026.128000000881,73.57510174162988,1792.3258999985592,42.12262513199229
dma_hardened2,xilinx_u280_xdma_201920_3,3,2,6,3072,256,Allgather,1075.6162000006952,70.18997296614833,1760.8814999960032,42.87481695967126
dma_hardened2,xilinx_u280_xdma_201920_3,3,2,6,3072,256,Allgather,1048.0116999985967,72.03876826957284,1789.9998000018513,42.17736337172882
dma_hardened2,xilinx_u280_xdma_201920_3,3,2,6,6144,256,Allgather,2072.6648999982444,72.85063012362872,3165.1280999994924,47.70579238168092
dma_hardened2,xilinx_u280_xdma_201920_3,3,2,6,6144,256,Allgather,2113.2625999996435,71.45110314261251,3193.4982999985095,47.2819866539683
dma_hardened2,xilinx_u280_xdma_201920_3,3,2,6,6144,256,Allgather,2089.6622999998726,72.25806007028466,3213.507200001686,46.98758540199342
dma_hardened2,xilinx_u280_xdma_201920_3,3,2,6,6144,256,Allgather,2107.7565999974013,71.63775172151574,3190.52550000265,47.32604205792261
dma_hardened2,xilinx_u280_xdma_201920_3,3,2,6,6144,256,Allgather,2104.1687999968417,71.759900631654,3218.542599995544,46.914073469218344
dma_hardened2,xilinx_u280_xdma_201920_3,3,2,6,6144,256,Allgather,2107.29109999761,71.65357648033118,3131.3509000028716,48.22038437144222
dma_hardened2,xilinx_u280_xdma_201920_3,3,2,6,6144,256,Allgather,2150.805799999489,70.20389474495367,3193.602099997861,47.28044987198034
dma_hardened2,xilinx_u280_xdma_201920_3,3,2,6,6144,256,Allgather,2083.370200000445,72.47629057954641,3207.3432999993656,47.07788654866782
dma_hardened2,xilinx_u280_xdma_201920_3,3,2,6,6144,256,Allgather,2126.770500001385,70.99729096294202,3187.6727999986088,47.36839489927131
dma_hardened2,xilinx_u280_xdma_201920_3,3,2,6,6144,256,Allgather,2076.4305999989574,72.71851223926087,3156.7159000019274,47.83292154986383
dma_hardened2,xilinx_u280_xdma_201920_3,3,2,6,6144,256,Allgather,2095.366600002535,72.06134907362622,3207.4876000024233,47.07576858594431
dma_hardened2,xilinx_u280_xdma_201920_3,3,2,6,6144,256,Allgather,2106.6718999975365,71.67463713745674,3218.397799997774,46.91618419578351
dma_hardened2,xilinx_u280_xdma_201920_3,3,2,6,6144,256,Allgather,2090.773800000534,72.21964614247675,3128.308000003699,48.26728825928313
dma_hardened2,xilinx_u280_xdma_201920_3,3,2,6,6144,256,Allgather,2056.802599997809,73.41246262531993,3290.04850000274,45.89444319737969
dma_hardened2,xilinx_u280_xdma_201920_3,3,2,6,6144,256,Allgather,2080.0345999987258,72.59251552839193,3148.9039000007324,47.951588487652764
dma_hardened2,xilinx_u280_xdma_201920_3,3,2,6,6144,256,Allgather,2123.143500000424,71.11857677070337,3202.5593000014396,47.1482117442547
dma_hardened2,xilinx_u280_xdma_201920_3,3,2,6,6144,256,Allgather,2069.923499999504,72.94711326289892,3229.3141000025116,46.75758979279302
dma_hardened2,xilinx_u280_xdma_201920_3,3,2,6,6144,256,Allgather,2101.770500001976,71.84178481896956,3205.207299998847,47.10925998454275
dma_hardened2,xilinx_u280_xdma_201920_3,3,2,6,6144,256,Allgather,2021.2380000032226,74.70418822511711,3184.938700002249,47.40905813976683
dma_hardened2,xilinx_u280_xdma_201920_3,3,2,6,6144,256,Allgather,2156.273099996042,70.02589050537111,3194.5064000012735,47.26706573508189
dma_hardened2,xilinx_u280_xdma_201920_3,3,2,6,12288,256,Allgather,3695.199999998522,81.72491015374561,5743.279099999654,52.58144045272294
dma_hardened2,xilinx_u280_xdma_201920_3,3,2,6,12288,256,Allgather,3676.014799998484,82.15143421079931,5590.659799997866,54.01686004934789
dma_hardened2,xilinx_u280_xdma_201920_3,3,2,6,12288,256,Allgather,3663.4714000001622,82.43271340946912,5586.737799995944,54.05478094930805
dma_hardened2,xilinx_u280_xdma_201920_3,3,2,6,12288,256,Allgather,3662.5948999983393,82.45244048151133,5567.904200000839,54.23762283840201
dma_hardened2,xilinx_u280_xdma_201920_3,3,2,6,12288,256,Allgather,3683.315699998957,81.98859739339898,5577.907700001106,54.14035230449226
dma_hardened2,xilinx_u280_xdma_201920_3,3,2,6,12288,256,Allgather,3667.2526999950605,82.34771713452055,5574.2365000014615,54.17600921667404
dma_hardened2,xilinx_u280_xdma_201920_3,3,2,6,12288,256,Allgather,3671.8885000027512,82.24375222716424,5601.471699998228,53.91259729118965
dma_hardened2,xilinx_u280_xdma_201920_3,3,2,6,12288,256,Allgather,3649.6322000004966,82.74529362163095,5560.116399999515,54.31359098885526
dma_hardened2,xilinx_u280_xdma_201920_3,3,2,6,12288,256,Allgather,3666.8700999996418,82.35630926768569,5586.376100001189,54.05828082358002
dma_hardened2,xilinx_u280_xdma_201920_3,3,2,6,12288,256,Allgather,3642.1737000011944,82.91474072197626,5543.048599997746,54.48082991733516
dma_hardened2,xilinx_u280_xdma_201920_3,3,2,6,12288,256,Allgather,3637.001900000314,83.03264510254283,5518.106100004161,54.72708978897167
dma_hardened2,xilinx_u280_xdma_201920_3,3,2,6,12288,256,Allgather,3657.5129999960154,82.56700331627775,5608.131499997171,53.848574699104745
dma_hardened2,xilinx_u280_xdma_201920_3,3,2,6,12288,256,Allgather,3635.9281999978066,83.05716488025868,5568.66530000093,54.23020988529326
dma_hardened2,xilinx_u280_xdma_201920_3,3,2,6,12288,256,Allgather,3647.0335999979397,82.80425165267756,5533.1112000033045,54.57867682106581
dma_hardened2,xilinx_u280_xdma_201920_3,3,2,6,12288,256,Allgather,3643.1187999994563,82.89323093170749,5608.416400002625,53.84583926397809
dma_hardened2,xilinx_u280_xdma_201920_3,3,2,6,12288,256,Allgather,3654.5794999994996,82.6332791501844,5593.22169999632,53.99211835286248
dma_hardened2,xilinx_u280_xdma_201920_3,3,2,6,12288,256,Allgather,3623.1715999974767,83.34959569682273,5596.969999999146,53.955959742511766
dma_hardened2,xilinx_u280_xdma_201920_3,3,2,6,12288,256,Allgather,3687.6112000015837,81.89309328485342,5540.491800002201,54.50597147348545
dma_hardened2,xilinx_u280_xdma_201920_3,3,2,6,12288,256,Allgather,3647.031100001641,82.80430841400396,5643.445199996222,53.51161875377157
dma_hardened2,xilinx_u280_xdma_201920_3,3,2,6,12288,256,Allgather,3696.7497000034655,81.69065057331765,5557.764600001747,54.336574096697994
dma_hardened2,xilinx_u280_xdma_201920_3,3,2,6,24576,256,Allgather,6694.447600000331,90.22100285017844,9979.73199999933,60.520640834848116
dma_hardened2,xilinx_u280_xdma_201920_3,3,2,6,24576,256,Allgather,6670.70419999618,90.54213136903086,10006.13759999851,60.360930475320465
dma_hardened2,xilinx_u280_xdma_201920_3,3,2,6,24576,256,Allgather,6679.990700001781,90.41626001063729,10007.355199996937,60.3535863302009
dma_hardened2,xilinx_u280_xdma_201920_3,3,2,6,24576,256,Allgather,6694.224500000701,90.22400966683098,10039.641200000915,60.15949813026634
dma_hardened2,xilinx_u280_xdma_201920_3,3,2,6,24576,256,Allgather,6661.598400000912,90.66589423942418,10009.636400002364,60.3398317245427
dma_hardened2,xilinx_u280_xdma_201920_3,3,2,6,24576,256,Allgather,6670.650600000272,90.54285889295048,10022.251199995935,60.26388322817582
dma_hardened2,xilinx_u280_xdma_201920_3,3,2,6,24576,256,Allgather,6687.4057000006815,90.3160063999016,10054.154499999868,60.07265712895181
dma_hardened2,xilinx_u280_xdma_201920_3,3,2,6,24576,256,Allgather,6635.217500002,91.02637193126193,10025.243199999068,60.245897675585184
dma_hardened2,xilinx_u280_xdma_201920_3,3,2,6,24576,256,Allgather,6688.687600001231,90.29869716144148,10020.185500002299,60.27630686077234
dma_hardened2,xilinx_u280_xdma_201920_3,3,2,6,24576,256,Allgather,6665.9299999969335,90.60697847116275,10047.46110000383,60.11267622621299
dma_hardened2,xilinx_u280_xdma_201920_3,3,2,6,24576,256,Allgather,6669.864100001632,90.55353556601733,10037.101500000745,60.17472036124723
dma_hardened2,xilinx_u280_xdma_201920_3,3,2,6,24576,256,Allgather,6688.441599999351,90.3020183356402,10054.552399998329,60.070279806796805
dma_hardened2,xilinx_u280_xdma_201920_3,3,2,6,24576,256,Allgather,6665.233000001081,90.61645346830367,10026.419299998679,60.23883082568466
dma_hardened2,xilinx_u280_xdma_201920_3,3,2,6,24576,256,Allgather,6671.268000002328,90.53447950221596,10039.145299998609,60.16246980707448
dma_hardened2,xilinx_u280_xdma_201920_3,3,2,6,24576,256,Allgather,6661.37349999758,90.66895528380437,10023.418699995545,60.25686385826309
dma_hardened2,xilinx_u280_xdma_201920_3,3,2,6,24576,256,Allgather,6658.463000002257,90.70858785275149,9982.073300000138,60.506445689994244
dma_hardened2,xilinx_u280_xdma_201920_3,3,2,6,24576,256,Allgather,6692.852400004767,90.2425064684782,9992.38570000216,60.44400147603084
dma_hardened2,xilinx_u280_xdma_201920_3,3,2,6,24576,256,Allgather,6676.189600000271,90.46773866338,10024.42340000016,60.25082460104292
dma_hardened2,xilinx_u280_xdma_201920_3,3,2,6,24576,256,Allgather,6691.556999999193,90.2599762656244,9994.07019999694,60.43381364283241
dma_hardened2,xilinx_u280_xdma_201920_3,3,2,6,24576,256,Allgather,6632.029200000034,91.07013220026187,9988.246900002196,60.469047476175945
experiment,board_instance,number of nodes,rank id,number of banks,buffer size[KB],segment_size[KB],collective name,execution_time[us],throughput[Gbps],execution_time_fullpath[us],throughput_fullpath[Gbps]
dma_hardened2,xilinx_u280_xdma_201920_3,3,2,6,1,512,Send/recv,183.23459999578517,0.04470771350055304,291.69929999852684,0.028083714976489052
dma_hardened2,xilinx_u280_xdma_201920_3,3,2,6,1,512,Send/recv,180.79459999853498,0.04531108783153027,262.84709999799816,0.031166408151592277
dma_hardened2,xilinx_u280_xdma_201920_3,3,2,6,1,512,Send/recv,167.03709999887906,0.049042997035119586,261.9830999947226,0.031269192555416825
dma_hardened2,xilinx_u280_xdma_201920_3,3,2,6,1,512,Send/recv,165.13010000380746,0.04960936861184675,248.8620999997693,0.03291782878954889
dma_hardened2,xilinx_u280_xdma_201920_3,3,2,6,1,512,Send/recv,168.76900000397654,0.04853971997112609,298.05609999584703,0.027484758742109767
dma_hardened2,xilinx_u280_xdma_201920_3,3,2,6,1,512,Send/recv,189.69550000065283,0.04318499911685732,256.0570000014195,0.03199287658589527
dma_hardened2,xilinx_u280_xdma_201920_3,3,2,6,1,512,Send/recv,175.08339999494638,0.04678913021015387,277.50699999842254,0.029519976072843443
dma_hardened2,xilinx_u280_xdma_201920_3,3,2,6,1,512,Send/recv,182.3317000003044,0.044929104483676305,282.12720000055924,0.029036548053444553
dma_hardened2,xilinx_u280_xdma_201920_3,3,2,6,1,512,Send/recv,177.10999999849264,0.0462537406135719,276.3481000044976,0.029643771749712312
dma_hardened2,xilinx_u280_xdma_201920_3,3,2,6,1,512,Send/recv,151.74419999652855,0.05398558890677474,257.9550999996627,0.03175746476813489
dma_hardened2,xilinx_u280_xdma_201920_3,3,2,6,1,512,Send/recv,168.5506000001169,0.048602615475675064,272.1240999960628,0.030103912149341147
dma_hardened2,xilinx_u280_xdma_201920_3,3,2,6,1,512,Send/recv,158.79489999974794,0.05158855857469607,260.05359999885513,0.03150119821466061
dma_hardened2,xilinx_u280_xdma_201920_3,3,2,6,1,512,Send/recv,175.747999998066,0.046612194733881174,288.20659999837517,0.02842405413354928
dma_hardened2,xilinx_u280_xdma_201920_3,3,2,6,1,512,Send/recv,182.15000000054715,0.044973922591135834,259.69770000529024,0.03154436870189117
dma_hardened2,xilinx_u280_xdma_201920_3,3,2,6,1,512,Send/recv,209.9751000002925,0.03901414977294254,292.5199999992856,0.028004922740393845
dma_hardened2,xilinx_u280_xdma_201920_3,3,2,6,1,512,Send/recv,179.86670000027516,0.04554483959503047,291.0315000008268,0.028148155783744123
dma_hardened2,xilinx_u280_xdma_201920_3,3,2,6,1,512,Send/recv,164.78260000099,0.04971398679199615,288.4979999976167,0.02839534416206585
dma_hardened2,xilinx_u280_xdma_201920_3,3,2,6,1,512,Send/recv,203.7911999991593,0.04019800658730011,297.8949000009834,0.02749963158138309
dma_hardened2,xilinx_u280_xdma_201920_3,3,2,6,1,512,Send/recv,153.7688999974307,0.053274751917565116,240.5991999978596,0.03404832601302447
dma_hardened2,xilinx_u280_xdma_201920_3,3,2,6,1,512,Send/recv,162.10720000344736,0.05053446114562333,260.14989999794125,0.03148953737850689
dma_hardened2,xilinx_u280_xdma_201920_3,3,2,6,6,512,Send/recv,176.41809999986435,0.2786108681594337,247.12310000154505,0.19889682510332987
dma_hardened2,xilinx_u280_xdma_201920_3,3,2,6,6,512,Send/recv,170.40679999809072,0.2884391937443266,288.687500000151,0.17026022948681288
dma_hardened2,xilinx_u280_xdma_201920_3,3,2,6,6,512,Send/recv,186.39680000092085,0.26369551408477604,289.2696000003525,0.1699176131883202
dma_hardened2,xilinx_u280_xdma_201920_3,3,2,6,6,512,Send/recv,168.7290999996094,0.29130719004673045,286.1171999995804,0.1717897421059345
dma_hardened2,xilinx_u280_xdma_201920_3,3,2,6,6,512,Send/recv,177.2069000026022,0.27737068928624237,306.2798999962979,0.16048065838010955
dma_hardened2,xilinx_u280_xdma_201920_3,3,2,6,6,512,Send/recv,152.1718000049077,0.32300334226456406,264.94109999930515,0.18552047983543854
dma_hardened2,xilinx_u280_xdma_201920_3,3,2,6,6,512,Send/recv,181.36209999966013,0.27101582965841325,276.85759999940274,0.17753531057159358
dma_hardened2,xilinx_u280_xdma_201920_3,3,2,6,6,512,Send/recv,176.18109999943954,0.2789856573727622,271.5770000008888,0.1809873442885043
dma_hardened2,xilinx_u280_xdma_201920_3,3,2,6,6,512,Send/recv,160.8367000017097,0.30560189309702024,251.93879999960697,0.1950949992620298
dma_hardened2,xilinx_u280_xdma_201920_3,3,2,6,6,512,Send/recv,178.32600000247112,0.27563002590378793,331.95199999909164,0.1480696004245629
dma_hardened2,xilinx_u280_xdma_201920_3,3,2,6,6,512,Send/recv,176.68149999963134,0.2781955100002126,291.74890000263076,0.16847364291538644
dma_hardened2,xilinx_u280_xdma_201920_3,3,2,6,6,512,Send/recv,187.30649999838533,0.262414812088335,268.0534000035095,0.1833664486231343
dma_hardened2,xilinx_u280_xdma_201920_3,3,2,6,6,512,Send/recv,170.7112000019606,0.2879248696010308,285.6495999992603,0.17207095686507973
dma_hardened2,xilinx_u280_xdma_201920_3,3,2,6,6,512,Send/recv,162.0277000029091,0.3033555373502031,279.03860000151326,0.1761476727582974
dma_hardened2,xilinx_u280_xdma_201920_3,3,2,6,6,512,Send/recv,161.8784999948275,0.3036351337674278,266.9241999967653,0.1841421647066682
dma_hardened2,xilinx_u280_xdma_201920_3,3,2,6,6,512,Send/recv,170.1324000009663,0.2889044062137537,257.2229000008974,0.19108718547154438
dma_hardened2,xilinx_u280_xdma_201920_3,3,2,6,6,512,Send/recv,160.99019999842312,0.30531050958680367,296.07280000050196,0.1660132237744118
dma_hardened2,xilinx_u280_xdma_201920_3,3,2,6,6,512,Send/recv,179.4031000031282,0.27397519886302385,309.03010000429276,0.1590524677023928
dma_hardened2,xilinx_u280_xdma_201920_3,3,2,6,6,512,Send/recv,159.4217999979719,0.30831417033696323,277.478999998948,0.17713772934235153
dma_hardened2,xilinx_u280_xdma_201920_3,3,2,6,6,512,Send/recv,166.69010000214257,0.29487054119811684,278.34210000037274,0.17658844996834536
dma_hardened2,xilinx_u280_xdma_201920_3,3,2,6,12,512,Send/recv,172.80399999890506,0.5688757204730381,278.681399998959,0.3527469002250139
dma_hardened2,xilinx_u280_xdma_201920_3,3,2,6,12,512,Send/recv,169.1988000004585,0.5809970283461444,277.4580999982845,0.3543021450828352
dma_hardened2,xilinx_u280_xdma_201920_3,3,2,6,12,512,Send/recv,165.55180000068503,0.5937960203367962,275.92120000008435,0.35627563231810366
dma_hardened2,xilinx_u280_xdma_201920_3,3,2,6,12,512,Send/recv,171.4736999986144,0.5732890816538884,297.57370000425,0.33035177503454105
dma_hardened2,xilinx_u280_xdma_201920_3,3,2,6,12,512,Send/recv,174.90820000034546,0.5620319687687931,279.4068000014249,0.3518310935864792
dma_hardened2,xilinx_u280_xdma_201920_3,3,2,6,12,512,Send/recv,159.88369999604402,0.6148469168679004,308.037500002456,0.31912997605556537
dma_hardened2,xilinx_u280_xdma_201920_3,3,2,6,12,512,Send/recv,168.07909999556614,0.5848674820521601,273.4416000009787,0.3595063808858935
dma_hardened2,xilinx_u280_xdma_201920_3,3,2,6,12,512,Send/recv,187.1762000007493,0.5251949767096803,296.676599998591,0.3313507030903916
dma_hardened2,xilinx_u280_xdma_201920_3,3,2,6,12,512,Send/recv,155.04230000260577,0.634046321541591,269.1981999987547,0.36517331839683453
dma_hardened2,xilinx_u280_xdma_201920_3,3,2,6,12,512,Send/recv,217.30440000169438,0.4523792431227048,320.32750000325905,0.30688592143665416
dma_hardened2,xilinx_u280_xdma_201920_3,3,2,6,12,512,Send/recv,203.86200000075405,0.48220855284278774,296.52299999725074,0.33152234396964636
dma_hardened2,xilinx_u280_xdma_201920_3,3,2,6,12,512,Send/recv,173.8188999979684,0.5655541486061009,262.2209999969982,0.37488988296561043
dma_hardened2,xilinx_u280_xdma_201920_3,3,2,6,12,512,Send/recv,174.40740000438382,0.5636458085925774,287.238100003151,0.3422387211129777
dma_hardened2,xilinx_u280_xdma_201920_3,3,2,6,12,512,Send/recv,171.9972999978836,0.5715438556373246,304.66400000364047,0.32266365569553784
dma_hardened2,xilinx_u280_xdma_201920_3,3,2,6,12,512,Send/recv,174.39520000266384,0.5636852390346663,282.47259999716334,0.348012515199659
dma_hardened2,xilinx_u280_xdma_201920_3,3,2,6,12,512,Send/recv,175.9244000027138,0.5587854782991079,291.72309999694335,0.3369770854657379
dma_hardened2,xilinx_u280_xdma_201920_3,3,2,6,12,512,Send/recv,192.76370000511633,0.5099715350835806,290.04529999951956,0.33892636770932966
dma_hardened2,xilinx_u280_xdma_201920_3,3,2,6,12,512,Send/recv,156.02569999941807,0.6300500494493321,285.867499997039,0.34387959457097517
dma_hardened2,xilinx_u280_xdma_201920_3,3,2,6,12,512,Send/recv,197.0822999965094,0.4987966956025026,328.7782000029438,0.29899792625885724
dma_hardened2,xilinx_u280_xdma_201920_3,3,2,6,12,512,Send/recv,162.93479999944793,0.6033333578850747,272.2256000026846,0.3611122539505123
dma_hardened2,xilinx_u280_xdma_201920_3,3,2,6,24,512,Send/recv,176.21569999732856,1.1157235138695394,312.6065000003564,0.6289312602257977
dma_hardened2,xilinx_u280_xdma_201920_3,3,2,6,24,512,Send/recv,162.32510000122602,1.2111990074148427,292.8060999977333,0.6714614210616582
dma_hardened2,xilinx_u280_xdma_201920_3,3,2,6,24,512,Send/recv,180.3308000035031,1.0902630055219669,302.77319999640895,0.649357340749881
dma_hardened2,xilinx_u280_xdma_201920_3,3,2,6,24,512,Send/recv,178.4009999994396,1.102056602825195,290.53470000235393,0.6767109057830513
dma_hardened2,xilinx_u280_xdma_201920_3,3,2,6,24,512,Send/recv,166.56550000107018,1.180364481232529,254.75609999716656,0.7717499208151903
dma_hardened2,xilinx_u280_xdma_201920_3,3,2,6,24,512,Send/recv,180.38919999980862,1.08991003896136,306.43189999750575,0.6416042194092727
dma_hardened2,xilinx_u280_xdma_201920_3,3,2,6,24,512,Send/recv,177.51220000263856,1.1075745779562058,305.56279999700564,0.6434291085234416
dma_hardened2,xilinx_u280_xdma_201920_3,3,2,6,24,512,Send/recv,182.91540000063833,1.0748575570964167,299.9359000000368,0.6555000585124218
dma_hardened2,xilinx_u280_xdma_201920_3,3,2,6,24,512,Send/recv,193.08180000052744,1.0182627259506745,272.91349999813974,0.7204040840828326
dma_hardened2,xilinx_u280_xdma_201920_3,3,2,6,24,512,Send/recv,171.07520000081422,1.1492489852361083,303.49520000072516,0.6478125518938364
dma_hardened2,xilinx_u280_xdma_201920_3,3,2,6,24,512,Send/recv,172.45989999992162,1.1400215354415104,306.5060000039921,0.6414491070238079
dma_hardened2,xilinx_u280_xdma_201920_3,3,2,6,24,512,Send/recv,174.92279999942184,1.1239701171068028,279.8980999955347,0.7024270618597858
dma_hardened2,xilinx_u280_xdma_201920_3,3,2,6,24,512,Send/recv,152.67470000139838,1.2877575655835525,322.5983999982418,0.6094512558062022
dma_hardened2,xilinx_u280_xdma_201920_3,3,2,6,24,512,Send/recv,158.7635000021237,1.2383702803060532,279.80509999565584,0.7026605305015973
dma_hardened2,xilinx_u280_xdma_201920_3,3,2,6,24,512,Send/recv,179.48110000247652,1.0954245321501102,294.10619999907794,0.6684932177581309
dma_hardened2,xilinx_u280_xdma_201920_3,3,2,6,24,512,Send/recv,179.7982999960368,1.0934919852097251,278.7480999984382,0.7053249869724729
dma_hardened2,xilinx_u280_xdma_201920_3,3,2,6,24,512,Send/recv,186.58269999605182,1.053731133723332,320.84849999591825,0.6127751882975959
dma_hardened2,xilinx_u280_xdma_201920_3,3,2,6,24,512,Send/recv,175.17129999760073,1.1223756403171803,308.4698999998636,0.6373652664330844
dma_hardened2,xilinx_u280_xdma_201920_3,3,2,6,24,512,Send/recv,201.47949999795856,0.9758213614883504,271.0058999980447,0.7254749804392395
dma_hardened2,xilinx_u280_xdma_201920_3,3,2,6,24,512,Send/recv,178.69629999722747,1.1002354273874189,306.90379999782635,0.6406176788993571
dma_hardened2,xilinx_u280_xdma_201920_3,3,2,6,48,512,Send/recv,175.75109999938832,2.237345882906955,279.29060000246864,1.407909897420552
dma_hardened2,xilinx_u280_xdma_201920_3,3,2,6,48,512,Send/recv,167.0690000025843,2.353614374862587,293.75550000168005,1.3385825967437244
dma_hardened2,xilinx_u280_xdma_201920_3,3,2,6,48,512,Send/recv,171.79750000195781,2.288834237957589,300.2691999995477,1.3095449017101732
dma_hardened2,xilinx_u280_xdma_201920_3,3,2,6,48,512,Send/recv,177.1737000012763,2.219381318994678,296.0862999998426,1.3280452354607728
dma_hardened2,xilinx_u280_xdma_201920_3,3,2,6,48,512,Send/recv,186.77760000400667,2.1052631578495755,284.62569999874177,1.3815196589827914
dma_hardened2,xilinx_u280_xdma_201920_3,3,2,6,48,512,Send/recv,180.7247999977335,2.175772223872603,336.4718999989691,1.168644394973859
dma_hardened2,xilinx_u280_xdma_201920_3,3,2,6,48,512,Send/recv,189.5273000002362,2.0747195786544204,311.08579999568065,1.2640114078027982
dma_hardened2,xilinx_u280_xdma_201920_3,3,2,6,48,512,Send/recv,193.02059999972698,2.037171162044653,323.4165000037592,1.2158192299880477
dma_hardened2,xilinx_u280_xdma_201920_3,3,2,6,48,512,Send/recv,173.64679999900545,2.2644586597751997,287.8450000025623,1.3660685438221951
dma_hardened2,xilinx_u280_xdma_201920_3,3,2,6,48,512,Send/recv,164.26459999934195,2.393796350531857,330.9929000010925,1.1879892287680556
dma_hardened2,xilinx_u280_xdma_201920_3,3,2,6,48,512,Send/recv,175.4857000037191,2.2407295864658288,341.30509999954484,1.152095295383879
dma_hardened2,xilinx_u280_xdma_201920_3,3,2,6,48,512,Send/recv,201.82420000196544,1.9483094693112655,335.2845999984311,1.1727827642600943
dma_hardened2,xilinx_u280_xdma_201920_3,3,2,6,48,512,Send/recv,211.30650000031892,1.8608798120237973,358.02099999955317,1.0983042894145616
dma_hardened2,xilinx_u280_xdma_201920_3,3,2,6,48,512,Send/recv,185.1455000007718,2.123821534946088,313.5160999988784,1.2542131010222655
dma_hardened2,xilinx_u280_xdma_201920_3,3,2,6,48,512,Send/recv,192.73280000220439,2.040213186315472,304.91159999996853,1.2896065613772667
dma_hardened2,xilinx_u280_xdma_201920_3,3,2,6,48,512,Send/recv,184.60970000546695,2.1299855857430865,325.5871999954252,1.2077133253565406
dma_hardened2,xilinx_u280_xdma_201920_3,3,2,6,48,512,Send/recv,186.80129999779638,2.104996057332784,296.2889000002633,1.327137128659395
dma_hardened2,xilinx_u280_xdma_201920_3,3,2,6,48,512,Send/recv,208.48429999773543,1.8860700781990354,296.28319999801533,1.3271626605984883
dma_hardened2,xilinx_u280_xdma_201920_3,3,2,6,48,512,Send/recv,178.84609999896384,2.198627758739375,317.0108999995591,1.2403863715744377
dma_hardened2,xilinx_u280_xdma_201920_3,3,2,6,48,512,Send/recv,181.58580000431357,2.1654556688389683,296.42719999856126,1.3265179443786146
dma_hardened2,xilinx_u280_xdma_201920_3,3,2,6,96,512,Send/recv,210.87340000462973,3.7294035188067047,353.97729999999683,2.221701787092017
dma_hardened2,xilinx_u280_xdma_201920_3,3,2,6,96,512,Send/recv,176.12110000300163,4.465291211482309,297.6458000034654,2.6421740202309048
dma_hardened2,xilinx_u280_xdma_201920_3,3,2,6,96,512,Send/recv,217.2174999998333,3.6204817751820344,307.37490000092293,2.558543329327276
dma_hardened2,xilinx_u280_xdma_201920_3,3,2,6,96,512,Send/recv,197.84119999712857,3.9750668718720576,315.54949999872406,2.4922619113742215
dma_hardened2,xilinx_u280_xdma_201920_3,3,2,6,96,512,Send/recv,196.54079999895657,4.0013676549814345,318.3304999993197,2.4704890043576744
dma_hardened2,xilinx_u280_xdma_201920_3,3,2,6,96,512,Send/recv,193.48590000163313,4.064544238072966,336.03150000089954,2.3403520205632353
dma_hardened2,xilinx_u280_xdma_201920_3,3,2,6,96,512,Send/recv,202.21240000068974,3.889138351541832,333.71260000194525,2.356614643844481
dma_hardened2,xilinx_u280_xdma_201920_3,3,2,6,96,512,Send/recv,190.40999999901942,4.130203245649125,326.6065000048002,2.4078883916530804
dma_hardened2,xilinx_u280_xdma_201920_3,3,2,6,96,512,Send/recv,200.94610000001012,3.913646495254003,341.27059999491394,2.3044235278741283
dma_hardened2,xilinx_u280_xdma_201920_3,3,2,6,96,512,Send/recv,180.02369999976509,4.368491481960576,295.7089000005908,2.659480319998582
dma_hardened2,xilinx_u280_xdma_201920_3,3,2,6,96,512,Send/recv,226.3711000011881,3.4740830432677687,331.3850999973056,2.3731664459458024
dma_hardened2,xilinx_u280_xdma_201920_3,3,2,6,96,512,Send/recv,184.7929000007298,4.255747921034273,308.1867999981114,2.5518029974185117
dma_hardened2,xilinx_u280_xdma_201920_3,3,2,6,96,512,Send/recv,198.5160000003816,3.9615547361345596,340.1209999992716,2.3122124185265958
dma_hardened2,xilinx_u280_xdma_201920_3,3,2,6,96,512,Send/recv,195.47279999869716,4.023229830468698,304.07870000317416,2.5862778287061565
dma_hardened2,xilinx_u280_xdma_201920_3,3,2,6,96,512,Send/recv,195.2621000043564,4.027571146589401,362.55690000075447,2.169127108043906
dma_hardened2,xilinx_u280_xdma_201920_3,3,2,6,96,512,Send/recv,183.33330000359638,4.289629870757647,373.8505000001169,2.1036002359225257
dma_hardened2,xilinx_u280_xdma_201920_3,3,2,6,96,512,Send/recv,170.41140000060295,4.614902524110579,335.9716999966622,2.3407685826151816
dma_hardened2,xilinx_u280_xdma_201920_3,3,2,6,96,512,Send/recv,187.6300999981595,4.191395730257108,377.9368999971666,2.080855296230392
dma_hardened2,xilinx_u280_xdma_201920_3,3,2,6,96,512,Send/recv,176.4565999962997,4.456801275874586,340.4214999989108,2.3101713610994494
dma_hardened2,xilinx_u280_xdma_201920_3,3,2,6,96,512,Send/recv,194.98519999956443,4.033290731818398,333.91849999588885,2.3551615139912356
dma_hardened2,xilinx_u280_xdma_201920_3,3,2,6,192,512,Send/recv,205.95489999664096,7.636934105601045,409.9524000025667,3.836699089919103
dma_hardened2,xilinx_u280_xdma_201920_3,3,2,6,192,512,Send/recv,210.8466999970915,7.459751563679663,400.0852999979543,3.931321645679165
dma_hardened2,xilinx_u280_xdma_201920_3,3,2,6,192,512,Send/recv,205.10639999997693,7.6685271644384425,379.36579999495734,4.146035304239093
dma_hardened2,xilinx_u280_xdma_201920_3,3,2,6,192,512,Send/recv,223.44519999819568,7.039148748832827,411.37819999903513,3.823401434504038
dma_hardened2,xilinx_u280_xdma_201920_3,3,2,6,192,512,Send/recv,207.02239999650374,7.5975546608799975,386.6655999956947,4.067762945598245
dma_hardened2,xilinx_u280_xdma_201920_3,3,2,6,192,512,Send/recv,217.8743999991184,7.219131756674324,401.41000000062377,3.918347823914591
dma_hardened2,xilinx_u280_xdma_201920_3,3,2,6,192,512,Send/recv,212.21509999804766,7.411649783707522,352.74070000355096,4.4589807753518835
dma_hardened2,xilinx_u280_xdma_201920_3,3,2,6,192,512,Send/recv,240.06680000070446,6.55177642220992,422.13209999886203,3.725999515327643
dma_hardened2,xilinx_u280_xdma_201920_3,3,2,6,192,512,Send/recv,207.89829999898757,7.565545269045776,409.6782000033272,3.839267014908838
dma_hardened2,xilinx_u280_xdma_201920_3,3,2,6,192,512,Send/recv,210.1508000009744,7.484454020601906,377.9156999996758,4.161944052605778
dma_hardened2,xilinx_u280_xdma_201920_3,3,2,6,192,512,Send/recv,201.35280000204148,7.8114831280421875,423.9980999955151,3.7096015289140145
dma_hardened2,xilinx_u280_xdma_201920_3,3,2,6,192,512,Send/recv,228.48190000104296,6.883976367462019,378.7871999975323,4.152368401071226
dma_hardened2,xilinx_u280_xdma_201920_3,3,2,6,192,512,Send/recv,206.98380000112593,7.598971513671331,395.7219999961126,3.974669085912462
dma_hardened2,xilinx_u280_xdma_201920_3,3,2,6,192,512,Send/recv,217.19450000432516,7.2417303383312115,410.42730000526717,3.832259696126001
dma_hardened2,xilinx_u280_xdma_201920_3,3,2,6,192,512,Send/recv,258.79030000055536,6.077754846285292,388.31299999628754,4.0505056488323525
dma_hardened2,xilinx_u280_xdma_201920_3,3,2,6,192,512,Send/recv,216.06799999744908,7.27948608779907,382.85240000277554,4.108277759232011
dma_hardened2,xilinx_u280_xdma_201920_3,3,2,6,192,512,Send/recv,213.8086000002204,7.356411294954359,418.77699999872675,3.7558509660386843
dma_hardened2,xilinx_u280_xdma_201920_3,3,2,6,192,512,Send/recv,214.45849999963684,7.334118255992014,378.2494000006409,4.158272293352838
dma_hardened2,xilinx_u280_xdma_201920_3,3,2,6,192,512,Send/recv,220.75399999721412,7.124962628173665,388.46629999511606,4.048907202554699
dma_hardened2,xilinx_u280_xdma_201920_3,3,2,6,192,512,Send/recv,210.68169999693964,7.465593831941016,378.33540000065113,4.15732707010048
dma_hardened2,xilinx_u280_xdma_201920_3,3,2,6,384,512,Send/recv,264.01470000223526,11.914972916179922,528.6131999980626,5.950907014829614
dma_hardened2,xilinx_u280_xdma_201920_3,3,2,6,384,512,Send/recv,277.6100000005499,11.33146500484049,538.8598000024558,5.837748520089388
dma_hardened2,xilinx_u280_xdma_201920_3,3,2,6,384,512,Send/recv,284.9560000015572,11.03934642535272,542.7731999986918,5.79565829707064
dma_hardened2,xilinx_u280_xdma_201920_3,3,2,6,384,512,Send/recv,272.96530000171515,11.524277994236757,526.3812000009693,5.976140485249487
dma_hardened2,xilinx_u280_xdma_201920_3,3,2,6,384,512,Send/recv,299.11120000178926,10.516918122695447,508.08719999508867,6.19131519162539
dma_hardened2,xilinx_u280_xdma_201920_3,3,2,6,384,512,Send/recv,255.06019999852467,12.333276614768574,539.3494000031751,5.832449243443084
dma_hardened2,xilinx_u280_xdma_201920_3,3,2,6,384,512,Send/recv,266.68369999924835,11.795726547999994,544.5876999999655,5.77634786830514
dma_hardened2,xilinx_u280_xdma_201920_3,3,2,6,384,512,Send/recv,262.6942000006238,11.974866593904737,528.6683000008452,5.950286786620213
dma_hardened2,xilinx_u280_xdma_201920_3,3,2,6,384,512,Send/recv,308.5285999986809,10.195904042650989,543.1238999960897,5.79191598827201
dma_hardened2,xilinx_u280_xdma_201920_3,3,2,6,384,512,Send/recv,265.4001999985667,11.852771776422886,541.5722999998707,5.808509777920235
dma_hardened2,xilinx_u280_xdma_201920_3,3,2,6,384,512,Send/recv,276.5628999952696,11.374367277945831,513.1052999956864,6.130764971686017
dma_hardened2,xilinx_u280_xdma_201920_3,3,2,6,384,512,Send/recv,267.2454999981255,11.770929725746791,507.46680000202105,6.198884340783421
dma_hardened2,xilinx_u280_xdma_201920_3,3,2,6,384,512,Send/recv,274.83449999863296,11.445899259429392,551.3994000011735,5.704989885722228
dma_hardened2,xilinx_u280_xdma_201920_3,3,2,6,384,512,Send/recv,282.1268999980475,11.150046309025372,567.4016000000393,5.544094341644054
dma_hardened2,xilinx_u280_xdma_201920_3,3,2,6,384,512,Send/recv,294.5188000012422,10.680907296874537,556.9005000040761,5.648635617990962
dma_hardened2,xilinx_u280_xdma_201920_3,3,2,6,384,512,Send/recv,271.61829999613474,11.581428791965658,535.9796999982791,5.869117804293894
dma_hardened2,xilinx_u280_xdma_201920_3,3,2,6,384,512,Send/recv,270.09450000150537,11.646768075553066,531.2737000053858,5.921106201884472
dma_hardened2,xilinx_u280_xdma_201920_3,3,2,6,384,512,Send/recv,279.02489999860336,11.274004578142472,546.6544999990219,5.754508560719117
dma_hardened2,xilinx_u280_xdma_201920_3,3,2,6,384,512,Send/recv,305.4511000016191,10.298630451759136,508.82790000059686,6.182302503452169
dma_hardened2,xilinx_u280_xdma_201920_3,3,2,6,384,512,Send/recv,279.3473999986418,11.260989005143038,555.3575000021738,5.66432973352784
dma_hardened2,xilinx_u280_xdma_201920_3,3,2,6,768,512,Send/recv,401.9581000022754,15.652019451690078,661.0199999954602,9.517799764066455
dma_hardened2,xilinx_u280_xdma_201920_3,3,2,6,768,512,Send/recv,383.6575999969227,16.398622104841564,680.8736999971643,9.240268789977058
dma_hardened2,xilinx_u280_xdma_201920_3,3,2,6,768,512,Send/recv,378.9992000008624,16.60018279718185,673.6396999997396,9.339497063493187
dma_hardened2,xilinx_u280_xdma_201920_3,3,2,6,768,512,Send/recv,396.84289999968314,15.85376984193247,1115.3302000025178,5.64089092179679
dma_hardened2,xilinx_u280_xdma_201920_3,3,2,6,768,512,Send/recv,407.17200000131015,15.451592938560992,704.5602999994571,8.929620360393352
dma_hardened2,xilinx_u280_xdma_201920_3,3,2,6,768,512,Send/recv,434.01469999935216,14.495951404432594,634.1838999958327,9.920554589987765
dma_hardened2,xilinx_u280_xdma_201920_3,3,2,6,768,512,Send/recv,409.2270000001008,15.37400024924663,695.1276999984657,9.050791674700758
dma_hardened2,xilinx_u280_xdma_201920_3,3,2,6,768,512,Send/recv,387.7931999966222,16.223739869741916,680.4001000034532,9.246700580978853
dma_hardened2,xilinx_u280_xdma_201920_3,3,2,6,768,512,Send/recv,390.8803000001626,16.095607785803946,720.0651000005109,8.737343331867544
dma_hardened2,xilinx_u280_xdma_201920_3,3,2,6,768,512,Send/recv,404.0857999996206,15.569604277126064,690.4712999983076,9.111828398972442
dma_hardened2,xilinx_u280_xdma_201920_3,3,2,6,768,512,Send/recv,396.42460000095525,15.870498450360646,656.1647000012272,9.588226858269323
dma_hardened2,xilinx_u280_xdma_201920_3,3,2,6,768,512,Send/recv,373.16990000135775,16.85949483057746,690.1953000010508,9.11547209897028
dma_hardened2,xilinx_u280_xdma_201920_3,3,2,6,768,512,Send/recv,383.40219999781766,16.409545902542582,702.8112000000419,8.951843681488889
dma_hardened2,xilinx_u280_xdma_201920_3,3,2,6,768,512,Send/recv,396.7838999983542,15.856127227002146,680.5723999946167,9.244359600903246
dma_hardened2,xilinx_u280_xdma_201920_3,3,2,6,768,512,Send/recv,366.0641999999825,17.186755765792725,679.3666999953984,9.260765945758918
dma_hardened2,xilinx_u280_xdma_201920_3,3,2,6,768,512,Send/recv,397.52310000267244,15.826642527082589,653.4568999995827,9.627958630483537
dma_hardened2,xilinx_u280_xdma_201920_3,3,2,6,768,512,Send/recv,410.740000000942,15.317368651666676,686.5919000006215,9.163312296568463
dma_hardened2,xilinx_u280_xdma_201920_3,3,2,6,768,512,Send/recv,401.3530999998238,15.67561331905188,673.901299995805,9.335871588375278
dma_hardened2,xilinx_u280_xdma_201920_3,3,2,6,768,512,Send/recv,402.18799999820476,15.64307239407462,703.945000003614,8.937425509049287
dma_hardened2,xilinx_u280_xdma_201920_3,3,2,6,768,512,Send/recv,363.31509999740774,17.316802962620848,675.8839999974953,9.308484887973847
dma_hardened2,xilinx_u280_xdma_201920_3,3,2,6,1536,512,Send/recv,544.5369000028677,23.107546981542914,948.4024000016689,13.267482241691773
dma_hardened2,xilinx_u280_xdma_201920_3,3,2,6,1536,512,Send/recv,527.862600000617,23.837475888584063,935.5695000010655,13.449467944375773
dma_hardened2,xilinx_u280_xdma_201920_3,3,2,6,1536,512,Send/recv,526.5833999999359,23.89538295358633,973.763299998609,12.921941091862852
dma_hardened2,xilinx_u280_xdma_201920_3,3,2,6,1536,512,Send/recv,533.0974999992577,23.603397127200033,1010.7903000005081,12.448588000887696
dma_hardened2,xilinx_u280_xdma_201920_3,3,2,6,1536,512,Send/recv,522.9734000010922,24.06032888092152,920.5628000017896,13.668716572053029
dma_hardened2,xilinx_u280_xdma_201920_3,3,2,6,1536,512,Send/recv,549.351300003309,22.90503726836399,996.2036000047193,12.630863811313661
dma_hardened2,xilinx_u280_xdma_201920_3,3,2,6,1536,512,Send/recv,526.5653999970255,23.89619978842339,1019.745499996816,12.339267003423197
dma_hardened2,xilinx_u280_xdma_201920_3,3,2,6,1536,512,Send/recv,561.1923000003571,22.421747411701823,938.0002000000331,13.414615476627356
dma_hardened2,xilinx_u280_xdma_201920_3,3,2,6,1536,512,Send/recv,584.7456999958922,21.518605438378415,1006.0483000017939,12.507264313231843
dma_hardened2,xilinx_u280_xdma_201920_3,3,2,6,1536,512,Send/recv,560.0630000003548,22.466958181476063,1005.6480000002921,12.512242852366182
dma_hardened2,xilinx_u280_xdma_201920_3,3,2,6,1536,512,Send/recv,530.8467999952882,23.703471510258115,932.1025000019745,13.49949388610517
dma_hardened2,xilinx_u280_xdma_201920_3,3,2,6,1536,512,Send/recv,524.3860000007317,23.995514754364997,923.698299999387,13.622318023112472
dma_hardened2,xilinx_u280_xdma_201920_3,3,2,6,1536,512,Send/recv,540.6811000000289,23.272335578216676,985.917100001643,12.762647082578273
dma_hardened2,xilinx_u280_xdma_201920_3,3,2,6,1536,512,Send/recv,512.5756000040838,24.54840222573948,978.8809999975001,12.854383730026566
dma_hardened2,xilinx_u280_xdma_201920_3,3,2,6,1536,512,Send/recv,526.8712999964009,23.882325721833688,902.1770000003926,13.947276421361357
dma_hardened2,xilinx_u280_xdma_201920_3,3,2,6,1536,512,Send/recv,544.2647000052148,23.11910362711276,987.7126999981556,12.739445387331251
dma_hardened2,xilinx_u280_xdma_201920_3,3,2,6,1536,512,Send/recv,505.9335999987979,24.87067868200471,989.2885999988721,12.719151923932356
dma_hardened2,xilinx_u280_xdma_201920_3,3,2,6,1536,512,Send/recv,532.2252999974353,23.64207789456953,977.290000002995,12.875310296801807
dma_hardened2,xilinx_u280_xdma_201920_3,3,2,6,1536,512,Send/recv,555.142100000694,22.666110172484256,973.3326999992187,12.927657726910953
dma_hardened2,xilinx_u280_xdma_201920_3,3,2,6,1536,512,Send/recv,581.3746000001174,21.643381048978505,954.9461999995401,13.17656638667818
dma_hardened2,xilinx_u280_xdma_201920_3,3,2,6,3072,512,Send/recv,785.694399996828,32.03004119680833,1718.5030000007373,14.644038445082261
dma_hardened2,xilinx_u280_xdma_201920_3,3,2,6,3072,512,Send/recv,773.5978000027899,32.53088878989734,1666.7788000006567,15.09847857435557
dma_hardened2,xilinx_u280_xdma_201920_3,3,2,6,3072,512,Send/recv,779.401200003349,32.288664682440654,1698.0160999992222,14.820721664542242
dma_hardened2,xilinx_u280_xdma_201920_3,3,2,6,3072,512,Send/recv,791.2809999993442,31.803902785509642,1695.340200001283,14.84411447329625
dma_hardened2,xilinx_u280_xdma_201920_3,3,2,6,3072,512,Send/recv,756.1439000028258,33.281791997404135,1703.5862999989604,14.77226249120186
dma_hardened2,xilinx_u280_xdma_201920_3,3,2,6,3072,512,Send/recv,788.5038999972949,31.915915698180232,1675.6938000014543,15.018151884299005
dma_hardened2,xilinx_u280_xdma_201920_3,3,2,6,3072,512,Send/recv,759.5078999997895,33.13438082738438,1702.92189999941,14.778025932961881
dma_hardened2,xilinx_u280_xdma_201920_3,3,2,6,3072,512,Send/recv,783.1171000020731,32.135454582633145,1660.4232000020147,15.15627100366308
dma_hardened2,xilinx_u280_xdma_201920_3,3,2,6,3072,512,Send/recv,778.0767000042488,32.34362884772489,1690.070599994442,14.890398069810077
dma_hardened2,xilinx_u280_xdma_201920_3,3,2,6,3072,512,Send/recv,817.7118999981303,30.775905303637554,1600.5398000004334,15.723335339735499
dma_hardened2,xilinx_u280_xdma_201920_3,3,2,6,3072,512,Send/recv,763.8865999979316,32.944450131823416,1687.216499999522,14.915586707459967
dma_hardened2,xilinx_u280_xdma_201920_3,3,2,6,3072,512,Send/recv,788.5332000000744,31.91472977928846,1658.125299996982,15.177275203536068
dma_hardened2,xilinx_u280_xdma_201920_3,3,2,6,3072,512,Send/recv,776.6421999974682,32.40336927362696,1686.7304000015793,14.919885240686027
dma_hardened2,xilinx_u280_xdma_201920_3,3,2,6,3072,512,Send/recv,792.3441999992065,31.761227002135186,1690.0179000003845,14.890862398554638
dma_hardened2,xilinx_u280_xdma_201920_3,3,2,6,3072,512,Send/recv,756.2242000005881,33.27825795574967,1604.9699000006967,15.679935181332107
dma_hardened2,xilinx_u280_xdma_201920_3,3,2,6,3072,512,Send/recv,776.3332999957129,32.41626244827959,1654.813500005048,15.207649683739728
dma_hardened2,xilinx_u280_xdma_201920_3,3,2,6,3072,512,Send/recv,747.498599997698,33.66671723542693,1623.6691000017345,15.499355133366224
dma_hardened2,xilinx_u280_xdma_201920_3,3,2,6,3072,512,Send/recv,771.1240999981328,32.63524509227624,1649.2786000014803,15.258685827838555
dma_hardened2,xilinx_u280_xdma_201920_3,3,2,6,3072,512,Send/recv,784.1201000019282,32.0943488120482,1635.4011000032642,15.388166242489241
dma_hardened2,xilinx_u280_xdma_201920_3,3,2,6,3072,512,Send/recv,781.6162000040094,32.19716275055572,1677.2274999993897,15.004418899647876
dma_hardened2,xilinx_u280_xdma_201920_3,3,2,6,6144,512,Send/recv,1173.2413000004271,42.899655850831095,2789.336500001127,18.04430838659289
dma_hardened2,xilinx_u280_xdma_201920_3,3,2,6,6144,512,Send/recv,1229.021599999669,40.95261466520487,2974.3444000018826,16.921930089860524
dma_hardened2,xilinx_u280_xdma_201920_3,3,2,6,6144,512,Send/recv,1189.000700003362,42.331049931137706,2901.123499998448,17.34901944023649
dma_hardened2,xilinx_u280_xdma_201920_3,3,2,6,6144,512,Send/recv,1251.1857999982112,40.22715730954744,2903.4878999993907,17.334891597106555
dma_hardened2,xilinx_u280_xdma_201920_3,3,2,6,6144,512,Send/recv,1167.0985000023393,43.125449994065725,2860.6448999994427,17.594510944021682
dma_hardened2,xilinx_u280_xdma_201920_3,3,2,6,6144,512,Send/recv,1212.5748000016756,41.5080768624999,2936.683199999379,17.138943689946075
dma_hardened2,xilinx_u280_xdma_201920_3,3,2,6,6144,512,Send/recv,1237.1345000019573,40.68405496728154,2910.701300004348,17.291931672935597
dma_hardened2,xilinx_u280_xdma_201920_3,3,2,6,6144,512,Send/recv,1233.600400001933,40.80060933825989,2841.4752999992743,17.713209754106558
dma_hardened2,xilinx_u280_xdma_201920_3,3,2,6,6144,512,Send/recv,1222.674400003143,41.1652096419706,2961.5208999985043,16.995202701431356
dma_hardened2,xilinx_u280_xdma_201920_3,3,2,6,6144,512,Send/recv,1221.0372000026837,41.22040507847703,2902.4103999972795,17.341327057003095
dma_hardened2,xilinx_u280_xdma_201920_3,3,2,6,6144,512,Send/recv,1240.5059000002439,40.573485382044616,2902.2831000020233,17.342087682612668
dma_hardened2,xilinx_u280_xdma_201920_3,3,2,6,6144,512,Send/recv,1237.5145000021348,40.67156223212994,2889.123400001381,17.421079348834994
dma_hardened2,xilinx_u280_xdma_201920_3,3,2,6,6144,512,Send/recv,1223.6350000023322,41.132893387247066,2925.7194000024356,17.203169928038246
dma_hardened2,xilinx_u280_xdma_201920_3,3,2,6,6144,512,Send/recv,1259.445099998402,39.96335211440647,2847.47900000184,17.675862754375878
dma_hardened2,xilinx_u280_xdma_201920_3,3,2,6,6144,512,Send/recv,1246.2175999985448,40.38752782825309,2959.6072000003915,17.006191902761064
dma_hardened2,xilinx_u280_xdma_201920_3,3,2,6,6144,512,Send/recv,1227.086300002611,41.01720310942507,2893.4997000021667,17.394730678548992
dma_hardened2,xilinx_u280_xdma_201920_3,3,2,6,6144,512,Send/recv,1245.0469999976121,40.425500402873574,2875.207399995361,17.50539734979856
dma_hardened2,xilinx_u280_xdma_201920_3,3,2,6,6144,512,Send/recv,1187.823500004015,42.37300238615407,2918.811500001084,17.2438843686827
dma_hardened2,xilinx_u280_xdma_201920_3,3,2,6,6144,512,Send/recv,1210.7304000039676,41.57130935164019,2945.623400000841,17.08692564025178
dma_hardened2,xilinx_u280_xdma_201920_3,3,2,6,6144,512,Send/recv,1200.779399999874,41.915815677721724,2967.972100003635,16.95826183808748
dma_hardened2,xilinx_u280_xdma_201920_3,3,2,6,12288,512,Send/recv,2256.651499999407,44.60737335828171,4914.581899998893,20.482575740577783
dma_hardened2,xilinx_u280_xdma_201920_3,3,2,6,12288,512,Send/recv,2259.027000002334,44.560466076720644,5005.498900004568,20.110542028069997
dma_hardened2,xilinx_u280_xdma_201920_3,3,2,6,12288,512,Send/recv,2248.598200003471,44.76713358564665,4938.86519999478,20.381867478405038
dma_hardened2,xilinx_u280_xdma_201920_3,3,2,6,12288,512,Send/recv,2220.748600001343,45.32854191597335,4915.190999997776,20.48003750007793
dma_hardened2,xilinx_u280_xdma_201920_3,3,2,6,12288,512,Send/recv,2229.2255999957433,45.15617261895441,4967.221800001198,20.26551260504931
dma_hardened2,xilinx_u280_xdma_201920_3,3,2,6,12288,512,Send/recv,2237.324999998691,44.99270155210302,4943.239299996094,20.36383227493752
dma_hardened2,xilinx_u280_xdma_201920_3,3,2,6,12288,512,Send/recv,2214.936000001444,45.447496451335105,4958.053699999709,20.30298623026328
dma_hardened2,xilinx_u280_xdma_201920_3,3,2,6,12288,512,Send/recv,2254.538799996908,44.649174367785584,4952.34269999969,20.326399463430974
dma_hardened2,xilinx_u280_xdma_201920_3,3,2,6,12288,512,Send/recv,2288.2121000009192,43.99211768872281,4972.715400003835,20.243124309893616
dma_hardened2,xilinx_u280_xdma_201920_3,3,2,6,12288,512,Send/recv,2232.083300003751,45.098359904323836,4928.4872999976415,20.424785511783334
dma_hardened2,xilinx_u280_xdma_201920_3,3,2,6,12288,512,Send/recv,2229.8161000037453,45.14421435912626,4963.0942000021605,20.28236659299277
dma_hardened2,xilinx_u280_xdma_201920_3,3,2,6,12288,512,Send/recv,2257.174600003964,44.597035603636165,4968.927700002723,20.25855518081795
dma_hardened2,xilinx_u280_xdma_201920_3,3,2,6,12288,512,Send/recv,2248.8699999996697,44.76172299866812,4977.42999999673,20.223950110813437
dma_hardened2,xilinx_u280_xdma_201920_3,3,2,6,12288,512,Send/recv,2246.93779999825,44.80021476343422,4955.5110000028435,20.313403804358874
dma_hardened2,xilinx_u280_xdma_201920_3,3,2,6,12288,512,Send/recv,2239.89309999979,44.94111616309253,4885.169900001074,20.605894587203174
dma_hardened2,xilinx_u280_xdma_201920_3,3,2,6,12288,512,Send/recv,2210.2982000035354,45.542857520238215,4854.808099997854,20.734763131017374
dma_hardened2,xilinx_u280_xdma_201920_3,3,2,6,12288,512,Send/recv,2232.1003999991262,45.09801440833011,4948.947499997303,20.3403442853364
dma_hardened2,xilinx_u280_xdma_201920_3,3,2,6,12288,512,Send/recv,2238.7523000020337,44.96401678734559,4930.914900000971,20.41472993175773
dma_hardened2,xilinx_u280_xdma_201920_3,3,2,6,12288,512,Send/recv,2215.4172999989896,45.43762297064571,4955.938099999457,20.311653206485975
dma_hardened2,xilinx_u280_xdma_201920_3,3,2,6,12288,512,Send/recv,2247.167900003433,44.79562742056178,4918.083000001161,20.467994541770896
dma_hardened2,xilinx_u280_xdma_201920_3,3,2,6,24576,512,Send/recv,3850.9927999996307,52.27914007006695,8610.830000003489,23.38062556105723
dma_hardened2,xilinx_u280_xdma_201920_3,3,2,6,24576,512,Send/recv,3871.041000002151,52.00838534127851,8707.81739999984,23.120212879062404
dma_hardened2,xilinx_u280_xdma_201920_3,3,2,6,24576,512,Send/recv,3867.46829999538,52.0564297838564,8640.671500000963,23.299878024523622
dma_hardened2,xilinx_u280_xdma_201920_3,3,2,6,24576,512,Send/recv,3897.8207000013754,51.65106542738843,8641.146400003663,23.298597510153822
dma_hardened2,xilinx_u280_xdma_201920_3,3,2,6,24576,512,Send/recv,3837.249600002224,52.466379043959854,8650.601499999766,23.27313216312247
dma_hardened2,xilinx_u280_xdma_201920_3,3,2,6,24576,512,Send/recv,3848.298299999442,52.31574485793609,8625.845099999196,23.339926658318817
dma_hardened2,xilinx_u280_xdma_201920_3,3,2,6,24576,512,Send/recv,3855.9077999991587,52.212501554120124,8618.376199996192,23.360153621524315
dma_hardened2,xilinx_u280_xdma_201920_3,3,2,6,24576,512,Send/recv,3906.825100000333,51.53202071932599,8666.549299999815,23.2303059765672
dma_hardened2,xilinx_u280_xdma_201920_3,3,2,6,24576,512,Send/recv,3868.8164000006964,52.03829057382091,8649.547100003474,23.275969212297735
dma_hardened2,xilinx_u280_xdma_201920_3,3,2,6,24576,512,Send/recv,3859.6025999993344,52.16251849349327,8639.17770000171,23.303906805847987
dma_hardened2,xilinx_u280_xdma_201920_3,3,2,6,24576,512,Send/recv,3881.546799999569,51.86761937277746,8664.090199999919,23.23689935730377
dma_hardened2,xilinx_u280_xdma_201920_3,3,2,6,24576,512,Send/recv,3843.12429999909,52.38617756913241,8722.150499994541,23.082219459538795
dma_hardened2,xilinx_u280_xdma_201920_3,3,2,6,24576,512,Send/recv,3871.1102999968716,52.00745429551896,8666.926900002636,23.229293880387843
dma_hardened2,xilinx_u280_xdma_201920_3,3,2,6,24576,512,Send/recv,3847.3146999990604,52.32911984040431,8688.827299999957,23.170743881628418
dma_hardened2,xilinx_u280_xdma_201920_3,3,2,6,24576,512,Send/recv,3879.8436000035963,51.89038857128504,8567.745100003776,23.49820047749918
dma_hardened2,xilinx_u280_xdma_201920_3,3,2,6,24576,512,Send/recv,3879.6908000051644,51.89243225252177,8655.598299998246,23.259696790693347
dma_hardened2,xilinx_u280_xdma_201920_3,3,2,6,24576,512,Send/recv,3860.341099999687,52.152539577400645,8683.136000001923,23.185930981612568
dma_hardened2,xilinx_u280_xdma_201920_3,3,2,6,24576,512,Send/recv,3886.930900000607,51.795773369670286,8676.197500000171,23.20447315773944
dma_hardened2,xilinx_u280_xdma_201920_3,3,2,6,24576,512,Send/recv,3872.596999997313,51.98748849935578,8561.97880000309,23.514025986601062
dma_hardened2,xilinx_u280_xdma_201920_3,3,2,6,24576,512,Send/recv,3866.085100003147,52.07505442646261,8677.393900001107,23.20127382945867
experiment,board_instance,number of nodes,rank id,number of banks,buffer size[KB],segment_size[KB],collective name,execution_time[us],throughput[Gbps],execution_time_fullpath[us],throughput_fullpath[Gbps]
dma_hardened2,xilinx_u280_xdma_201920_3,3,2,6,1,512,Broadcast,189.42469999956302,0.0864934720764388,324.41530000255625,0.05050316677379551
dma_hardened2,xilinx_u280_xdma_201920_3,3,2,6,1,512,Broadcast,182.16749999737658,0.08993920430502668,383.5872999957246,0.0427125715585021
dma_hardened2,xilinx_u280_xdma_201920_3,3,2,6,1,512,Broadcast,203.72429999611086,0.08042241401891073,330.71469999867986,0.04954119063974296
dma_hardened2,xilinx_u280_xdma_201920_3,3,2,6,1,512,Broadcast,178.97160000188705,0.09154525075390312,297.1373000036692,0.05513949275233261
dma_hardened2,xilinx_u280_xdma_201920_3,3,2,6,1,512,Broadcast,186.3279000019702,0.0879310076474149,304.93080000155715,0.053730223381555205
dma_hardened2,xilinx_u280_xdma_201920_3,3,2,6,1,512,Broadcast,186.13489999665944,0.08802218176330201,357.00839999890377,0.045892477600107756
dma_hardened2,xilinx_u280_xdma_201920_3,3,2,6,1,512,Broadcast,244.918300001018,0.06689577708130386,304.717200003779,0.05376788707626878
dma_hardened2,xilinx_u280_xdma_201920_3,3,2,6,1,512,Broadcast,195.85539999980028,0.08365355256999146,308.90269999872544,0.053039355111067665
dma_hardened2,xilinx_u280_xdma_201920_3,3,2,6,1,512,Broadcast,206.0290000031273,0.079522785626059,309.8450999971192,0.05287803486371846
dma_hardened2,xilinx_u280_xdma_201920_3,3,2,6,1,512,Broadcast,210.61690000010458,0.07779052868023348,294.8724000020775,0.055563016409418346
dma_hardened2,xilinx_u280_xdma_201920_3,3,2,6,1,512,Broadcast,204.78339999954187,0.08000648490081058,289.8657000002913,0.05652272759413595
dma_hardened2,xilinx_u280_xdma_201920_3,3,2,6,1,512,Broadcast,202.35759999991387,0.08096557776929046,288.9761999995244,0.056696710663462824
dma_hardened2,xilinx_u280_xdma_201920_3,3,2,6,1,512,Broadcast,223.42729999991207,0.07333034056270853,317.6621999955387,0.051576800765813814
dma_hardened2,xilinx_u280_xdma_201920_3,3,2,6,1,512,Broadcast,196.31719999892994,0.08345677301881499,304.70590000390985,0.053769881055108444
dma_hardened2,xilinx_u280_xdma_201920_3,3,2,6,1,512,Broadcast,199.59200000130295,0.08208745841463107,309.02629999900455,0.05301814117456273
dma_hardened2,xilinx_u280_xdma_201920_3,3,2,6,1,512,Broadcast,202.88999999706903,0.08075311745397351,299.8287000025357,0.05464453536256348
dma_hardened2,xilinx_u280_xdma_201920_3,3,2,6,1,512,Broadcast,208.0104000015126,0.07876529250403277,314.03600000317056,0.05217236240378359
dma_hardened2,xilinx_u280_xdma_201920_3,3,2,6,1,512,Broadcast,227.34430000355133,0.07206690468924916,309.2420999962542,0.052981143253775786
dma_hardened2,xilinx_u280_xdma_201920_3,3,2,6,1,512,Broadcast,196.60410000028605,0.08333498640148482,315.85539999809953,0.051871837556358324
dma_hardened2,xilinx_u280_xdma_201920_3,3,2,6,1,512,Broadcast,227.89860000216322,0.07189162197505594,310.68870000012794,0.052734457352305544
dma_hardened2,xilinx_u280_xdma_201920_3,3,2,6,6,512,Broadcast,207.85809999779303,0.47293802840035465,294.28870000174356,0.3340393294048245
dma_hardened2,xilinx_u280_xdma_201920_3,3,2,6,6,512,Broadcast,225.06350000526254,0.4367833966756111,320.9589999983109,0.30628211080081047
dma_hardened2,xilinx_u280_xdma_201920_3,3,2,6,6,512,Broadcast,203.3721999964655,0.48336990012257564,313.73690000009447,0.3133326044847463
dma_hardened2,xilinx_u280_xdma_201920_3,3,2,6,6,512,Broadcast,208.02760000151466,0.4725526805062609,294.6353000027102,0.3336463757027612
dma_hardened2,xilinx_u280_xdma_201920_3,3,2,6,6,512,Broadcast,221.98199999934332,0.4428467173027129,300.16630000204714,0.3274984566866086
dma_hardened2,xilinx_u280_xdma_201920_3,3,2,6,6,512,Broadcast,189.835799994853,0.5178369938792646,305.7495999996718,0.32151800035095884
dma_hardened2,xilinx_u280_xdma_201920_3,3,2,6,6,512,Broadcast,212.59249999729946,0.4624057763150099,296.71730000018215,0.33130525250782367
dma_hardened2,xilinx_u280_xdma_201920_3,3,2,6,6,512,Broadcast,203.46559999779856,0.48314801126609913,295.1727999970899,0.3330388165880094
dma_hardened2,xilinx_u280_xdma_201920_3,3,2,6,6,512,Broadcast,205.2120999962881,0.4790360802398014,336.12200000447956,0.29246523583309003
dma_hardened2,xilinx_u280_xdma_201920_3,3,2,6,6,512,Broadcast,208.38180000168904,0.47174945220361464,299.59390000158237,0.32812417075074224
dma_hardened2,xilinx_u280_xdma_201920_3,3,2,6,6,512,Broadcast,202.16230000187352,0.48626277005697394,326.19869999734874,0.3013623291594939
dma_hardened2,xilinx_u280_xdma_201920_3,3,2,6,6,512,Broadcast,201.22170000149708,0.4885357791891661,302.33280000402374,0.32515162099081435
dma_hardened2,xilinx_u280_xdma_201920_3,3,2,6,6,512,Broadcast,216.34920000224156,0.4543765357070028,307.9947000003358,0.3191743234539192
dma_hardened2,xilinx_u280_xdma_201920_3,3,2,6,6,512,Broadcast,191.72460000049796,0.5127354549168166,308.20279999943523,0.31895881542990573
dma_hardened2,xilinx_u280_xdma_201920_3,3,2,6,6,512,Broadcast,199.40950000432167,0.4929755101831634,298.51040000039575,0.3293151595383936
dma_hardened2,xilinx_u280_xdma_201920_3,3,2,6,6,512,Broadcast,200.06010000201968,0.4913723426060848,273.2675000004292,0.3597354240802349
dma_hardened2,xilinx_u280_xdma_201920_3,3,2,6,6,512,Broadcast,209.08549999489878,0.4701617281083499,298.7243000006856,0.3290793551102953
dma_hardened2,xilinx_u280_xdma_201920_3,3,2,6,6,512,Broadcast,195.24079999655441,0.5035013173564893,287.74279999765895,0.3416384354388704
dma_hardened2,xilinx_u280_xdma_201920_3,3,2,6,6,512,Broadcast,214.9929000040629,0.4572430066208803,299.9948000024233,0.32768567988247105
dma_hardened2,xilinx_u280_xdma_201920_3,3,2,6,6,512,Broadcast,193.70490000483187,0.5074936152753382,339.27419999599806,0.2897479383966112
dma_hardened2,xilinx_u280_xdma_201920_3,3,2,6,12,512,Broadcast,204.4653999973889,0.9615710042017416,305.9688999996979,0.6425751113926745
dma_hardened2,xilinx_u280_xdma_201920_3,3,2,6,12,512,Broadcast,207.30719999733083,0.948389636262182,314.1507999998794,0.6258395649480297
dma_hardened2,xilinx_u280_xdma_201920_3,3,2,6,12,512,Broadcast,198.55049999932817,0.9902165947739505,309.91589999871394,0.6343914591049246
dma_hardened2,xilinx_u280_xdma_201920_3,3,2,6,12,512,Broadcast,209.76310000264675,0.9372859191989403,345.63599999728467,0.568829635806295
dma_hardened2,xilinx_u280_xdma_201920_3,3,2,6,12,512,Broadcast,214.66479999503463,0.9158837406251407,310.11430000376095,0.6339855982056152
dma_hardened2,xilinx_u280_xdma_201920_3,3,2,6,12,512,Broadcast,202.5263999996696,0.9707771431295908,338.9141000013751,0.5801115975971559
dma_hardened2,xilinx_u280_xdma_201920_3,3,2,6,12,512,Broadcast,194.97220000062043,1.0083899140460761,300.33849999995255,0.6546213688888739
dma_hardened2,xilinx_u280_xdma_201920_3,3,2,6,12,512,Broadcast,206.65280000002895,0.9513928676503414,325.04050000170537,0.6048723159082283
dma_hardened2,xilinx_u280_xdma_201920_3,3,2,6,12,512,Broadcast,200.85870000343675,0.9788373617704186,343.1853999984469,0.572891504128351
dma_hardened2,xilinx_u280_xdma_201920_3,3,2,6,12,512,Broadcast,203.80010000167204,0.9647100271216106,312.38600000165206,0.6293751960681985
dma_hardened2,xilinx_u280_xdma_201920_3,3,2,6,12,512,Broadcast,199.07419999753984,0.9876116543601817,325.4358000049251,0.6041375902621179
dma_hardened2,xilinx_u280_xdma_201920_3,3,2,6,12,512,Broadcast,197.96930000097746,0.9931236812931563,312.32089999662094,0.6295063827048626
dma_hardened2,xilinx_u280_xdma_201920_3,3,2,6,12,512,Broadcast,236.53399999830071,0.8312039706824915,302.1953000029498,0.6505991324090112
dma_hardened2,xilinx_u280_xdma_201920_3,3,2,6,12,512,Broadcast,205.63600000400584,0.9560971814087514,329.63660000291384,0.5964386236184395
dma_hardened2,xilinx_u280_xdma_201920_3,3,2,6,12,512,Broadcast,201.19140000360858,0.9772187081379902,297.8125000026921,0.6601737670454488
dma_hardened2,xilinx_u280_xdma_201920_3,3,2,6,12,512,Broadcast,207.3148000022229,0.9483548690102775,292.10150000267276,0.6730811036513027
dma_hardened2,xilinx_u280_xdma_201920_3,3,2,6,12,512,Broadcast,214.1160000007858,0.9182312391380301,316.0196999999698,0.6221384299776843
dma_hardened2,xilinx_u280_xdma_201920_3,3,2,6,12,512,Broadcast,187.72850000345898,1.047299690757543,301.9485999971039,0.6511306891367793
dma_hardened2,xilinx_u280_xdma_201920_3,3,2,6,12,512,Broadcast,205.1160999997137,0.9585205646961619,303.589700001794,0.6476109037916576
dma_hardened2,xilinx_u280_xdma_201920_3,3,2,6,12,512,Broadcast,210.247199999003,0.9351277924316345,304.3637000018862,0.6459640226439014
dma_hardened2,xilinx_u280_xdma_201920_3,3,2,6,24,512,Broadcast,200.26249999887114,1.963502902451615,310.98860000042805,1.2644064766343808
dma_hardened2,xilinx_u280_xdma_201920_3,3,2,6,24,512,Broadcast,199.68139999946288,1.9692169626267528,329.4863999997233,1.1934210334639919
dma_hardened2,xilinx_u280_xdma_201920_3,3,2,6,24,512,Broadcast,193.34360000016204,2.033767861980797,325.9990999993079,1.2061873790474722
dma_hardened2,xilinx_u280_xdma_201920_3,3,2,6,24,512,Broadcast,198.31449999969664,1.9827899624112284,296.09899999627487,1.3279882742087845
dma_hardened2,xilinx_u280_xdma_201920_3,3,2,6,24,512,Broadcast,227.4786999976186,1.7285838190745613,336.6249999999127,1.1681128852583795
dma_hardened2,xilinx_u280_xdma_201920_3,3,2,6,24,512,Broadcast,208.3650999963993,1.8871490475458463,310.57709999799954,1.2660817555529134
dma_hardened2,xilinx_u280_xdma_201920_3,3,2,6,24,512,Broadcast,194.36020000398457,2.0231302498759454,298.9674999980707,1.3152466405296144
dma_hardened2,xilinx_u280_xdma_201920_3,3,2,6,24,512,Broadcast,200.7466000009117,1.9587679193481442,312.09180000359993,1.2599369800663276
dma_hardened2,xilinx_u280_xdma_201920_3,3,2,6,24,512,Broadcast,208.70810000133133,1.8840476243973843,340.3962000049887,1.1551715324502365
dma_hardened2,xilinx_u280_xdma_201920_3,3,2,6,24,512,Broadcast,196.9485000017812,1.996542243258739,315.51769999964563,1.246256549158547
dma_hardened2,xilinx_u280_xdma_201920_3,3,2,6,24,512,Broadcast,202.7370999996947,1.9395364735935958,328.5362000042369,1.1968726733764163
dma_hardened2,xilinx_u280_xdma_201920_3,3,2,6,24,512,Broadcast,205.13919999984864,1.9168252581675767,308.54849999855105,1.2744058065485542
dma_hardened2,xilinx_u280_xdma_201920_3,3,2,6,24,512,Broadcast,200.1161000009688,1.9649393526962418,326.2755999969613,1.205165203906336
dma_hardened2,xilinx_u280_xdma_201920_3,3,2,6,24,512,Broadcast,202.79370000366725,1.9389951462638593,338.8932999996541,1.1602944053494162
dma_hardened2,xilinx_u280_xdma_201920_3,3,2,6,24,512,Broadcast,215.3114000009282,1.826266514445147,316.8377999998029,1.2410640397081554
dma_hardened2,xilinx_u280_xdma_201920_3,3,2,6,24,512,Broadcast,210.2851999950417,1.8699176166904357,323.5051000046951,1.2154862473398198
dma_hardened2,xilinx_u280_xdma_201920_3,3,2,6,24,512,Broadcast,205.6550999952833,1.9120167698686705,315.58430000018234,1.2459935427705775
dma_hardened2,xilinx_u280_xdma_201920_3,3,2,6,24,512,Broadcast,205.05889999640203,1.917575877013382,309.29889999811166,1.2713139296725617
dma_hardened2,xilinx_u280_xdma_201920_3,3,2,6,24,512,Broadcast,204.6365000012429,1.921534037171334,327.09509999904185,1.2021457979687002
dma_hardened2,xilinx_u280_xdma_201920_3,3,2,6,24,512,Broadcast,209.9700999963261,1.872723783085688,331.85409999987314,1.1849062585038133
dma_hardened2,xilinx_u280_xdma_201920_3,3,2,6,48,512,Broadcast,218.58110000039233,3.5978957009484738,326.6359999997803,2.4076709242108305
dma_hardened2,xilinx_u280_xdma_201920_3,3,2,6,48,512,Broadcast,206.3964000001306,3.8102990168409065,308.4565999984079,2.5495709931447705
dma_hardened2,xilinx_u280_xdma_201920_3,3,2,6,48,512,Broadcast,216.3741000003938,3.6345939740411106,322.30090000098244,2.440055240297507
dma_hardened2,xilinx_u280_xdma_201920_3,3,2,6,48,512,Broadcast,226.8815999968865,3.466266105364173,342.5816999993003,2.2956042310538076
dma_hardened2,xilinx_u280_xdma_201920_3,3,2,6,48,512,Broadcast,197.82780000241473,3.975336125612278,334.42330000070797,2.3516064819596454
dma_hardened2,xilinx_u280_xdma_201920_3,3,2,6,48,512,Broadcast,217.7609999989727,3.61144557567108,345.6199000027027,2.275424534275515
dma_hardened2,xilinx_u280_xdma_201920_3,3,2,6,48,512,Broadcast,213.0292999993344,3.69166119403508,330.6027000007816,2.378782750407485
dma_hardened2,xilinx_u280_xdma_201920_3,3,2,6,48,512,Broadcast,209.84650000173133,3.7476536420360196,314.86920000247665,2.4976466418240153
dma_hardened2,xilinx_u280_xdma_201920_3,3,2,6,48,512,Broadcast,207.64140000437692,3.787452791126541,335.6648000021778,2.342908758961016
dma_hardened2,xilinx_u280_xdma_201920_3,3,2,6,48,512,Broadcast,220.0835999985884,3.5733330425576653,321.2544000007256,2.4480038250004474
dma_hardened2,xilinx_u280_xdma_201920_3,3,2,6,48,512,Broadcast,206.8362000045454,3.8021971008107744,326.6572999962136,2.4075139297640544
dma_hardened2,xilinx_u280_xdma_201920_3,3,2,6,48,512,Broadcast,205.10340000328142,3.834319665044158,322.7516000038122,2.436647874063865
dma_hardened2,xilinx_u280_xdma_201920_3,3,2,6,48,512,Broadcast,216.4391999997406,3.633500770659578,358.7622999987161,2.192069791064486
dma_hardened2,xilinx_u280_xdma_201920_3,3,2,6,48,512,Broadcast,203.01349999840568,3.8737916444284544,360.4553999991822,2.1817733899999396
dma_hardened2,xilinx_u280_xdma_201920_3,3,2,6,48,512,Broadcast,200.59539999692788,3.920488705184886,326.68900000203394,2.4072803185754763
dma_hardened2,xilinx_u280_xdma_201920_3,3,2,6,48,512,Broadcast,207.87589999713418,3.7831802532705425,318.41200000144454,2.4698566636823744
dma_hardened2,xilinx_u280_xdma_201920_3,3,2,6,48,512,Broadcast,240.73640000210617,3.2667764409250934,346.92920000338745,2.2668371529185816
dma_hardened2,xilinx_u280_xdma_201920_3,3,2,6,48,512,Broadcast,217.40180000051623,3.6174125513134325,323.24100000096223,2.432958690257916
dma_hardened2,xilinx_u280_xdma_201920_3,3,2,6,48,512,Broadcast,202.3412000028202,3.886662726073775,330.8480999976382,2.377018335621737
dma_hardened2,xilinx_u280_xdma_201920_3,3,2,6,48,512,Broadcast,217.0852000006107,3.6226882348395355,298.81560000148966,2.6318304666693426
dma_hardened2,xilinx_u280_xdma_201920_3,3,2,6,96,512,Broadcast,253.65179999994328,6.200878527179195,343.82359999654,4.574624894904911
dma_hardened2,xilinx_u280_xdma_201920_3,3,2,6,96,512,Broadcast,234.5028000036109,6.7072290820228195,321.7471999960253,4.888508742327611
dma_hardened2,xilinx_u280_xdma_201920_3,3,2,6,96,512,Broadcast,216.65259999963382,7.259843639091607,387.1468999989247,4.062705913451376
dma_hardened2,xilinx_u280_xdma_201920_3,3,2,6,96,512,Broadcast,248.00009999808026,6.342190991101114,339.7504000020035,4.629469163217246
dma_hardened2,xilinx_u280_xdma_201920_3,3,2,6,96,512,Broadcast,277.3517000036918,5.671009047282074,345.8620999992945,4.547662204107384
dma_hardened2,xilinx_u280_xdma_201920_3,3,2,6,96,512,Broadcast,219.92569999724765,7.151797175226379,358.54189999895425,4.386834565233763
dma_hardened2,xilinx_u280_xdma_201920_3,3,2,6,96,512,Broadcast,218.6234000021159,7.194399135613011,383.20310000017344,4.10451794361603
dma_hardened2,xilinx_u280_xdma_201920_3,3,2,6,96,512,Broadcast,211.21820000189473,7.44663101941921,353.90159999906246,4.444354023842126
dma_hardened2,xilinx_u280_xdma_201920_3,3,2,6,96,512,Broadcast,216.07510000194452,7.279246891408799,375.4485999991175,4.189292489048293
dma_hardened2,xilinx_u280_xdma_201920_3,3,2,6,96,512,Broadcast,217.5819000001411,7.228836589803563,380.63160000092466,4.132247559047066
dma_hardened2,xilinx_u280_xdma_201920_3,3,2,6,96,512,Broadcast,217.2263000034036,7.240670213392005,377.3672000022543,4.167993402687366
dma_hardened2,xilinx_u280_xdma_201920_3,3,2,6,96,512,Broadcast,217.28530000473256,7.2387041367535785,393.0022000020017,4.002176069222994
dma_hardened2,xilinx_u280_xdma_201920_3,3,2,6,96,512,Broadcast,218.91520000281162,7.184809460374606,398.59800000385803,3.9459906973561742
dma_hardened2,xilinx_u280_xdma_201920_3,3,2,6,96,512,Broadcast,218.65850000040155,7.193244259871497,383.57599999585545,4.100527666008809
dma_hardened2,xilinx_u280_xdma_201920_3,3,2,6,96,512,Broadcast,226.49719999776607,6.944297766221892,371.97139999989304,4.228454123087023
dma_hardened2,xilinx_u280_xdma_201920_3,3,2,6,96,512,Broadcast,220.52630000075624,7.132319365058074,373.8846999965517,4.206815630632937
dma_hardened2,xilinx_u280_xdma_201920_3,3,2,6,96,512,Broadcast,248.97010000017872,6.317481496769576,369.57529999881444,4.2558688310746025
dma_hardened2,xilinx_u280_xdma_201920_3,3,2,6,96,512,Broadcast,231.85630000170931,6.783788061779664,352.9881000019941,4.455855593973606
dma_hardened2,xilinx_u280_xdma_201920_3,3,2,6,96,512,Broadcast,227.04859999862492,6.927433157524537,354.0451999981542,4.442551403064355
dma_hardened2,xilinx_u280_xdma_201920_3,3,2,6,96,512,Broadcast,222.07210000146915,7.08267269949532,339.88739999699646,4.627603141551877
dma_hardened2,xilinx_u280_xdma_201920_3,3,2,6,192,512,Broadcast,277.318599995624,11.343371847577616,424.7859999964021,7.405441798992067
dma_hardened2,xilinx_u280_xdma_201920_3,3,2,6,192,512,Broadcast,282.5319999999465,11.134059150823962,413.9455999961683,7.599375376931459
dma_hardened2,xilinx_u280_xdma_201920_3,3,2,6,192,512,Broadcast,253.61880000218662,12.403370727930573,392.03000000043176,8.02420222941238
dma_hardened2,xilinx_u280_xdma_201920_3,3,2,6,192,512,Broadcast,253.91579999904934,12.388862764789657,420.79319999857034,7.475710158839751
dma_hardened2,xilinx_u280_xdma_201920_3,3,2,6,192,512,Broadcast,254.13160000198332,12.378342559427674,395.5874000041604,7.9520429618509505
dma_hardened2,xilinx_u280_xdma_201920_3,3,2,6,192,512,Broadcast,249.11959999940336,12.627380583492965,414.7781999961353,7.584120862738954
dma_hardened2,xilinx_u280_xdma_201920_3,3,2,6,192,512,Broadcast,253.56880000231286,12.405816488350723,447.08140000011554,7.036141516956839
dma_hardened2,xilinx_u280_xdma_201920_3,3,2,6,192,512,Broadcast,256.7478999992545,12.252205373477773,451.2508999994225,6.971128478644643
dma_hardened2,xilinx_u280_xdma_201920_3,3,2,6,192,512,Broadcast,243.80830000154674,12.902464764243232,436.0012999995888,7.2149509646025525
dma_hardened2,xilinx_u280_xdma_201920_3,3,2,6,192,512,Broadcast,279.6235000005254,11.24986991434586,431.8645000012111,7.284062477909571
dma_hardened2,xilinx_u280_xdma_201920_3,3,2,6,192,512,Broadcast,294.0801000022475,10.696840758609504,408.7446000028194,7.69607231503071
dma_hardened2,xilinx_u280_xdma_201920_3,3,2,6,192,512,Broadcast,243.6148000015237,12.912713020638833,461.27240000259917,6.819675315458446
dma_hardened2,xilinx_u280_xdma_201920_3,3,2,6,192,512,Broadcast,242.92010000408482,12.949640642940222,457.86470000166446,6.870431374134246
dma_hardened2,xilinx_u280_xdma_201920_3,3,2,6,192,512,Broadcast,272.3548000005849,11.550110370712192,438.6718999967343,7.171026911054523
dma_hardened2,xilinx_u280_xdma_201920_3,3,2,6,192,512,Broadcast,248.24660000035695,12.671786844192335,431.79130000225996,7.285297318365459
dma_hardened2,xilinx_u280_xdma_201920_3,3,2,6,192,512,Broadcast,246.35510000052818,12.76908007990602,432.92029999975057,7.266298207780537
dma_hardened2,xilinx_u280_xdma_201920_3,3,2,6,192,512,Broadcast,261.77199999892764,12.017053008010356,438.7922000034905,7.169060890268734
dma_hardened2,xilinx_u280_xdma_201920_3,3,2,6,192,512,Broadcast,246.5575999963221,12.758592718484138,417.5435000036032,7.533892875767085
dma_hardened2,xilinx_u280_xdma_201920_3,3,2,6,192,512,Broadcast,276.3055000002623,11.384963382911355,433.6618000024828,7.253873871256334
dma_hardened2,xilinx_u280_xdma_201920_3,3,2,6,192,512,Broadcast,275.1984999974866,11.430759978810677,429.10100000312923,7.330973360530644
dma_hardened2,xilinx_u280_xdma_201920_3,3,2,6,384,512,Broadcast,384.5742999999402,16.35953312533099,625.1871000017672,10.06331704538084
dma_hardened2,xilinx_u280_xdma_201920_3,3,2,6,384,512,Broadcast,392.5436000031368,16.0274068917433,596.6490999981033,10.544650113475408
dma_hardened2,xilinx_u280_xdma_201920_3,3,2,6,384,512,Broadcast,397.0124999966629,15.84699726092474,565.0292999973772,11.13474292400271
dma_hardened2,xilinx_u280_xdma_201920_3,3,2,6,384,512,Broadcast,387.85080000138805,16.221330470318698,655.7658000019728,9.594059342498607
dma_hardened2,xilinx_u280_xdma_201920_3,3,2,6,384,512,Broadcast,364.81939999930546,17.245398682230103,570.8500000025651,11.021206972009686
dma_hardened2,xilinx_u280_xdma_201920_3,3,2,6,384,512,Broadcast,409.8970000029567,15.348870569812947,569.229100000257,11.052590248806958
dma_hardened2,xilinx_u280_xdma_201920_3,3,2,6,384,512,Broadcast,414.19070000188185,15.189756795532626,604.0611000003082,10.41526428369049
dma_hardened2,xilinx_u280_xdma_201920_3,3,2,6,384,512,Broadcast,385.1662999977634,16.334388548625707,592.713300000014,10.614669858091343
dma_hardened2,xilinx_u280_xdma_201920_3,3,2,6,384,512,Broadcast,354.412200005072,17.75180425479135,617.9621000001134,10.180973881729713
dma_hardened2,xilinx_u280_xdma_201920_3,3,2,6,384,512,Broadcast,383.1886000000395,16.418693040448886,638.1664999992154,9.858643473149618
dma_hardened2,xilinx_u280_xdma_201920_3,3,2,6,384,512,Broadcast,386.46140000082596,16.27964914474396,667.337699997006,9.427694554088921
dma_hardened2,xilinx_u280_xdma_201920_3,3,2,6,384,512,Broadcast,378.2342000022254,16.633757602995665,587.3350000001665,10.711869716598223
dma_hardened2,xilinx_u280_xdma_201920_3,3,2,6,384,512,Broadcast,413.87870000448856,15.201207503386302,609.7624000005908,10.317881194369978
dma_hardened2,xilinx_u280_xdma_201920_3,3,2,6,384,512,Broadcast,379.16969999969297,16.592718247278448,539.0320999993037,11.671765002507508
dma_hardened2,xilinx_u280_xdma_201920_3,3,2,6,384,512,Broadcast,355.19489999842335,17.712686753182343,612.986699997009,10.263609308376019
dma_hardened2,xilinx_u280_xdma_201920_3,3,2,6,384,512,Broadcast,418.3802999989439,15.037648761224851,575.4646000013963,10.932828882931693
dma_hardened2,xilinx_u280_xdma_201920_3,3,2,6,384,512,Broadcast,414.94150000289665,15.162272272009622,573.9763999997649,10.961175407216356
dma_hardened2,xilinx_u280_xdma_201920_3,3,2,6,384,512,Broadcast,383.5198999979639,16.404509909481625,588.4657999956744,10.691285712859177
dma_hardened2,xilinx_u280_xdma_201920_3,3,2,6,384,512,Broadcast,386.8828999998186,16.261912842368968,595.9559000018544,10.5569153690406
dma_hardened2,xilinx_u280_xdma_201920_3,3,2,6,384,512,Broadcast,359.05950000483244,17.522043003778833,591.9378999976743,10.62857438259101
dma_hardened2,xilinx_u280_xdma_201920_3,3,2,6,768,512,Broadcast,519.9091999998018,24.202133757211445,793.5230000043703,15.857022417662375
dma_hardened2,xilinx_u280_xdma_201920_3,3,2,6,768,512,Broadcast,506.65499999809066,24.83526660162718,776.3148000037745,16.208517472472277
dma_hardened2,xilinx_u280_xdma_201920_3,3,2,6,768,512,Broadcast,505.22569999884576,24.9055263816325,820.0318999968204,15.344417698931943
dma_hardened2,xilinx_u280_xdma_201920_3,3,2,6,768,512,Broadcast,543.5739000006379,23.14848450226406,816.5441000016926,15.409960098877594
dma_hardened2,xilinx_u280_xdma_201920_3,3,2,6,768,512,Broadcast,501.18949999955476,25.10609659621995,844.9272000007113,14.892303147524908
dma_hardened2,xilinx_u280_xdma_201920_3,3,2,6,768,512,Broadcast,574.8035999999956,21.8908023540564,801.9522999973105,15.69034966299392
dma_hardened2,xilinx_u280_xdma_201920_3,3,2,6,768,512,Broadcast,545.2959000024293,23.07538347518098,832.271399997353,15.118760538978055
dma_hardened2,xilinx_u280_xdma_201920_3,3,2,6,768,512,Broadcast,530.2590999974655,23.72974268628326,789.2854000033367,15.942157298167185
dma_hardened2,xilinx_u280_xdma_201920_3,3,2,6,768,512,Broadcast,489.2164000011689,25.72054411906456,825.9785000007014,15.233946162023969
dma_hardened2,xilinx_u280_xdma_201920_3,3,2,6,768,512,Broadcast,549.8679999959677,22.883513861676388,802.0014999999603,15.689387114613405
dma_hardened2,xilinx_u280_xdma_201920_3,3,2,6,768,512,Broadcast,523.7062000048809,24.02666227721331,819.8305000007622,15.348187216733583
dma_hardened2,xilinx_u280_xdma_201920_3,3,2,6,768,512,Broadcast,558.2537000009324,22.539773583191625,843.60630000333,14.915621184846925
dma_hardened2,xilinx_u280_xdma_201920_3,3,2,6,768,512,Broadcast,538.745800002971,23.35593521087424,816.9301999998879,15.40267699737594
dma_hardened2,xilinx_u280_xdma_201920_3,3,2,6,768,512,Broadcast,544.3118000016511,23.11710310149776,782.7998999971442,16.07423812911308
dma_hardened2,xilinx_u280_xdma_201920_3,3,2,6,768,512,Broadcast,560.6134000004204,22.444900532150257,822.7594999993926,15.293548114618293
dma_hardened2,xilinx_u280_xdma_201920_3,3,2,6,768,512,Broadcast,484.4305999995413,25.97464322033314,825.4819000001135,15.24311072114152
dma_hardened2,xilinx_u280_xdma_201920_3,3,2,6,768,512,Broadcast,500.81090000162476,25.12507615141599,837.117000003218,15.031246528205292
dma_hardened2,xilinx_u280_xdma_201920_3,3,2,6,768,512,Broadcast,523.0426999958127,24.057141032846335,818.5656999955881,15.371902340970088
dma_hardened2,xilinx_u280_xdma_201920_3,3,2,6,768,512,Broadcast,532.8753000014785,23.61323934504956,807.3419999959697,15.585603127377016
dma_hardened2,xilinx_u280_xdma_201920_3,3,2,6,768,512,Broadcast,543.8970000000154,23.134733230739727,812.5957000004291,15.484837047492812
dma_hardened2,xilinx_u280_xdma_201920_3,3,2,6,1536,512,Broadcast,810.8042999992904,31.038098835960817,1348.1798999976036,18.6665177251528
dma_hardened2,xilinx_u280_xdma_201920_3,3,2,6,1536,512,Broadcast,775.5830000007791,32.44762198239869,1339.9065000044175,18.78177619103798
dma_hardened2,xilinx_u280_xdma_201920_3,3,2,6,1536,512,Broadcast,816.9382999994923,30.805048557541788,1349.120400004722,18.65350490579782
dma_hardened2,xilinx_u280_xdma_201920_3,3,2,6,1536,512,Broadcast,797.4801999978354,31.556675639179893,1323.8714000010532,19.009266307875507
dma_hardened2,xilinx_u280_xdma_201920_3,3,2,6,1536,512,Broadcast,776.8908999992163,32.39299623669859,1242.0824000002995,20.260993956595737
dma_hardened2,xilinx_u280_xdma_201920_3,3,2,6,1536,512,Broadcast,796.5732999991815,31.592602965760793,1328.511700000945,18.94286967889112
dma_hardened2,xilinx_u280_xdma_201920_3,3,2,6,1536,512,Broadcast,808.0968999991001,31.142087044298805,1278.5027000006721,19.68382546238406
dma_hardened2,xilinx_u280_xdma_201920_3,3,2,6,1536,512,Broadcast,784.6958000016002,32.07080246886587,1323.0471000042598,19.021109679254028
dma_hardened2,xilinx_u280_xdma_201920_3,3,2,6,1536,512,Broadcast,819.4507999974121,30.710597878578525,1318.7161000018932,19.083579854650953
dma_hardened2,xilinx_u280_xdma_201920_3,3,2,6,1536,512,Broadcast,774.6229000019866,32.48783892128087,1200.31719999929,20.965977993162877
dma_hardened2,xilinx_u280_xdma_201920_3,3,2,6,1536,512,Broadcast,796.6576999990593,31.5892559627927,1325.4580000022997,18.986511832103574
dma_hardened2,xilinx_u280_xdma_201920_3,3,2,6,1536,512,Broadcast,770.7735999986198,32.65008557641966,1333.102799998187,18.877631942588543
dma_hardened2,xilinx_u280_xdma_201920_3,3,2,6,1536,512,Broadcast,775.676000000658,32.44373166112997,1303.517600001669,19.306086852964455
dma_hardened2,xilinx_u280_xdma_201920_3,3,2,6,1536,512,Broadcast,783.4817999992083,32.12049597071103,1308.7374999997792,19.22908451848002
dma_hardened2,xilinx_u280_xdma_201920_3,3,2,6,1536,512,Broadcast,771.6529999981958,32.612876513224,1277.4627999988297,19.69984879404947
dma_hardened2,xilinx_u280_xdma_201920_3,3,2,6,1536,512,Broadcast,785.4877999989185,32.0384657788888,1318.615799999634,19.08503143979238
dma_hardened2,xilinx_u280_xdma_201920_3,3,2,6,1536,512,Broadcast,780.2287000004071,32.25441976177865,1245.7321999988835,20.201632421496814
dma_hardened2,xilinx_u280_xdma_201920_3,3,2,6,1536,512,Broadcast,772.7579000004425,32.566246168412626,1364.290499998333,18.446089011123913
dma_hardened2,xilinx_u280_xdma_201920_3,3,2,6,1536,512,Broadcast,811.8890999980977,30.99662749513322,1290.779499998962,19.49660960684628
dma_hardened2,xilinx_u280_xdma_201920_3,3,2,6,1536,512,Broadcast,778.042799998957,32.34503808792233,1252.691400003414,20.08940430175494
dma_hardened2,xilinx_u280_xdma_201920_3,3,2,6,3072,512,Broadcast,1195.7109999968907,42.093489145898026,2248.0763999965347,22.388762232492446
dma_hardened2,xilinx_u280_xdma_201920_3,3,2,6,3072,512,Broadcast,1226.183599999331,41.047399426992385,2250.323800001297,22.366402559476548
dma_hardened2,xilinx_u280_xdma_201920_3,3,2,6,3072,512,Broadcast,1239.8402000030728,40.59527026134114,2222.4656999981107,22.64676030772614
dma_hardened2,xilinx_u280_xdma_201920_3,3,2,6,3072,512,Broadcast,1242.5561999975798,40.50653644486908,2303.0400999971334,21.854438400817532
dma_hardened2,xilinx_u280_xdma_201920_3,3,2,6,3072,512,Broadcast,1262.5790000015513,39.864157411091234,2181.7403000000013,23.0694954848659
dma_hardened2,xilinx_u280_xdma_201920_3,3,2,6,3072,512,Broadcast,1208.3455000038157,41.653358248813,2222.3166999992827,22.64827870843802
dma_hardened2,xilinx_u280_xdma_201920_3,3,2,6,3072,512,Broadcast,1256.0418999953527,40.071631368496725,2255.4822000017793,22.315249484106012
dma_hardened2,xilinx_u280_xdma_201920_3,3,2,6,3072,512,Broadcast,1232.656800004861,40.83184224497972,2222.896400002128,22.642372357052636
dma_hardened2,xilinx_u280_xdma_201920_3,3,2,6,3072,512,Broadcast,1191.705600001569,42.23496809944816,2272.5201000014295,22.147944037972792
dma_hardened2,xilinx_u280_xdma_201920_3,3,2,6,3072,512,Broadcast,1265.15089999657,39.78311836171991,2270.0853999992887,22.171698033922322
dma_hardened2,xilinx_u280_xdma_201920_3,3,2,6,3072,512,Broadcast,1245.5992000013794,40.40757893867005,2198.1395000011617,22.897385720957836
dma_hardened2,xilinx_u280_xdma_201920_3,3,2,6,3072,512,Broadcast,1248.4206000010545,40.31625879928406,2236.447100000305,22.505181544420672
dma_hardened2,xilinx_u280_xdma_201920_3,3,2,6,3072,512,Broadcast,1166.4544999973714,43.149259572588065,2255.4248000005828,22.315817401665086
dma_hardened2,xilinx_u280_xdma_201920_3,3,2,6,3072,512,Broadcast,1220.6926000033036,41.2320415474492,2270.3432000014345,22.16918041288568
dma_hardened2,xilinx_u280_xdma_201920_3,3,2,6,3072,512,Broadcast,1235.0427999990643,40.75295852098254,2312.0748999986063,21.76903871065351
dma_hardened2,xilinx_u280_xdma_201920_3,3,2,6,3072,512,Broadcast,1291.172800000595,38.98134161436548,2274.4894999959797,22.12876691674724
dma_hardened2,xilinx_u280_xdma_201920_3,3,2,6,3072,512,Broadcast,1212.3092000024371,41.51717070191236,2208.9367000035054,22.78546415563657
dma_hardened2,xilinx_u280_xdma_201920_3,3,2,6,3072,512,Broadcast,1270.9402999973918,39.601897901973274,2275.5477000032442,22.11847635623206
dma_hardened2,xilinx_u280_xdma_201920_3,3,2,6,3072,512,Broadcast,1201.422500002991,41.893378890335995,2230.3764000014326,22.56643676823682
dma_hardened2,xilinx_u280_xdma_201920_3,3,2,6,3072,512,Broadcast,1251.7661000003955,40.208508602353184,2293.6318000006395,21.944083614460684
dma_hardened2,xilinx_u280_xdma_201920_3,3,2,6,6144,512,Broadcast,2260.6098999972346,44.529264425553094,3752.661200002194,26.82450949740444
dma_hardened2,xilinx_u280_xdma_201920_3,3,2,6,6144,512,Broadcast,2261.812199998303,44.50559423106636,3726.811600000701,27.01056742443891
dma_hardened2,xilinx_u280_xdma_201920_3,3,2,6,6144,512,Broadcast,2236.010600000782,45.01914973031201,3739.465800003927,26.91916476409392
dma_hardened2,xilinx_u280_xdma_201920_3,3,2,6,6144,512,Broadcast,2261.1799999992854,44.518037484867115,3737.3969000043417,26.934066328326825
dma_hardened2,xilinx_u280_xdma_201920_3,3,2,6,6144,512,Broadcast,2280.7491000037317,44.13606739988862,3687.224099996911,27.30056358659739
dma_hardened2,xilinx_u280_xdma_201920_3,3,2,6,6144,512,Broadcast,2242.4000000000888,44.890874063501606,3739.3230999953175,26.920192052975057
dma_hardened2,xilinx_u280_xdma_201920_3,3,2,6,6144,512,Broadcast,2237.534900001492,44.98848085003405,3732.5176999956966,26.96927492135297
dma_hardened2,xilinx_u280_xdma_201920_3,3,2,6,6144,512,Broadcast,2303.810300003306,43.69426423688424,3728.6370999993323,26.997343345647135
dma_hardened2,xilinx_u280_xdma_201920_3,3,2,6,6144,512,Broadcast,2258.5593999963294,44.569691636254326,3707.0364000044265,27.15465540070764
dma_hardened2,xilinx_u280_xdma_201920_3,3,2,6,6144,512,Broadcast,2267.632899997807,44.39135452660674,3748.932899998181,26.8511863736075
dma_hardened2,xilinx_u280_xdma_201920_3,3,2,6,6144,512,Broadcast,2296.3810000021567,43.8356248374749,3748.7166000005345,26.852735680255382
dma_hardened2,xilinx_u280_xdma_201920_3,3,2,6,6144,512,Broadcast,2323.7472000005255,43.319383450995545,3653.695999997808,27.551086899419214
dma_hardened2,xilinx_u280_xdma_201920_3,3,2,6,6144,512,Broadcast,2276.8983999981174,44.210710499899,3804.76999999928,26.457130391592408
dma_hardened2,xilinx_u280_xdma_201920_3,3,2,6,6144,512,Broadcast,2310.056999999688,43.57610916094867,3761.957900002244,26.758219702549024
dma_hardened2,xilinx_u280_xdma_201920_3,3,2,6,6144,512,Broadcast,2263.0001999971228,44.482230271180704,3677.102400001786,27.375711919241386
dma_hardened2,xilinx_u280_xdma_201920_3,3,2,6,6144,512,Broadcast,2260.173100000884,44.537870130372156,3737.2064999999566,26.935438542130644
dma_hardened2,xilinx_u280_xdma_201920_3,3,2,6,6144,512,Broadcast,2281.628399998681,44.119058125353895,3773.674500001789,26.6751401054734
dma_hardened2,xilinx_u280_xdma_201920_3,3,2,6,6144,512,Broadcast,2272.972299999765,44.28707556181411,3729.7489999957634,26.989294990122485
dma_hardened2,xilinx_u280_xdma_201920_3,3,2,6,6144,512,Broadcast,2229.9416999999266,45.141671641013446,3745.3292999998666,26.877021467779503
dma_hardened2,xilinx_u280_xdma_201920_3,3,2,6,6144,512,Broadcast,2262.070000000449,44.500522088167045,3708.0994000007195,27.146870981932274
dma_hardened2,xilinx_u280_xdma_201920_3,3,2,6,12288,512,Broadcast,3935.1931999988215,51.16053565046318,6513.301100000035,30.910069856896207
dma_hardened2,xilinx_u280_xdma_201920_3,3,2,6,12288,512,Broadcast,3933.4789999998065,51.18283127989495,6614.317800000435,30.437998004871606
dma_hardened2,xilinx_u280_xdma_201920_3,3,2,6,12288,512,Broadcast,3909.5454999994677,51.49616291715429,6484.610999996221,31.046826401786834
dma_hardened2,xilinx_u280_xdma_201920_3,3,2,6,12288,512,Broadcast,3965.574899996227,50.7685763292963,6523.969699998133,30.85952284543222
dma_hardened2,xilinx_u280_xdma_201920_3,3,2,6,12288,512,Broadcast,3938.1171999991698,51.122549628549,6463.613299996496,31.14768515005518
dma_hardened2,xilinx_u280_xdma_201920_3,3,2,6,12288,512,Broadcast,3965.7491000014033,50.766346262280884,6562.899400000788,30.676470829337383
dma_hardened2,xilinx_u280_xdma_201920_3,3,2,6,12288,512,Broadcast,3953.5949999958575,50.92241162795151,6561.099000003878,30.684888613916815
dma_hardened2,xilinx_u280_xdma_201920_3,3,2,6,12288,512,Broadcast,3942.738399996415,51.062629973163595,6543.460000000323,30.76760490627131
dma_hardened2,xilinx_u280_xdma_201920_3,3,2,6,12288,512,Broadcast,3928.762700002153,51.24427392875871,6505.523599997787,30.94702354166673
dma_hardened2,xilinx_u280_xdma_201920_3,3,2,6,12288,512,Broadcast,3977.2396999978814,50.619677762973964,6494.400700000824,31.00002622258501
dma_hardened2,xilinx_u280_xdma_201920_3,3,2,6,12288,512,Broadcast,3950.1186000052257,50.96722716116262,6543.354299998327,30.7681019198443
dma_hardened2,xilinx_u280_xdma_201920_3,3,2,6,12288,512,Broadcast,3966.3839000013463,50.75822136125847,6533.819999998514,30.812999439844653
dma_hardened2,xilinx_u280_xdma_201920_3,3,2,6,12288,512,Broadcast,3958.369200000788,50.86099396689928,6529.358099999172,30.83405580098686
dma_hardened2,xilinx_u280_xdma_201920_3,3,2,6,12288,512,Broadcast,3929.5831000004,51.23357538869187,6511.888299996826,30.916776014124522
dma_hardened2,xilinx_u280_xdma_201920_3,3,2,6,12288,512,Broadcast,3930.6334999992027,51.21988402125022,6509.894800001348,30.926243539290116
dma_hardened2,xilinx_u280_xdma_201920_3,3,2,6,12288,512,Broadcast,3893.820500002221,51.70412760420908,6549.042000000327,30.741380495038808
dma_hardened2,xilinx_u280_xdma_201920_3,3,2,6,12288,512,Broadcast,3960.94230000017,50.82795374221719,6527.011600002197,30.84514082982972
dma_hardened2,xilinx_u280_xdma_201920_3,3,2,6,12288,512,Broadcast,3932.076899997128,51.20108205415491,6528.997100002698,30.83576067140799
dma_hardened2,xilinx_u280_xdma_201920_3,3,2,6,12288,512,Broadcast,3956.074199999193,50.89049947547523,6529.076600003236,30.83538520591108
dma_hardened2,xilinx_u280_xdma_201920_3,3,2,6,12288,512,Broadcast,3898.721299998442,51.639134092524245,6434.594400002425,31.288155784912277
dma_hardened2,xilinx_u280_xdma_201920_3,3,2,6,24576,512,Broadcast,7195.581999997103,55.958390023233996,11966.359399997373,33.648762379649774
dma_hardened2,xilinx_u280_xdma_201920_3,3,2,6,24576,512,Broadcast,7220.781799998122,55.76310088751121,11994.644199995719,33.569414589233396
dma_hardened2,xilinx_u280_xdma_201920_3,3,2,6,24576,512,Broadcast,7206.779400002006,55.87144571122684,12030.708899999354,33.46878287446732
dma_hardened2,xilinx_u280_xdma_201920_3,3,2,6,24576,512,Broadcast,7217.436700000235,55.788945679286236,11931.90189999882,33.7459348370975
dma_hardened2,xilinx_u280_xdma_201920_3,3,2,6,24576,512,Broadcast,7181.885700003932,56.06510613219305,11938.108900000088,33.72838925937399
dma_hardened2,xilinx_u280_xdma_201920_3,3,2,6,24576,512,Broadcast,7156.690400000798,56.26248468146046,11969.934399996873,33.63871267332135
dma_hardened2,xilinx_u280_xdma_201920_3,3,2,6,24576,512,Broadcast,7206.106600000339,55.87666216316881,11956.644999997934,33.676100946383336
dma_hardened2,xilinx_u280_xdma_201920_3,3,2,6,24576,512,Broadcast,7177.003200001764,56.103247104571594,11893.573499997956,33.85468496916164
dma_hardened2,xilinx_u280_xdma_201920_3,3,2,6,24576,512,Broadcast,7231.00680000357,55.68424911449416,11879.077700001517,33.8959971614588
dma_hardened2,xilinx_u280_xdma_201920_3,3,2,6,24576,512,Broadcast,7214.9351999996725,55.80828834055478,11923.041500000409,33.771012539039326
dma_hardened2,xilinx_u280_xdma_201920_3,3,2,6,24576,512,Broadcast,7193.490800000291,55.97465753344451,11978.399299999865,33.614940854409866
dma_hardened2,xilinx_u280_xdma_201920_3,3,2,6,24576,512,Broadcast,7181.874200000493,56.065195906657955,11883.186000000023,33.88427850914722
dma_hardened2,xilinx_u280_xdma_201920_3,3,2,6,24576,512,Broadcast,7190.558300004568,55.99748548033387,11969.699499996977,33.63937281801449
dma_hardened2,xilinx_u280_xdma_201920_3,3,2,6,24576,512,Broadcast,7196.979799999781,55.94752176461746,11992.52150000234,33.5753564419227
dma_hardened2,xilinx_u280_xdma_201920_3,3,2,6,24576,512,Broadcast,7197.737600000664,55.94163143707306,12005.982100004076,33.537713170492175
dma_hardened2,xilinx_u280_xdma_201920_3,3,2,6,24576,512,Broadcast,7184.750400000439,56.042751881815605,11938.683799996852,33.72676508947378
dma_hardened2,xilinx_u280_xdma_201920_3,3,2,6,24576,512,Broadcast,7174.990900000466,56.118981837311296,11902.016800002002,33.830668429230606
dma_hardened2,xilinx_u280_xdma_201920_3,3,2,6,24576,512,Broadcast,7201.754999999821,55.910425167200216,11963.894799998798,33.65569413064719
dma_hardened2,xilinx_u280_xdma_201920_3,3,2,6,24576,512,Broadcast,7185.419300003559,56.03753478934772,11853.150000001733,33.970141607922045
dma_hardened2,xilinx_u280_xdma_201920_3,3,2,6,24576,512,Broadcast,7203.133699999853,55.89972375495518,12013.135799998054,33.51774180393975
experiment,board_instance,number of nodes,rank id,number of banks,buffer size[KB],segment_size[KB],collective name,execution_time[us],throughput[Gbps],execution_time_fullpath[us],throughput_fullpath[Gbps]
dma_hardened2,xilinx_u280_xdma_201920_3,3,2,6,1,512,Scatter,188.92429999937121,0.04336128279965713,260.5290000019522,0.03144371643824148
dma_hardened2,xilinx_u280_xdma_201920_3,3,2,6,1,512,Scatter,169.87939999921764,0.048222444864049,257.0533999971758,0.031868864602024344
dma_hardened2,xilinx_u280_xdma_201920_3,3,2,6,1,512,Scatter,171.4958000036404,0.04776793367432966,259.5944999995936,0.03155690894842851
dma_hardened2,xilinx_u280_xdma_201920_3,3,2,6,1,512,Scatter,161.86250000487235,0.05061085797978783,251.87699999946744,0.03252381122538906
dma_hardened2,xilinx_u280_xdma_201920_3,3,2,6,1,512,Scatter,172.8092000007564,0.04740488353608571,250.92960000279163,0.032646606856699505
dma_hardened2,xilinx_u280_xdma_201920_3,3,2,6,1,512,Scatter,172.65039999756482,0.04744848549505559,254.7631000027195,0.03215536315860717
dma_hardened2,xilinx_u280_xdma_201920_3,3,2,6,1,512,Scatter,170.27630000256977,0.04811004232460048,259.4058999989102,0.03157985227026223
dma_hardened2,xilinx_u280_xdma_201920_3,3,2,6,1,512,Scatter,167.3878000019613,0.04894024534586161,252.35670000256505,0.032461987337434405
dma_hardened2,xilinx_u280_xdma_201920_3,3,2,6,1,512,Scatter,172.81169999705526,0.04740419774899265,263.18729999843526,0.03112612196731645
dma_hardened2,xilinx_u280_xdma_201920_3,3,2,6,1,512,Scatter,166.3462999999865,0.049246661933572695,259.41339999917545,0.031578939253045675
dma_hardened2,xilinx_u280_xdma_201920_3,3,2,6,1,512,Scatter,171.64310000339356,0.04772694037708499,256.18330000156675,0.0319771038937741
dma_hardened2,xilinx_u280_xdma_201920_3,3,2,6,1,512,Scatter,174.88380000258985,0.0468425320119913,264.6243000015147,0.030957096532529736
dma_hardened2,xilinx_u280_xdma_201920_3,3,2,6,1,512,Scatter,164.69679999886466,0.04973988565689481,253.71170000312307,0.03228861735544384
dma_hardened2,xilinx_u280_xdma_201920_3,3,2,6,1,512,Scatter,162.1561999968435,0.05051919075656351,264.7539000008692,0.030941942687050524
dma_hardened2,xilinx_u280_xdma_201920_3,3,2,6,1,512,Scatter,169.85969999723238,0.04822803761064853,262.363600000981,0.031223843551351518
dma_hardened2,xilinx_u280_xdma_201920_3,3,2,6,1,512,Scatter,167.41420000130347,0.04893252782581298,273.6626000000797,0.02993467138000448
dma_hardened2,xilinx_u280_xdma_201920_3,3,2,6,1,512,Scatter,173.19559999577905,0.04729912307356334,270.98969999883593,0.030229931248439295
dma_hardened2,xilinx_u280_xdma_201920_3,3,2,6,1,512,Scatter,173.1124999992062,0.04732182829106832,298.582099998157,0.027436339954908767
dma_hardened2,xilinx_u280_xdma_201920_3,3,2,6,1,512,Scatter,175.49899999949048,0.04667832865158083,256.973199998356,0.03187881070886928
dma_hardened2,xilinx_u280_xdma_201920_3,3,2,6,1,512,Scatter,169.25319999927524,0.04840085741383371,258.31559999573983,0.03171314469639117
dma_hardened2,xilinx_u280_xdma_201920_3,3,2,6,6,512,Scatter,179.12380000097983,0.274402396553284,251.1657000013656,0.19569551097037835
dma_hardened2,xilinx_u280_xdma_201920_3,3,2,6,6,512,Scatter,174.01869999957853,0.28245240310448844,270.2068000019153,0.18190511859676217
dma_hardened2,xilinx_u280_xdma_201920_3,3,2,6,6,512,Scatter,170.8030000031613,0.2877701211283776,253.58210000376857,0.19383071596642482
dma_hardened2,xilinx_u280_xdma_201920_3,3,2,6,6,512,Scatter,170.5573999970511,0.28818450563182735,273.8942999997107,0.17945608944783414
dma_hardened2,xilinx_u280_xdma_201920_3,3,2,6,6,512,Scatter,178.06609999979628,0.27603232732146227,271.14370000163035,0.18127657031937108
dma_hardened2,xilinx_u280_xdma_201920_3,3,2,6,6,512,Scatter,176.98230000178228,0.2777226875201928,255.89580000087156,0.1920781818217907
dma_hardened2,xilinx_u280_xdma_201920_3,3,2,6,6,512,Scatter,168.17299999729585,0.292270459590959,263.1747999998879,0.18676560217779564
dma_hardened2,xilinx_u280_xdma_201920_3,3,2,6,6,512,Scatter,165.0874000006297,0.2977332007155756,235.12600000117345,0.20904536291075718
dma_hardened2,xilinx_u280_xdma_201920_3,3,2,6,6,512,Scatter,174.06659999892327,0.2823746772804435,253.5539999996672,0.19385219716535534
dma_hardened2,xilinx_u280_xdma_201920_3,3,2,6,6,512,Scatter,172.92849999535065,0.2842330789969351,272.2188999996433,0.18056057092312253
dma_hardened2,xilinx_u280_xdma_201920_3,3,2,6,6,512,Scatter,170.56570000022475,0.28817048210710144,268.244900001946,0.18323554333984884
dma_hardened2,xilinx_u280_xdma_201920_3,3,2,6,6,512,Scatter,167.89400000334354,0.29275614375154063,262.2158999997737,0.1874485872139806
dma_hardened2,xilinx_u280_xdma_201920_3,3,2,6,6,512,Scatter,183.33310000002712,0.2681021594027087,256.52969999896413,0.19160354532125703
dma_hardened2,xilinx_u280_xdma_201920_3,3,2,6,6,512,Scatter,159.91459999895596,0.30736405556666435,251.0662000020147,0.19577306702218605
dma_hardened2,xilinx_u280_xdma_201920_3,3,2,6,6,512,Scatter,165.79139999635117,0.29646893627221776,255.96289999612054,0.1920278290359461
dma_hardened2,xilinx_u280_xdma_201920_3,3,2,6,6,512,Scatter,170.10600000162412,0.288949243410172,256.9855999979609,0.19126363500674748
dma_hardened2,xilinx_u280_xdma_201920_3,3,2,6,6,512,Scatter,168.96469999778674,0.29090099885149884,259.50890000103755,0.18940390868985027
dma_hardened2,xilinx_u280_xdma_201920_3,3,2,6,6,512,Scatter,169.57210000327905,0.28985900392251757,269.73580000344555,0.1822227527802099
dma_hardened2,xilinx_u280_xdma_201920_3,3,2,6,6,512,Scatter,170.4553000024589,0.28835712353497345,248.87750000175402,0.1974947514325465
dma_hardened2,xilinx_u280_xdma_201920_3,3,2,6,6,512,Scatter,162.89449999931094,0.3017413110952667,249.90620000266975,0.19668179500738642
dma_hardened2,xilinx_u280_xdma_201920_3,3,2,6,12,512,Scatter,169.9047000045084,0.5785831704325513,265.5984000000444,0.37012271158253796
dma_hardened2,xilinx_u280_xdma_201920_3,3,2,6,12,512,Scatter,167.66919999895435,0.5862973044579032,263.49660000164477,0.37307502259758335
dma_hardened2,xilinx_u280_xdma_201920_3,3,2,6,12,512,Scatter,172.28199999976823,0.570599366156257,265.0469999991856,0.3708927095960417
dma_hardened2,xilinx_u280_xdma_201920_3,3,2,6,12,512,Scatter,171.79650000116453,0.5722118902267138,262.01620000279036,0.3751829085337208
dma_hardened2,xilinx_u280_xdma_201920_3,3,2,6,12,512,Scatter,171.50799999967603,0.5731744291822288,271.87769999841294,0.3615743402293526
dma_hardened2,xilinx_u280_xdma_201920_3,3,2,6,12,512,Scatter,173.5838000001877,0.5663201289515133,261.7595000003803,0.37555083960603985
dma_hardened2,xilinx_u280_xdma_201920_3,3,2,6,12,512,Scatter,164.29640000410473,0.5983332562219502,256.8286999974134,0.38276096090892503
dma_hardened2,xilinx_u280_xdma_201920_3,3,2,6,12,512,Scatter,173.27439999803573,0.5673313542053204,274.82989999612073,0.35769033864724176
dma_hardened2,xilinx_u280_xdma_201920_3,3,2,6,12,512,Scatter,170.93320000185486,0.5751018526473106,265.568700001495,0.37016410442739145
dma_hardened2,xilinx_u280_xdma_201920_3,3,2,6,12,512,Scatter,174.43319999870255,0.563562441099121,255.841800003509,0.3842374467293918
dma_hardened2,xilinx_u280_xdma_201920_3,3,2,6,12,512,Scatter,170.12730000374177,0.5778261337118612,256.1716000002434,0.3837427724224957
dma_hardened2,xilinx_u280_xdma_201920_3,3,2,6,12,512,Scatter,163.1581000026472,0.6025076290935297,257.30130000169993,0.38205792197455096
dma_hardened2,xilinx_u280_xdma_201920_3,3,2,6,12,512,Scatter,172.47790000283203,0.5699512807054462,278.50110000144923,0.3529752665231428
dma_hardened2,xilinx_u280_xdma_201920_3,3,2,6,12,512,Scatter,171.95529999867176,0.5716834549488113,263.65829999690504,0.37284621800699597
dma_hardened2,xilinx_u280_xdma_201920_3,3,2,6,12,512,Scatter,165.28959999959625,0.5947379629464898,263.742499998898,0.3727271865566253
dma_hardened2,xilinx_u280_xdma_201920_3,3,2,6,12,512,Scatter,174.0509999990536,0.5647999724249474,255.22139999907267,0.3851714628959687
dma_hardened2,xilinx_u280_xdma_201920_3,3,2,6,12,512,Scatter,170.40750000205662,0.5768760177739453,258.8864999950147,0.3797185253070091
dma_hardened2,xilinx_u280_xdma_201920_3,3,2,6,12,512,Scatter,163.8580000019374,0.5999340892653254,247.60910000054537,0.3970128723047072
dma_hardened2,xilinx_u280_xdma_201920_3,3,2,6,12,512,Scatter,169.33750000021064,0.5805211485930625,252.8303000019605,0.38881415716090095
dma_hardened2,xilinx_u280_xdma_201920_3,3,2,6,12,512,Scatter,169.11779999873033,0.5812753004162662,261.8234999999913,0.375459040154926
dma_hardened2,xilinx_u280_xdma_201920_3,3,2,6,24,512,Scatter,165.54530000121304,1.187638670494175,243.17119999750503,0.8085167980501689
dma_hardened2,xilinx_u280_xdma_201920_3,3,2,6,24,512,Scatter,167.58630000026642,1.173174656876412,262.6171000031263,0.748648888429807
dma_hardened2,xilinx_u280_xdma_201920_3,3,2,6,24,512,Scatter,170.2102000024297,1.155089412956412,286.76219999965724,0.685613375822319
dma_hardened2,xilinx_u280_xdma_201920_3,3,2,6,24,512,Scatter,169.7218000003886,1.1584133564430135,265.38680000385284,0.7408356406465796
dma_hardened2,xilinx_u280_xdma_201920_3,3,2,6,24,512,Scatter,168.38050000274052,1.1676411460757037,260.4582999992999,0.7548540399769501
dma_hardened2,xilinx_u280_xdma_201920_3,3,2,6,24,512,Scatter,171.64710000088235,1.1454198760071643,267.7226999992399,0.7343717958938789
dma_hardened2,xilinx_u280_xdma_201920_3,3,2,6,24,512,Scatter,162.06939999960923,1.2131099393252154,259.12309999966965,0.7587436241703293
dma_hardened2,xilinx_u280_xdma_201920_3,3,2,6,24,512,Scatter,167.3748000030173,1.174657116820786,252.8828000038175,0.7774668739709938
dma_hardened2,xilinx_u280_xdma_201920_3,3,2,6,24,512,Scatter,172.16050000001815,1.1420041182500007,271.21059999899444,0.7249274180313342
dma_hardened2,xilinx_u280_xdma_201920_3,3,2,6,24,512,Scatter,166.35879999853387,1.181831078378377,266.71760000454015,0.7371392063990275
dma_hardened2,xilinx_u280_xdma_201920_3,3,2,6,24,512,Scatter,170.54660000326294,1.1528110205435844,283.2881000017551,0.694021386704143
dma_hardened2,xilinx_u280_xdma_201920_3,3,2,6,24,512,Scatter,175.7562000022972,1.118640480378105,270.6703999990623,0.7263742175009943
dma_hardened2,xilinx_u280_xdma_201920_3,3,2,6,24,512,Scatter,165.55640000319727,1.1875590433000662,249.1586000019197,0.7890877537379212
dma_hardened2,xilinx_u280_xdma_201920_3,3,2,6,24,512,Scatter,167.34210000208805,1.174886654329943,259.69349999854785,0.7570770928078654
dma_hardened2,xilinx_u280_xdma_201920_3,3,2,6,24,512,Scatter,170.7438000039474,1.151479585176473,251.0132999987036,0.7832573015095831
dma_hardened2,xilinx_u280_xdma_201920_3,3,2,6,24,512,Scatter,165.5349000031947,1.1877132858158952,257.80189999977665,0.7626320830070311
dma_hardened2,xilinx_u280_xdma_201920_3,3,2,6,24,512,Scatter,172.17980000054922,1.1418761085758773,261.58800000075644,0.751594109819378
dma_hardened2,xilinx_u280_xdma_201920_3,3,2,6,24,512,Scatter,172.84549999772025,1.1374782681793463,258.23629999877085,0.7613491983928511
dma_hardened2,xilinx_u280_xdma_201920_3,3,2,6,24,512,Scatter,168.77650000424183,1.1649015117333201,267.0464000004813,0.7362316061914546
dma_hardened2,xilinx_u280_xdma_201920_3,3,2,6,24,512,Scatter,173.22080000212736,1.1350138089512658,256.1602000014318,0.7675197005580924
dma_hardened2,xilinx_u280_xdma_201920_3,3,2,6,48,512,Scatter,172.54119999847717,2.27896873328498,264.3204999969839,1.4876485176310081
dma_hardened2,xilinx_u280_xdma_201920_3,3,2,6,48,512,Scatter,176.514300000008,2.227672205594573,267.4263000017163,1.470371463081516
dma_hardened2,xilinx_u280_xdma_201920_3,3,2,6,48,512,Scatter,172.1320999990894,2.2843850740337226,274.8117999999522,1.4308555891707284
dma_hardened2,xilinx_u280_xdma_201920_3,3,2,6,48,512,Scatter,174.38890000107676,2.2548224112748696,264.4502000009652,1.4869188981462855
dma_hardened2,xilinx_u280_xdma_201920_3,3,2,6,48,512,Scatter,165.82540000058543,2.371265198206136,288.56310000264784,1.3626690314748902
dma_hardened2,xilinx_u280_xdma_201920_3,3,2,6,48,512,Scatter,172.83570000472537,2.2750855291427023,268.9313000018956,1.4621429338914005
dma_hardened2,xilinx_u280_xdma_201920_3,3,2,6,48,512,Scatter,173.74349999954575,2.2631983354832155,269.5425000013074,1.4588274576294749
dma_hardened2,xilinx_u280_xdma_201920_3,3,2,6,48,512,Scatter,169.452700004058,2.320505958244297,265.98379999995814,1.4783456736841187
dma_hardened2,xilinx_u280_xdma_201920_3,3,2,6,48,512,Scatter,165.29349999814258,2.378895721879073,259.54669999919133,1.5150105934740266
dma_hardened2,xilinx_u280_xdma_201920_3,3,2,6,48,512,Scatter,172.72900000193658,2.27649091927581,262.70359999784887,1.4968047640124453
dma_hardened2,xilinx_u280_xdma_201920_3,3,2,6,48,512,Scatter,163.6693000023115,2.402503096148432,276.435500001071,1.4224511685310917
dma_hardened2,xilinx_u280_xdma_201920_3,3,2,6,48,512,Scatter,167.64459999762948,2.3455333485573657,293.33100000030754,1.3405197541330023
dma_hardened2,xilinx_u280_xdma_201920_3,3,2,6,48,512,Scatter,172.50679999847307,2.2794231879756652,270.38329999982125,1.4542910009614498
dma_hardened2,xilinx_u280_xdma_201920_3,3,2,6,48,512,Scatter,167.21719999850393,2.3515284313068157,267.92589999899974,1.467629669253581
dma_hardened2,xilinx_u280_xdma_201920_3,3,2,6,48,512,Scatter,170.06020000280841,2.3122164974138943,274.62559999662517,1.4318257293013914
dma_hardened2,xilinx_u280_xdma_201920_3,3,2,6,48,512,Scatter,174.9680999978409,2.2473582327570125,261.3057999951707,1.5048116039034236
dma_hardened2,xilinx_u280_xdma_201920_3,3,2,6,48,512,Scatter,166.23669999944468,2.365398254424646,275.93199999955687,1.4250467506509992
dma_hardened2,xilinx_u280_xdma_201920_3,3,2,6,48,512,Scatter,171.2680000025557,2.2959105028033977,283.44340000217016,1.3872822581051079
dma_hardened2,xilinx_u280_xdma_201920_3,3,2,6,48,512,Scatter,179.5411999978569,2.190115694919571,281.5219000012803,1.3967510165220245
dma_hardened2,xilinx_u280_xdma_201920_3,3,2,6,48,512,Scatter,167.18829999717855,2.351934914145523,276.31159999828014,1.4230890053202525
dma_hardened2,xilinx_u280_xdma_201920_3,3,2,6,96,512,Scatter,176.1729000008927,4.463978284946294,284.6777000002021,2.7625346137032922
dma_hardened2,xilinx_u280_xdma_201920_3,3,2,6,96,512,Scatter,174.39779999790517,4.509414683037553,295.5917999997837,2.660533884906738
dma_hardened2,xilinx_u280_xdma_201920_3,3,2,6,96,512,Scatter,169.52299999957177,4.6390873214961195,270.46659999996336,2.907686198592013
dma_hardened2,xilinx_u280_xdma_201920_3,3,2,6,96,512,Scatter,171.5438000019276,4.584438493207934,276.6450000024179,2.842747926017555
dma_hardened2,xilinx_u280_xdma_201920_3,3,2,6,96,512,Scatter,174.44349999777842,4.508233324887516,290.39830000101574,2.708115026834693
dma_hardened2,xilinx_u280_xdma_201920_3,3,2,6,96,512,Scatter,167.46100000091246,4.696209863763592,280.8112000025176,2.8005720569298855
dma_hardened2,xilinx_u280_xdma_201920_3,3,2,6,96,512,Scatter,169.02989999607598,4.6526206311324625,277.2568000011688,2.8364750657032927
dma_hardened2,xilinx_u280_xdma_201920_3,3,2,6,96,512,Scatter,174.24659999960568,4.513327663218563,296.01640000009866,2.6567176683445175
dma_hardened2,xilinx_u280_xdma_201920_3,3,2,6,96,512,Scatter,169.7784999976193,4.63210594987603,297.4064999989423,2.6442999732783137
dma_hardened2,xilinx_u280_xdma_201920_3,3,2,6,96,512,Scatter,175.86220000112007,4.471864903287865,278.24169999917103,2.826434714862449
dma_hardened2,xilinx_u280_xdma_201920_3,3,2,6,96,512,Scatter,176.29920000103994,4.4607803098106,280.55739999786056,2.803105532080056
dma_hardened2,xilinx_u280_xdma_201920_3,3,2,6,96,512,Scatter,174.80150000324102,4.499000294536481,301.8368000027749,2.6054874687008676
dma_hardened2,xilinx_u280_xdma_201920_3,3,2,6,96,512,Scatter,184.18370000290452,4.269824094030026,295.94979999956195,2.6573155312190244
dma_hardened2,xilinx_u280_xdma_201920_3,3,2,6,96,512,Scatter,178.34689999745024,4.409563608962328,286.790600000586,2.742181926459211
dma_hardened2,xilinx_u280_xdma_201920_3,3,2,6,96,512,Scatter,172.17089999803648,4.567740541572175,281.13540000163084,2.7973424904705633
dma_hardened2,xilinx_u280_xdma_201920_3,3,2,6,96,512,Scatter,177.59750000436725,4.428170441479531,286.19579999826783,2.7478809961738073
dma_hardened2,xilinx_u280_xdma_201920_3,3,2,6,96,512,Scatter,180.16539999621273,4.365055665608,283.4417000030953,2.7745811572235555
dma_hardened2,xilinx_u280_xdma_201920_3,3,2,6,96,512,Scatter,182.65889999611318,4.3054677325700235,279.0898999990077,2.8178447159957996
dma_hardened2,xilinx_u280_xdma_201920_3,3,2,6,96,512,Scatter,184.11419999893042,4.2714358805815555,305.63230000097974,2.573131177553809
dma_hardened2,xilinx_u280_xdma_201920_3,3,2,6,96,512,Scatter,185.95660000073622,4.229115825934043,283.84380000261444,2.770650618377982
dma_hardened2,xilinx_u280_xdma_201920_3,3,2,6,192,512,Scatter,192.81450000221412,8.157394801645824,308.23499999996784,5.102807922527176
dma_hardened2,xilinx_u280_xdma_201920_3,3,2,6,192,512,Scatter,178.302500000882,8.821323312865605,298.2212000006257,5.274152206471908
dma_hardened2,xilinx_u280_xdma_201920_3,3,2,6,192,512,Scatter,177.91950000400902,8.840312613089397,348.27329999984613,4.516177381386098
dma_hardened2,xilinx_u280_xdma_201920_3,3,2,6,192,512,Scatter,195.05509999930837,8.063690721265823,308.61110000159897,5.096589202371045
dma_hardened2,xilinx_u280_xdma_201920_3,3,2,6,192,512,Scatter,189.23709999967286,8.311604859737965,318.52690000278017,4.937931458807001
dma_hardened2,xilinx_u280_xdma_201920_3,3,2,6,192,512,Scatter,187.8529000009621,8.372849181417719,314.4794999968781,5.001483403578339
dma_hardened2,xilinx_u280_xdma_201920_3,3,2,6,192,512,Scatter,198.15509999716596,7.937539836332728,307.9665000029763,5.107256795738494
dma_hardened2,xilinx_u280_xdma_201920_3,3,2,6,192,512,Scatter,188.50280000037856,8.34398215833845,300.5712999993193,5.232914785954487
dma_hardened2,xilinx_u280_xdma_201920_3,3,2,6,192,512,Scatter,193.74849999849175,8.118070591577453,312.7731000006406,5.02877005726125
dma_hardened2,xilinx_u280_xdma_201920_3,3,2,6,192,512,Scatter,201.53480000431045,7.804428813119915,317.7487000016299,4.950024972539406
dma_hardened2,xilinx_u280_xdma_201920_3,3,2,6,192,512,Scatter,190.54200000141464,8.25468400661441,326.2360999997327,4.821244491340133
dma_hardened2,xilinx_u280_xdma_201920_3,3,2,6,192,512,Scatter,187.68209999961982,8.380468888632352,309.56749999973,5.080843434796521
dma_hardened2,xilinx_u280_xdma_201920_3,3,2,6,192,512,Scatter,195.9754000040448,8.025823649129112,327.6564000032067,4.800345727977865
dma_hardened2,xilinx_u280_xdma_201920_3,3,2,6,192,512,Scatter,192.6300999969044,8.165203672869797,298.2775000020865,5.273156708062115
dma_hardened2,xilinx_u280_xdma_201920_3,3,2,6,192,512,Scatter,190.9528999988197,8.236921251312351,298.34900000196285,5.27189298435608
dma_hardened2,xilinx_u280_xdma_201920_3,3,2,6,192,512,Scatter,177.1147999988898,8.880477520850087,305.8770999984972,5.142143691069804
dma_hardened2,xilinx_u280_xdma_201920_3,3,2,6,192,512,Scatter,189.53169999917918,8.298685655258787,308.94939999939197,5.091008430516762
dma_hardened2,xilinx_u280_xdma_201920_3,3,2,6,192,512,Scatter,191.0531000021365,8.232601302896478,298.3623999966767,5.271656214112499
dma_hardened2,xilinx_u280_xdma_201920_3,3,2,6,192,512,Scatter,191.6977999997016,8.204914193081237,332.0518999998967,4.736801686725748
dma_hardened2,xilinx_u280_xdma_201920_3,3,2,6,192,512,Scatter,188.81409999949028,8.330225338066628,315.05869999932656,4.99228873858542
dma_hardened2,xilinx_u280_xdma_201920_3,3,2,6,384,512,Scatter,226.81759999727547,13.868976658062632,420.6444000033116,7.478354638681116
dma_hardened2,xilinx_u280_xdma_201920_3,3,2,6,384,512,Scatter,222.61359999902197,14.130888678920876,414.222299997391,7.594299003264222
dma_hardened2,xilinx_u280_xdma_201920_3,3,2,6,384,512,Scatter,211.63529999626007,14.863909754448288,368.7905999981922,8.529848645858708
dma_hardened2,xilinx_u280_xdma_201920_3,3,2,6,384,512,Scatter,214.8579999982303,14.640962868619786,432.64160000262564,7.270979027400299
dma_hardened2,xilinx_u280_xdma_201920_3,3,2,6,384,512,Scatter,207.6541000008092,15.148884611417458,388.3687000040936,8.099849447102308
dma_hardened2,xilinx_u280_xdma_201920_3,3,2,6,384,512,Scatter,207.97250000441636,15.125692098393776,372.5409999958629,8.443977978356566
dma_hardened2,xilinx_u280_xdma_201920_3,3,2,6,384,512,Scatter,207.45230000329684,15.163620745347282,402.88810000106423,7.807944687350385
dma_hardened2,xilinx_u280_xdma_201920_3,3,2,6,384,512,Scatter,207.46739999708552,15.162517099284953,371.0179999984575,8.478639850392915
dma_hardened2,xilinx_u280_xdma_201920_3,3,2,6,384,512,Scatter,201.75970000195775,15.591458551779546,369.8373000020183,8.505707780104474
dma_hardened2,xilinx_u280_xdma_201920_3,3,2,6,384,512,Scatter,208.31999999586515,15.100460829792809,392.88449999617114,8.00675007548187
dma_hardened2,xilinx_u280_xdma_201920_3,3,2,6,384,512,Scatter,208.57969999497072,15.081659433184772,413.0667000026733,7.615544898631725
dma_hardened2,xilinx_u280_xdma_201920_3,3,2,6,384,512,Scatter,208.49539999971967,15.08775733183672,389.8824999964745,8.068400094973345
dma_hardened2,xilinx_u280_xdma_201920_3,3,2,6,384,512,Scatter,201.77270000090175,15.590454010804935,363.42580000336966,8.655764120133554
dma_hardened2,xilinx_u280_xdma_201920_3,3,2,6,384,512,Scatter,206.03460000074847,15.267959847465292,433.14269999541466,7.262567278712769
dma_hardened2,xilinx_u280_xdma_201920_3,3,2,6,384,512,Scatter,208.89140000122097,15.059155139855509,409.48129999947014,7.6822262701717285
dma_hardened2,xilinx_u280_xdma_201920_3,3,2,6,384,512,Scatter,212.24559999950543,14.821169437704857,386.4330999988397,8.140420683449337
dma_hardened2,xilinx_u280_xdma_201920_3,3,2,6,384,512,Scatter,200.17460000190113,15.714920873927682,392.95949999882396,8.005221912205748
dma_hardened2,xilinx_u280_xdma_201920_3,3,2,6,384,512,Scatter,204.11689999946248,15.411403955323072,393.71780000010403,7.989803864593292
dma_hardened2,xilinx_u280_xdma_201920_3,3,2,6,384,512,Scatter,204.48080000505797,15.383977370600018,409.98110000032284,7.6728610172457286
dma_hardened2,xilinx_u280_xdma_201920_3,3,2,6,384,512,Scatter,202.26070000148866,15.55283849001238,395.1803999996173,7.960232845563814
dma_hardened2,xilinx_u280_xdma_201920_3,3,2,6,768,512,Scatter,346.37360000147055,18.16378615452589,570.7981000000473,11.02220907883099
dma_hardened2,xilinx_u280_xdma_201920_3,3,2,6,768,512,Scatter,347.7263999968727,18.09312148878136,566.1428999985674,11.112840945308896
dma_hardened2,xilinx_u280_xdma_201920_3,3,2,6,768,512,Scatter,331.55069999679654,18.975848942743262,565.0753999987046,11.133834529010507
dma_hardened2,xilinx_u280_xdma_201920_3,3,2,6,768,512,Scatter,325.29379999459707,19.340842032969878,584.3176999974276,10.767183674271203
dma_hardened2,xilinx_u280_xdma_201920_3,3,2,6,768,512,Scatter,350.57270000038443,17.946223422397413,619.1096999998535,10.162102128268202
dma_hardened2,xilinx_u280_xdma_201920_3,3,2,6,768,512,Scatter,342.29999999979555,18.37994741455962,570.066699998506,11.036350658644837
dma_hardened2,xilinx_u280_xdma_201920_3,3,2,6,768,512,Scatter,343.7374999975873,18.30308302132924,552.7287000006709,11.38253902862718
dma_hardened2,xilinx_u280_xdma_201920_3,3,2,6,768,512,Scatter,351.0468000001765,17.92198647017103,592.3938999956135,10.620392951457783
dma_hardened2,xilinx_u280_xdma_201920_3,3,2,6,768,512,Scatter,329.9586000025556,19.067410274959556,582.2569000031308,10.805292303047281
dma_hardened2,xilinx_u280_xdma_201920_3,3,2,6,768,512,Scatter,332.46670000153244,18.92356738275142,646.9928000001346,9.724151489782717
dma_hardened2,xilinx_u280_xdma_201920_3,3,2,6,768,512,Scatter,299.6595000013258,20.995349721841507,560.040300001674,11.233934415043334
dma_hardened2,xilinx_u280_xdma_201920_3,3,2,6,768,512,Scatter,325.7398000016565,19.31436072585544,602.2353999981078,10.446838561831084
dma_hardened2,xilinx_u280_xdma_201920_3,3,2,6,768,512,Scatter,349.3628000001081,18.008374102789574,584.9481999973705,10.755578015332437
dma_hardened2,xilinx_u280_xdma_201920_3,3,2,6,768,512,Scatter,346.90680000153407,18.135868192760068,592.8373999950054,10.612447865220723
dma_hardened2,xilinx_u280_xdma_201920_3,3,2,6,768,512,Scatter,301.07290000387366,20.89678612694485,596.9424999989315,10.539467369154085
dma_hardened2,xilinx_u280_xdma_201920_3,3,2,6,768,512,Scatter,339.323800000102,18.541157443121023,589.6094999968682,10.670547201212697
dma_hardened2,xilinx_u280_xdma_201920_3,3,2,6,768,512,Scatter,313.6991000019407,20.05570306054776,606.3107999978001,10.3766187242959
dma_hardened2,xilinx_u280_xdma_201920_3,3,2,6,768,512,Scatter,333.8798000015686,18.843476005348162,588.8362999996843,10.684558679557243
dma_hardened2,xilinx_u280_xdma_201920_3,3,2,6,768,512,Scatter,330.12090000283933,19.05803601027953,552.2063999990223,11.39330511202177
dma_hardened2,xilinx_u280_xdma_201920_3,3,2,6,768,512,Scatter,291.59629999639947,21.575911628774733,580.959299998085,10.82942643317826
dma_hardened2,xilinx_u280_xdma_201920_3,3,2,6,1536,512,Scatter,601.8028000028153,20.908696336974728,1006.029600000602,12.507496797303448
dma_hardened2,xilinx_u280_xdma_201920_3,3,2,6,1536,512,Scatter,631.981399999404,19.910256852514753,981.963999998925,12.814025768779482
dma_hardened2,xilinx_u280_xdma_201920_3,3,2,6,1536,512,Scatter,601.865999999518,20.906500782582963,1024.8805000003358,12.277443077505989
dma_hardened2,xilinx_u280_xdma_201920_3,3,2,6,1536,512,Scatter,623.8046000021313,20.171239519485763,977.1868000029826,12.876670049126323
dma_hardened2,xilinx_u280_xdma_201920_3,3,2,6,1536,512,Scatter,603.8923000005525,20.83635111755604,980.3842999986044,12.83467309708847
dma_hardened2,xilinx_u280_xdma_201920_3,3,2,6,1536,512,Scatter,575.9767000029115,21.846217043044266,965.0706999991598,13.038331803059561
dma_hardened2,xilinx_u280_xdma_201920_3,3,2,6,1536,512,Scatter,632.2356999987733,19.90224848110351,965.1124000015443,13.037768450576188
dma_hardened2,xilinx_u280_xdma_201920_3,3,2,6,1536,512,Scatter,604.283799998484,20.822851779299008,986.8393999965974,12.750719114015295
dma_hardened2,xilinx_u280_xdma_201920_3,3,2,6,1536,512,Scatter,609.0942000014365,20.658400621727022,942.6642000050833,13.348244263367746
dma_hardened2,xilinx_u280_xdma_201920_3,3,2,6,1536,512,Scatter,566.0594000005403,22.228960423566836,969.4362999994155,12.979617123897244
dma_hardened2,xilinx_u280_xdma_201920_3,3,2,6,1536,512,Scatter,625.9604000035779,20.101770016007524,971.8567999982497,12.94729017693004
dma_hardened2,xilinx_u280_xdma_201920_3,3,2,6,1536,512,Scatter,631.7106999972566,19.918788774758198,1018.835900003978,12.350283298763687
dma_hardened2,xilinx_u280_xdma_201920_3,3,2,6,1536,512,Scatter,621.2189999985185,20.25519502788873,992.6649000021824,12.675890927514748
dma_hardened2,xilinx_u280_xdma_201920_3,3,2,6,1536,512,Scatter,573.7008000039623,21.932882087515125,1003.491500000564,12.539131621934944
dma_hardened2,xilinx_u280_xdma_201920_3,3,2,6,1536,512,Scatter,582.0234999987406,21.619250769130847,985.4592000010597,12.768577329215121
dma_hardened2,xilinx_u280_xdma_201920_3,3,2,6,1536,512,Scatter,558.5333999988507,22.528486210539768,932.1556999964287,13.498723442927194
dma_hardened2,xilinx_u280_xdma_201920_3,3,2,6,1536,512,Scatter,586.55139999928,21.45236035582806,950.1263999993625,13.243408455978534
dma_hardened2,xilinx_u280_xdma_201920_3,3,2,6,1536,512,Scatter,622.0976999998129,20.226584988183987,969.2986000004566,12.981461027586413
dma_hardened2,xilinx_u280_xdma_201920_3,3,2,6,1536,512,Scatter,617.7537999974447,20.368813595403296,945.9450999997898,13.301947438601665
dma_hardened2,xilinx_u280_xdma_201920_3,3,2,6,1536,512,Scatter,629.8940000021958,19.976237271598297,959.025700001348,13.120515956957476
dma_hardened2,xilinx_u280_xdma_201920_3,3,2,6,3072,512,Scatter,948.8265000015872,26.523104065872847,1576.0675000024094,15.967478550228039
dma_hardened2,xilinx_u280_xdma_201920_3,3,2,6,3072,512,Scatter,948.2424999987416,26.5394390148442,1574.509599998919,15.98327758688628
dma_hardened2,xilinx_u280_xdma_201920_3,3,2,6,3072,512,Scatter,961.0452999993413,26.185887387428302,1583.5523000021112,15.892006850652454
dma_hardened2,xilinx_u280_xdma_201920_3,3,2,6,3072,512,Scatter,940.7371999998304,26.75117344142927,1570.7448999989992,16.02158568206463
dma_hardened2,xilinx_u280_xdma_201920_3,3,2,6,3072,512,Scatter,928.0755000020235,27.116138719258434,1541.101299994807,16.329766252279978
dma_hardened2,xilinx_u280_xdma_201920_3,3,2,6,3072,512,Scatter,925.4891999944448,27.191915367733145,1589.3022999989626,15.83451052705104
dma_hardened2,xilinx_u280_xdma_201920_3,3,2,6,3072,512,Scatter,903.1068000012965,27.865833808320204,1561.742299998059,16.113941461425025
dma_hardened2,xilinx_u280_xdma_201920_3,3,2,6,3072,512,Scatter,924.4163999994726,27.22347201976767,1504.6064000046044,16.725852023441472
dma_hardened2,xilinx_u280_xdma_201920_3,3,2,6,3072,512,Scatter,959.9295999976221,26.21632253038383,1579.3432000009489,15.934360562026596
dma_hardened2,xilinx_u280_xdma_201920_3,3,2,6,3072,512,Scatter,937.1313000031023,26.854106783026765,1531.4115000023776,16.433090648699533
dma_hardened2,xilinx_u280_xdma_201920_3,3,2,6,3072,512,Scatter,950.1794000016162,26.485339505315725,1545.965600001864,16.278385495750783
dma_hardened2,xilinx_u280_xdma_201920_3,3,2,6,3072,512,Scatter,976.3136999993094,25.77637085295208,1543.9142999980504,16.300013543518432
dma_hardened2,xilinx_u280_xdma_201920_3,3,2,6,3072,512,Scatter,950.2485999973942,26.483410762266853,1504.25109999901,16.729802624054297
dma_hardened2,xilinx_u280_xdma_201920_3,3,2,6,3072,512,Scatter,916.3089999958629,27.464342268943795,1547.2277000014856,16.26510693931852
dma_hardened2,xilinx_u280_xdma_201920_3,3,2,6,3072,512,Scatter,949.3698000028417,26.50792557328522,1522.6578000010704,16.527563842632475
dma_hardened2,xilinx_u280_xdma_201920_3,3,2,6,3072,512,Scatter,918.0554000010943,27.412097352697888,1602.744500002018,15.70170666626422
dma_hardened2,xilinx_u280_xdma_201920_3,3,2,6,3072,512,Scatter,979.9297000029129,25.681254481750265,1521.6147999979057,16.53889276052956
dma_hardened2,xilinx_u280_xdma_201920_3,3,2,6,3072,512,Scatter,929.1079999968588,27.086005071622548,1540.209600000253,16.339220324296036
dma_hardened2,xilinx_u280_xdma_201920_3,3,2,6,3072,512,Scatter,956.8102999992334,26.301790438522833,1555.0906000044051,16.18286677311837
dma_hardened2,xilinx_u280_xdma_201920_3,3,2,6,3072,512,Scatter,964.413499997363,26.09443355994997,1558.4872000033556,16.147597490660054
dma_hardened2,xilinx_u280_xdma_201920_3,3,2,6,6144,512,Scatter,1800.0226999959068,27.961674038952093,2944.7315000027174,17.09210092667313
dma_hardened2,xilinx_u280_xdma_201920_3,3,2,6,6144,512,Scatter,1883.9916999979778,26.71542979730432,2916.0888999967938,17.259984083494622
dma_hardened2,xilinx_u280_xdma_201920_3,3,2,6,6144,512,Scatter,1915.7801000005747,26.27214261176682,2838.896800000157,17.72929822598596
dma_hardened2,xilinx_u280_xdma_201920_3,3,2,6,6144,512,Scatter,1767.9137000015999,28.46951635702266,2985.59650000243,16.85815481092607
dma_hardened2,xilinx_u280_xdma_201920_3,3,2,6,6144,512,Scatter,1820.2217999998993,27.65138182610646,2898.808099996586,17.362876832053587
dma_hardened2,xilinx_u280_xdma_201920_3,3,2,6,6144,512,Scatter,1817.3909999973148,27.69445210198266,2925.7923999978175,17.20274070027578
dma_hardened2,xilinx_u280_xdma_201920_3,3,2,6,6144,512,Scatter,1867.016699998203,26.958327689328353,2955.595399998856,17.029275387294042
dma_hardened2,xilinx_u280_xdma_201920_3,3,2,6,6144,512,Scatter,1899.4573000043147,26.497909692355638,2943.6370999974315,17.098455512754583
dma_hardened2,xilinx_u280_xdma_201920_3,3,2,6,6144,512,Scatter,1840.6709000032606,27.344186296372065,2816.576099996837,17.8697987247909
dma_hardened2,xilinx_u280_xdma_201920_3,3,2,6,6144,512,Scatter,1825.3798999978699,27.573245437872266,2941.4072999998098,17.111417381742154
dma_hardened2,xilinx_u280_xdma_201920_3,3,2,6,6144,512,Scatter,1776.020699998071,28.339561582843412,2929.754500001991,17.179476300818312
dma_hardened2,xilinx_u280_xdma_201920_3,3,2,6,6144,512,Scatter,1825.484599999072,27.571663984470526,2955.7154000031005,17.028584010472457
dma_hardened2,xilinx_u280_xdma_201920_3,3,2,6,6144,512,Scatter,1887.6918999978898,26.663062971269976,3026.2592999974913,16.631637612825088
dma_hardened2,xilinx_u280_xdma_201920_3,3,2,6,6144,512,Scatter,1855.4520999998658,27.126352655508402,3012.3675000027106,16.708335885297764
dma_hardened2,xilinx_u280_xdma_201920_3,3,2,6,6144,512,Scatter,1813.6702999981935,27.75126658910946,2870.083500005194,17.536649369228776
dma_hardened2,xilinx_u280_xdma_201920_3,3,2,6,6144,512,Scatter,1756.5775000036865,28.653246440817085,2885.7360000017707,17.441528954820928
dma_hardened2,xilinx_u280_xdma_201920_3,3,2,6,6144,512,Scatter,1858.0921000022954,27.087811201574898,2917.81409999885,17.249778867001787
dma_hardened2,xilinx_u280_xdma_201920_3,3,2,6,6144,512,Scatter,1854.5472999960566,27.139587111154846,2956.8363000009867,17.022128685305713
dma_hardened2,xilinx_u280_xdma_201920_3,3,2,6,6144,512,Scatter,1823.4989999996287,27.601686647489387,2990.274500001533,16.8317818313918
dma_hardened2,xilinx_u280_xdma_201920_3,3,2,6,6144,512,Scatter,1893.5859000009714,26.58007117605501,2888.563199996952,17.42445794506179
dma_hardened2,xilinx_u280_xdma_201920_3,3,2,6,12288,512,Scatter,3258.5541000003104,30.8920131171032,5316.447100000232,18.934317243558315
dma_hardened2,xilinx_u280_xdma_201920_3,3,2,6,12288,512,Scatter,3215.3348000008464,31.30725173626507,5234.099500000866,19.2322090934617
dma_hardened2,xilinx_u280_xdma_201920_3,3,2,6,12288,512,Scatter,3221.234400001549,31.24991338722559,5206.796900000654,19.333055990716165
dma_hardened2,xilinx_u280_xdma_201920_3,3,2,6,12288,512,Scatter,3233.043400001634,31.13577009202819,5303.002399995194,18.98232141099752
dma_hardened2,xilinx_u280_xdma_201920_3,3,2,6,12288,512,Scatter,3221.9421999968745,31.24304837004762,5255.885900004387,19.152488831600394
dma_hardened2,xilinx_u280_xdma_201920_3,3,2,6,12288,512,Scatter,3223.338300000478,31.229516306118125,5226.940699998295,19.258549460879255
dma_hardened2,xilinx_u280_xdma_201920_3,3,2,6,12288,512,Scatter,3226.644899996245,31.19751293367211,5152.761599998712,19.535795329639384
dma_hardened2,xilinx_u280_xdma_201920_3,3,2,6,12288,512,Scatter,3207.380800000692,31.384890749479535,5222.594599996455,19.27457589759472
dma_hardened2,xilinx_u280_xdma_201920_3,3,2,6,12288,512,Scatter,3182.6576000014484,31.628691694624703,5224.12079999981,19.2689449294518
dma_hardened2,xilinx_u280_xdma_201920_3,3,2,6,12288,512,Scatter,3216.0883999949874,31.299915761070775,5105.550500002209,19.716443114206086
dma_hardened2,xilinx_u280_xdma_201920_3,3,2,6,12288,512,Scatter,3232.855699997117,31.13757783871695,5172.8887000024315,19.459783853449753
dma_hardened2,xilinx_u280_xdma_201920_3,3,2,6,12288,512,Scatter,3197.6905999954397,31.47999872162227,5179.32839999844,19.43558859871298
dma_hardened2,xilinx_u280_xdma_201920_3,3,2,6,12288,512,Scatter,3222.0357999960925,31.24214076085749,5256.51659999653,19.15019083171286
dma_hardened2,xilinx_u280_xdma_201920_3,3,2,6,12288,512,Scatter,3276.8132999990485,30.719875313015006,5137.89089999932,19.592338171293854
dma_hardened2,xilinx_u280_xdma_201920_3,3,2,6,12288,512,Scatter,3207.749800003512,31.381280422771688,5256.570799997462,19.14999337591888
dma_hardened2,xilinx_u280_xdma_201920_3,3,2,6,12288,512,Scatter,3222.1467999988818,31.241064497755016,5180.661000002829,19.430589262633674
dma_hardened2,xilinx_u280_xdma_201920_3,3,2,6,12288,512,Scatter,3234.7677000018393,31.119173101655107,5195.464199999833,19.37522656782107
dma_hardened2,xilinx_u280_xdma_201920_3,3,2,6,12288,512,Scatter,3219.080799999574,31.270819918534915,5184.6190999981445,19.41575534450275
dma_hardened2,xilinx_u280_xdma_201920_3,3,2,6,12288,512,Scatter,3224.4023999965066,31.219210108548815,5290.10600000106,19.028597158540837
dma_hardened2,xilinx_u280_xdma_201920_3,3,2,6,12288,512,Scatter,3216.412099993704,31.29676573477542,5188.564400009454,19.400991919810533
dma_hardened2,xilinx_u280_xdma_201920_3,3,2,6,24576,512,Scatter,6061.7720999971425,33.21249771169967,9679.369800005588,20.79955577272022
dma_hardened2,xilinx_u280_xdma_201920_3,3,2,6,24576,512,Scatter,6043.429900000774,33.31329978692633,9535.373699998217,21.113655147048682
dma_hardened2,xilinx_u280_xdma_201920_3,3,2,6,24576,512,Scatter,6076.986700009002,33.129345502714656,9492.890199999238,21.208145017838316
dma_hardened2,xilinx_u280_xdma_201920_3,3,2,6,24576,512,Scatter,5988.662999993721,33.61795312246007,9615.264700005355,20.93822669280107
dma_hardened2,xilinx_u280_xdma_201920_3,3,2,6,24576,512,Scatter,6058.184500000152,33.23216584110222,9632.758800000829,20.90020067771059
dma_hardened2,xilinx_u280_xdma_201920_3,3,2,6,24576,512,Scatter,6079.603700004554,33.11508478749185,9567.541499995968,21.04266723066577
dma_hardened2,xilinx_u280_xdma_201920_3,3,2,6,24576,512,Scatter,6066.358999999011,33.18738505255505,9506.871799999317,21.17695454776349
dma_hardened2,xilinx_u280_xdma_201920_3,3,2,6,24576,512,Scatter,6059.302999994998,33.22603144291781,9545.352999998613,21.09158163140004
dma_hardened2,xilinx_u280_xdma_201920_3,3,2,6,24576,512,Scatter,6084.186199996111,33.09014309919191,9485.705399993094,21.224208797391768
dma_hardened2,xilinx_u280_xdma_201920_3,3,2,6,24576,512,Scatter,6077.748900008828,33.12519080867384,9522.309199996926,21.14262284195361
dma_hardened2,xilinx_u280_xdma_201920_3,3,2,6,24576,512,Scatter,6078.370500006258,33.1218032858959,9661.08659999918,20.83891805710727
dma_hardened2,xilinx_u280_xdma_201920_3,3,2,6,24576,512,Scatter,6050.183299998935,33.27611446086856,9548.840399997971,21.083878624680207
dma_hardened2,xilinx_u280_xdma_201920_3,3,2,6,24576,512,Scatter,6035.638699995616,33.35630278865868,9607.218899998315,20.955761921905964
dma_hardened2,xilinx_u280_xdma_201920_3,3,2,6,24576,512,Scatter,6053.150200000346,33.2598044568576,9558.702000003905,21.062126636013737
dma_hardened2,xilinx_u280_xdma_201920_3,3,2,6,24576,512,Scatter,6095.134299994243,33.030706476835164,9496.864400000504,21.199269940085625
dma_hardened2,xilinx_u280_xdma_201920_3,3,2,6,24576,512,Scatter,6081.349900000532,33.105576115589464,9464.179799999783,21.27248174215843
dma_hardened2,xilinx_u280_xdma_201920_3,3,2,6,24576,512,Scatter,6059.042699996553,33.227458852553475,9558.43989999039,21.062704176253956
dma_hardened2,xilinx_u280_xdma_201920_3,3,2,6,24576,512,Scatter,6093.69080000306,33.03853093430649,9522.222299995065,21.14281578997629
dma_hardened2,xilinx_u280_xdma_201920_3,3,2,6,24576,512,Scatter,6093.026399992141,33.042133544712634,9474.416299997301,21.24949818808968
dma_hardened2,xilinx_u280_xdma_201920_3,3,2,6,24576,512,Scatter,6071.476499994333,33.15941221220043,9557.525399998212,21.064719535041743
experiment,board_instance,number of nodes,rank id,number of banks,buffer size[KB],segment_size[KB],collective name,execution_time[us],throughput[Gbps],execution_time_fullpath[us],throughput_fullpath[Gbps]
dma_hardened2,xilinx_u280_xdma_201920_3,3,2,6,1,512,Gather,194.3934999985686,0.0421413267422024,324.6895000074801,0.02523025844633496
dma_hardened2,xilinx_u280_xdma_201920_3,3,2,6,1,512,Gather,209.2387999937273,0.03915143845331547,323.80259999627015,0.025299364489643886
dma_hardened2,xilinx_u280_xdma_201920_3,3,2,6,1,512,Gather,218.89159999091135,0.03742491717516863,312.1688999954131,0.026242204140516145
dma_hardened2,xilinx_u280_xdma_201920_3,3,2,6,1,512,Gather,183.7109000007331,0.044591801575014384,333.1238999976449,0.024591450808716858
dma_hardened2,xilinx_u280_xdma_201920_3,3,2,6,1,512,Gather,195.69559999581543,0.04186093095693092,350.66179999603264,0.02336154094940676
dma_hardened2,xilinx_u280_xdma_201920_3,3,2,6,1,512,Gather,194.96979999757968,0.04201676362237482,338.07229999638366,0.02423150314322596
dma_hardened2,xilinx_u280_xdma_201920_3,3,2,6,1,512,Gather,190.52719999308465,0.042996485542732665,342.50830000246424,0.023917668564356138
dma_hardened2,xilinx_u280_xdma_201920_3,3,2,6,1,512,Gather,230.1649999935762,0.035591858015895705,339.47770000395394,0.024131187409083384
dma_hardened2,xilinx_u280_xdma_201920_3,3,2,6,1,512,Gather,186.28679999892483,0.043975203825752984,341.2834999949155,0.024003504418238935
dma_hardened2,xilinx_u280_xdma_201920_3,3,2,6,1,512,Gather,187.81149999540503,0.04361820229432396,378.4203999998681,0.021647881562418026
dma_hardened2,xilinx_u280_xdma_201920_3,3,2,6,1,512,Gather,191.1754999923687,0.042850679089773566,328.0550999988918,0.024971414863014393
dma_hardened2,xilinx_u280_xdma_201920_3,3,2,6,1,512,Gather,185.89759999940725,0.04406727144420434,376.1215000054108,0.021780196026768353
dma_hardened2,xilinx_u280_xdma_201920_3,3,2,6,1,512,Gather,180.77559999483128,0.04531585014921386,323.404899995694,0.025330475821822962
dma_hardened2,xilinx_u280_xdma_201920_3,3,2,6,1,512,Gather,192.9671000084454,0.04245283263126962,315.2698999997483,0.025984085382101303
dma_hardened2,xilinx_u280_xdma_201920_3,3,2,6,1,512,Gather,194.876699993074,0.04203683662690895,323.52910000099655,0.025320751672646344
dma_hardened2,xilinx_u280_xdma_201920_3,3,2,6,1,512,Gather,183.06260000144903,0.0447497194945071,324.30600000452614,0.02526009386161733
dma_hardened2,xilinx_u280_xdma_201920_3,3,2,6,1,512,Gather,193.03970000237314,0.042436866612926206,326.0549000060564,0.02512460324886341
dma_hardened2,xilinx_u280_xdma_201920_3,3,2,6,1,512,Gather,194.96189999017588,0.042018466174225805,327.97999999729655,0.024977132752202952
dma_hardened2,xilinx_u280_xdma_201920_3,3,2,6,1,512,Gather,183.02839999932985,0.04475808125968426,324.3582999971295,0.02525602088823532
dma_hardened2,xilinx_u280_xdma_201920_3,3,2,6,1,512,Gather,199.41379999863784,0.041080406672236114,325.07710000118095,0.02520017558902254
dma_hardened2,xilinx_u280_xdma_201920_3,3,2,6,6,512,Gather,189.63600000461156,0.25919129278620473,357.74709999714105,0.13739314728307456
dma_hardened2,xilinx_u280_xdma_201920_3,3,2,6,6,512,Gather,190.90160000132528,0.2574729598895912,354.7550999996929,0.13855191933827746
dma_hardened2,xilinx_u280_xdma_201920_3,3,2,6,6,512,Gather,202.3345999987214,0.24292434413249442,330.8747999994921,0.14855165760606565
dma_hardened2,xilinx_u280_xdma_201920_3,3,2,6,6,512,Gather,190.188900000976,0.2584377952643281,390.6608999955097,0.12581755686470023
dma_hardened2,xilinx_u280_xdma_201920_3,3,2,6,6,512,Gather,182.62959999901796,0.26913490474854185,356.18229999272444,0.13799675054320218
dma_hardened2,xilinx_u280_xdma_201920_3,3,2,6,6,512,Gather,203.54810000071666,0.24147609336479656,346.07740000183185,0.1420260323261208
dma_hardened2,xilinx_u280_xdma_201920_3,3,2,6,6,512,Gather,195.41140000001178,0.25153087281497927,366.96509999956106,0.13394189256705552
dma_hardened2,xilinx_u280_xdma_201920_3,3,2,6,6,512,Gather,182.1150000068883,0.26989539575620286,383.31800000150906,0.12822773780465957
dma_hardened2,xilinx_u280_xdma_201920_3,3,2,6,6,512,Gather,205.4455000006783,0.23924593140194222,338.6673000022711,0.145133586855508
dma_hardened2,xilinx_u280_xdma_201920_3,3,2,6,6,512,Gather,196.64170000623926,0.24995715556995515,339.4345999936377,0.14480550892843955
dma_hardened2,xilinx_u280_xdma_201920_3,3,2,6,6,512,Gather,186.08210000365943,0.26414147303278174,346.5027000061127,0.141851708512323
dma_hardened2,xilinx_u280_xdma_201920_3,3,2,6,6,512,Gather,222.96050000250034,0.22045160465395797,333.6778000061713,0.14730377627487037
dma_hardened2,xilinx_u280_xdma_201920_3,3,2,6,6,512,Gather,182.22410000134914,0.2697338057898823,321.3936000065587,0.1529339725464258
dma_hardened2,xilinx_u280_xdma_201920_3,3,2,6,6,512,Gather,186.52229999815972,0.26351808872443105,367.91690000654853,0.13359538525989198
dma_hardened2,xilinx_u280_xdma_201920_3,3,2,6,6,512,Gather,209.0016000011019,0.23517523310702337,308.91399999291025,0.15911224483554667
dma_hardened2,xilinx_u280_xdma_201920_3,3,2,6,6,512,Gather,190.29439999940223,0.25829451628715505,354.7474000015427,0.13855492668807792
dma_hardened2,xilinx_u280_xdma_201920_3,3,2,6,6,512,Gather,182.6520999998138,0.26910175136256365,339.6461999955136,0.1447152949176209
dma_hardened2,xilinx_u280_xdma_201920_3,3,2,6,6,512,Gather,196.7147999948793,0.24986427051385804,339.33749999732754,0.1448469444148881
dma_hardened2,xilinx_u280_xdma_201920_3,3,2,6,6,512,Gather,181.7900999981248,0.2703777598477971,389.3715999993219,0.126234168080275
dma_hardened2,xilinx_u280_xdma_201920_3,3,2,6,6,512,Gather,184.26659999022377,0.26674394601413254,323.99550000263844,0.1517058107276173
dma_hardened2,xilinx_u280_xdma_201920_3,3,2,6,12,512,Gather,205.3659000011976,0.4786773266614698,363.6003999986315,0.27036273887589235
dma_hardened2,xilinx_u280_xdma_201920_3,3,2,6,12,512,Gather,190.87599999920712,0.5150149835516689,345.9341000052518,0.2841697305888827
dma_hardened2,xilinx_u280_xdma_201920_3,3,2,6,12,512,Gather,177.72219999869776,0.5531329231841622,320.19929999478336,0.30700879109230267
dma_hardened2,xilinx_u280_xdma_201920_3,3,2,6,12,512,Gather,201.85250000395172,0.4870090784016818,322.9579999924681,0.3043863288795837
dma_hardened2,xilinx_u280_xdma_201920_3,3,2,6,12,512,Gather,191.14550000267627,0.5142888532485652,366.8598000103884,0.26796067597817014
dma_hardened2,xilinx_u280_xdma_201920_3,3,2,6,12,512,Gather,186.21080000684742,0.5279178221477225,321.80890000290674,0.30547321717675324
dma_hardened2,xilinx_u280_xdma_201920_3,3,2,6,12,512,Gather,201.77650000050562,0.48719251250643,344.572500000595,0.2852926452338194
dma_hardened2,xilinx_u280_xdma_201920_3,3,2,6,12,512,Gather,187.67650000199865,0.5237949343628697,390.9152999995058,0.2514713545367098
dma_hardened2,xilinx_u280_xdma_201920_3,3,2,6,12,512,Gather,183.99390000922722,0.5342785820348941,369.80229999699077,0.26582852513572774
dma_hardened2,xilinx_u280_xdma_201920_3,3,2,6,12,512,Gather,192.13049999962095,0.5116522363716013,338.9318000017738,0.290040651244544
dma_hardened2,xilinx_u280_xdma_201920_3,3,2,6,12,512,Gather,186.46830000079717,0.5271888036710783,342.88660000356685,0.28669536808664264
dma_hardened2,xilinx_u280_xdma_201920_3,3,2,6,12,512,Gather,193.26139999975567,0.5086582214561433,313.62029999399965,0.3134490975293398
dma_hardened2,xilinx_u280_xdma_201920_3,3,2,6,12,512,Gather,197.19159998885516,0.4985202209706495,311.1459000024297,0.315941813789712
dma_hardened2,xilinx_u280_xdma_201920_3,3,2,6,12,512,Gather,193.2269000008091,0.5087490406335162,354.6768999967753,0.2771649351871908
dma_hardened2,xilinx_u280_xdma_201920_3,3,2,6,12,512,Gather,171.9346000072619,0.571752282529799,285.9479999983705,0.3437827856832717
dma_hardened2,xilinx_u280_xdma_201920_3,3,2,6,12,512,Gather,184.85040000086883,0.5318030147597081,292.38719999966634,0.3362117083104602
dma_hardened2,xilinx_u280_xdma_201920_3,3,2,6,12,512,Gather,176.51030000251922,0.5569306720264878,328.154299995731,0.2995663930086513
dma_hardened2,xilinx_u280_xdma_201920_3,3,2,6,12,512,Gather,170.75840000870812,0.5756905662912444,297.25729999654504,0.3307034007277283
dma_hardened2,xilinx_u280_xdma_201920_3,3,2,6,12,512,Gather,186.75720000373985,0.5263732803770427,326.951400006692,0.3006685397217688
dma_hardened2,xilinx_u280_xdma_201920_3,3,2,6,12,512,Gather,179.76159999761876,0.5468576158718114,347.77399999939007,0.2826663292833058
dma_hardened2,xilinx_u280_xdma_201920_3,3,2,6,24,512,Gather,171.6697999995631,1.1452684164628861,318.17790001014146,0.617918466347705
dma_hardened2,xilinx_u280_xdma_201920_3,3,2,6,24,512,Gather,183.85079999916343,1.069388874026627,329.26970000062283,0.5971032257132317
dma_hardened2,xilinx_u280_xdma_201920_3,3,2,6,24,512,Gather,181.91979999073737,1.080739974483319,319.1184999991492,0.6160971551336702
dma_hardened2,xilinx_u280_xdma_201920_3,3,2,6,24,512,Gather,181.09530000174345,1.0856604229823037,308.8211999966006,0.6366402306647477
dma_hardened2,xilinx_u280_xdma_201920_3,3,2,6,24,512,Gather,191.37919999820951,1.027321673420306,301.1002999983248,0.6529651415195995
dma_hardened2,xilinx_u280_xdma_201920_3,3,2,6,24,512,Gather,175.98309999584671,1.1171981855339521,330.4848999960086,0.594907664472339
dma_hardened2,xilinx_u280_xdma_201920_3,3,2,6,24,512,Gather,177.6482999957807,1.106726042437049,295.3270000034536,0.6657298519867836
dma_hardened2,xilinx_u280_xdma_201920_3,3,2,6,24,512,Gather,181.84550000341915,1.0811815524514121,329.99750000044514,0.5957863317138304
dma_hardened2,xilinx_u280_xdma_201920_3,3,2,6,24,512,Gather,186.48400000529364,1.0542888397632986,305.3560000012112,0.6438648659244297
dma_hardened2,xilinx_u280_xdma_201920_3,3,2,6,24,512,Gather,186.23480000314885,1.0556995792229795,291.75290000011955,0.6738853324162996
dma_hardened2,xilinx_u280_xdma_201920_3,3,2,6,24,512,Gather,188.42409999706433,1.043433403705063,302.54729999796837,0.6498421899693709
dma_hardened2,xilinx_u280_xdma_201920_3,3,2,6,24,512,Gather,192.85449999415505,1.0194628593367472,329.2751000003591,0.5970934334232548
dma_hardened2,xilinx_u280_xdma_201920_3,3,2,6,24,512,Gather,178.4705999966718,1.101626822589639,287.21740000037244,0.6845267730985137
dma_hardened2,xilinx_u280_xdma_201920_3,3,2,6,24,512,Gather,193.18780000503466,1.017704016479696,288.49619999391507,0.6814925118741489
dma_hardened2,xilinx_u280_xdma_201920_3,3,2,6,24,512,Gather,177.3024000044643,1.1088851588870179,339.27630000789577,0.5794922898988949
dma_hardened2,xilinx_u280_xdma_201920_3,3,2,6,24,512,Gather,176.5848999980335,1.1133907825764802,304.32649999738715,0.6460429834460292
dma_hardened2,xilinx_u280_xdma_201920_3,3,2,6,24,512,Gather,191.23110000691668,1.0281172884164178,329.5234999995955,0.5966433349980846
dma_hardened2,xilinx_u280_xdma_201920_3,3,2,6,24,512,Gather,177.13849999836384,1.1099111712124468,290.15850000178034,0.6775882836408158
dma_hardened2,xilinx_u280_xdma_201920_3,3,2,6,24,512,Gather,174.74090000177966,1.1251401360414055,343.308200001502,0.572686583073576
dma_hardened2,xilinx_u280_xdma_201920_3,3,2,6,24,512,Gather,187.97960000256353,1.045900725383599,302.91099999431026,0.6490619356962705
dma_hardened2,xilinx_u280_xdma_201920_3,3,2,6,48,512,Gather,193.81900000325913,2.0287794281953158,313.58159999399504,1.2539511247073487
dma_hardened2,xilinx_u280_xdma_201920_3,3,2,6,48,512,Gather,173.96810000036567,2.260276452977146,319.44840000051045,1.2309218014532917
dma_hardened2,xilinx_u280_xdma_201920_3,3,2,6,48,512,Gather,193.5316999947645,2.0317911743173727,301.03689999805283,1.3062053190241574
dma_hardened2,xilinx_u280_xdma_201920_3,3,2,6,48,512,Gather,181.8470999978672,2.1623440791995687,336.3900000067588,1.168928921763725
dma_hardened2,xilinx_u280_xdma_201920_3,3,2,6,48,512,Gather,178.56709999932718,2.202062978014884,300.42979999507224,1.308844861616423
dma_hardened2,xilinx_u280_xdma_201920_3,3,2,6,48,512,Gather,195.5409999936819,2.010913312362651,298.7777999919672,1.3160817169500942
dma_hardened2,xilinx_u280_xdma_201920_3,3,2,6,48,512,Gather,187.29380000195306,2.0994608470536646,318.3713999987958,1.2350858148737207
dma_hardened2,xilinx_u280_xdma_201920_3,3,2,6,48,512,Gather,172.26569999593266,2.2826134280317216,314.8023999983707,1.2490883169951537
dma_hardened2,xilinx_u280_xdma_201920_3,3,2,6,48,512,Gather,189.72670000039216,2.072539078575589,290.35380000550504,1.3542650380072336
dma_hardened2,xilinx_u280_xdma_201920_3,3,2,6,48,512,Gather,178.82480000253054,2.198889639437235,353.4983999998076,1.1123558126436046
dma_hardened2,xilinx_u280_xdma_201920_3,3,2,6,48,512,Gather,172.62249999703272,2.277895407648245,326.2567999968269,1.205234649527073
dma_hardened2,xilinx_u280_xdma_201920_3,3,2,6,48,512,Gather,184.69169999661972,2.129039908166944,312.04370000068593,1.2601311931602388
dma_hardened2,xilinx_u280_xdma_201920_3,3,2,6,48,512,Gather,190.3579999975591,2.0656657456216294,339.74180000768683,1.1573965876177241
dma_hardened2,xilinx_u280_xdma_201920_3,3,2,6,48,512,Gather,183.63519999411437,2.141288816156177,302.78239999006473,1.2986752202667746
dma_hardened2,xilinx_u280_xdma_201920_3,3,2,6,48,512,Gather,188.5355000013078,2.085633740050401,305.56640000440893,1.2868430560242436
dma_hardened2,xilinx_u280_xdma_201920_3,3,2,6,48,512,Gather,183.39520000836274,2.144091012098842,303.27380000017,1.2965709533753973
dma_hardened2,xilinx_u280_xdma_201920_3,3,2,6,48,512,Gather,182.68499999294363,2.1524263076617585,289.6648000046298,1.3574863082905315
dma_hardened2,xilinx_u280_xdma_201920_3,3,2,6,48,512,Gather,181.61369999916133,2.1651230055982333,323.76550000208226,1.2145086489989547
dma_hardened2,xilinx_u280_xdma_201920_3,3,2,6,48,512,Gather,190.09380000625242,2.0685366907656464,303.8840999920467,1.293967009166624
dma_hardened2,xilinx_u280_xdma_201920_3,3,2,6,48,512,Gather,174.37500000596629,2.255002150460479,321.94430000345164,1.2213789776547814
dma_hardened2,xilinx_u280_xdma_201920_3,3,2,6,96,512,Gather,203.85930000657027,3.8577195152472994,339.3168999991758,2.3176918096384536
dma_hardened2,xilinx_u280_xdma_201920_3,3,2,6,96,512,Gather,188.69680000079825,4.167701837003452,359.36100000526494,2.1884177748516898
dma_hardened2,xilinx_u280_xdma_201920_3,3,2,6,96,512,Gather,181.66679999467306,4.3289803091322145,332.7042000023539,2.3637573556162983
dma_hardened2,xilinx_u280_xdma_201920_3,3,2,6,96,512,Gather,194.19469999775174,4.049708874696914,314.1913999911594,2.5030347744149846
dma_hardened2,xilinx_u280_xdma_201920_3,3,2,6,96,512,Gather,190.57899999097572,4.126540699852759,348.84530000454106,2.2543861132420666
dma_hardened2,xilinx_u280_xdma_201920_3,3,2,6,96,512,Gather,184.75550000403018,4.2566094107230645,317.9726999974264,2.4732689315981067
dma_hardened2,xilinx_u280_xdma_201920_3,3,2,6,96,512,Gather,235.62229999924966,3.3376806864312267,336.87879999888537,2.334465689151713
dma_hardened2,xilinx_u280_xdma_201920_3,3,2,6,96,512,Gather,198.4539999966728,3.9627923852035485,393.093200000294,2.000624788216667
dma_hardened2,xilinx_u280_xdma_201920_3,3,2,6,96,512,Gather,221.55369999836694,3.549622506894702,348.80440000506496,2.2546504573582795
dma_hardened2,xilinx_u280_xdma_201920_3,3,2,6,96,512,Gather,201.92969999470733,3.89458311491877,311.76150000646885,2.522543675160923
dma_hardened2,xilinx_u280_xdma_201920_3,3,2,6,96,512,Gather,191.95400000171503,4.096981568464182,376.5000999919721,2.0887962580003796
dma_hardened2,xilinx_u280_xdma_201920_3,3,2,6,96,512,Gather,230.70910000342337,3.4087602092346185,304.9500999964039,2.578887496706097
dma_hardened2,xilinx_u280_xdma_201920_3,3,2,6,96,512,Gather,191.48899999663627,4.106930424274055,346.8464999969001,2.267377644021285
dma_hardened2,xilinx_u280_xdma_201920_3,3,2,6,96,512,Gather,187.80820000756648,4.187420996358604,347.8940000036346,2.260550627466366
dma_hardened2,xilinx_u280_xdma_201920_3,3,2,6,96,512,Gather,221.284100007324,3.5539471655395523,310.2294999962396,2.535000701124595
dma_hardened2,xilinx_u280_xdma_201920_3,3,2,6,96,512,Gather,233.35079999924346,3.3701705758135376,340.3674999958639,2.310537874531372
dma_hardened2,xilinx_u280_xdma_201920_3,3,2,6,96,512,Gather,226.8555999989985,3.466663375307781,342.52870000273106,2.2959594334539837
dma_hardened2,xilinx_u280_xdma_201920_3,3,2,6,96,512,Gather,195.5285000008189,4.022083737136563,357.54259999976057,2.199547690262717
dma_hardened2,xilinx_u280_xdma_201920_3,3,2,6,96,512,Gather,201.56819999783693,3.9015678068685404,334.7561000055066,2.3492686167244257
dma_hardened2,xilinx_u280_xdma_201920_3,3,2,6,96,512,Gather,195.97090000615935,4.013003971381886,381.46890000234634,2.061588769084879
dma_hardened2,xilinx_u280_xdma_201920_3,3,2,6,192,512,Gather,211.35119999371454,7.441944971435109,388.73270000294724,4.0461324709448805
dma_hardened2,xilinx_u280_xdma_201920_3,3,2,6,192,512,Gather,220.51729999930103,7.132610457342737,375.4383999989841,4.189406304747346
dma_hardened2,xilinx_u280_xdma_201920_3,3,2,6,192,512,Gather,212.2303999954056,7.411115467124642,399.96699999846896,3.9324844299805255
dma_hardened2,xilinx_u280_xdma_201920_3,3,2,6,192,512,Gather,214.56669999224687,7.330419865043521,381.8167999952493,4.119420622716365
dma_hardened2,xilinx_u280_xdma_201920_3,3,2,6,192,512,Gather,219.0439000059996,7.180588000656121,415.8862000053887,3.7819576604840943
dma_hardened2,xilinx_u280_xdma_201920_3,3,2,6,192,512,Gather,216.16650000169102,7.276169064067262,417.63170000876926,3.7661508931601064
dma_hardened2,xilinx_u280_xdma_201920_3,3,2,6,192,512,Gather,206.84379999238445,7.604114796082404,404.0336999992178,3.8929029930004484
dma_hardened2,xilinx_u280_xdma_201920_3,3,2,6,192,512,Gather,216.029700004583,7.280776670831059,370.0819000073352,4.250043030931328
dma_hardened2,xilinx_u280_xdma_201920_3,3,2,6,192,512,Gather,201.7782000052648,7.795014525647274,376.8523999951867,4.1736870987688794
dma_hardened2,xilinx_u280_xdma_201920_3,3,2,6,192,512,Gather,216.37939998981892,7.269009896847881,396.2447999924734,3.9694249616143256
dma_hardened2,xilinx_u280_xdma_201920_3,3,2,6,192,512,Gather,248.2604000078936,6.335541229894054,364.1039999934037,4.319820710644472
dma_hardened2,xilinx_u280_xdma_201920_3,3,2,6,192,512,Gather,218.35759999930815,7.203156656809671,414.841399992838,3.791482720931794
dma_hardened2,xilinx_u280_xdma_201920_3,3,2,6,192,512,Gather,202.82849999375685,7.754649864532911,369.84759999540984,4.252735451087206
dma_hardened2,xilinx_u280_xdma_201920_3,3,2,6,192,512,Gather,208.71869999155024,7.535807764535117,380.03779999371545,4.138704097397706
dma_hardened2,xilinx_u280_xdma_201920_3,3,2,6,192,512,Gather,215.4322000023967,7.30096986421947,392.71450000342156,4.005108036464903
dma_hardened2,xilinx_u280_xdma_201920_3,3,2,6,192,512,Gather,200.8474000035676,7.8311394619599834,419.4172999973489,3.750117126808889
dma_hardened2,xilinx_u280_xdma_201920_3,3,2,6,192,512,Gather,214.55969999806257,7.330659019444018,349.90530000413855,4.49511339205607
dma_hardened2,xilinx_u280_xdma_201920_3,3,2,6,192,512,Gather,207.0184999979574,7.597697790369068,437.9356000072221,3.591541770009247
dma_hardened2,xilinx_u280_xdma_201920_3,3,2,6,192,512,Gather,208.1403000033788,7.5567489812134765,421.39349999388287,3.732530283506586
dma_hardened2,xilinx_u280_xdma_201920_3,3,2,6,192,512,Gather,222.58399999373069,7.06638392716593,401.5890000005129,3.9166013013254624
dma_hardened2,xilinx_u280_xdma_201920_3,3,2,6,384,512,Gather,246.65680000452994,12.753461489576722,481.24259999440255,6.536678174452113
dma_hardened2,xilinx_u280_xdma_201920_3,3,2,6,384,512,Gather,247.2119999993083,12.724819183570384,448.9650999971673,7.006620336457885
dma_hardened2,xilinx_u280_xdma_201920_3,3,2,6,384,512,Gather,277.2414999981265,11.346526403951996,454.63449999942895,6.919246119693844
dma_hardened2,xilinx_u280_xdma_201920_3,3,2,6,384,512,Gather,245.43480000147608,12.816959942033815,482.1815000013885,6.52395000635848
dma_hardened2,xilinx_u280_xdma_201920_3,3,2,6,384,512,Gather,264.4311000040034,11.89621039262165,449.2395000056604,7.0023406222301565
dma_hardened2,xilinx_u280_xdma_201920_3,3,2,6,384,512,Gather,251.13909999845418,12.52583926604564,440.7167000067602,7.137755387875584
dma_hardened2,xilinx_u280_xdma_201920_3,3,2,6,384,512,Gather,248.43420000024707,12.662218003788816,474.24050000017814,6.633191387067993
dma_hardened2,xilinx_u280_xdma_201920_3,3,2,6,384,512,Gather,267.50310000807076,11.759594561353088,459.1776999973263,6.850785654482605
dma_hardened2,xilinx_u280_xdma_201920_3,3,2,6,384,512,Gather,257.79950000242025,12.202226924297634,455.05829999683556,6.912802161880962
dma_hardened2,xilinx_u280_xdma_201920_3,3,2,6,384,512,Gather,249.46379999164492,12.609957837992354,465.57519999623764,6.756648550063279
dma_hardened2,xilinx_u280_xdma_201920_3,3,2,6,384,512,Gather,243.82440000181305,12.901612799935563,489.85109999648563,6.421804503496203
dma_hardened2,xilinx_u280_xdma_201920_3,3,2,6,384,512,Gather,249.68669999907434,12.598700691753555,434.10560000438636,7.246458004615039
dma_hardened2,xilinx_u280_xdma_201920_3,3,2,6,384,512,Gather,266.5440999976454,11.801904450437242,453.12139999396095,6.942351431739761
dma_hardened2,xilinx_u280_xdma_201920_3,3,2,6,384,512,Gather,246.8183000019053,12.745116549201242,447.18840000541604,7.034457959915556
dma_hardened2,xilinx_u280_xdma_201920_3,3,2,6,384,512,Gather,248.93739999924946,12.636622701166978,426.7958000014005,7.370569251125895
dma_hardened2,xilinx_u280_xdma_201920_3,3,2,6,384,512,Gather,266.3233000021137,11.811689025988466,456.05020000039076,6.897766956351087
dma_hardened2,xilinx_u280_xdma_201920_3,3,2,6,384,512,Gather,242.1316999971168,12.991805699284553,490.2918000084355,6.416032248440373
dma_hardened2,xilinx_u280_xdma_201920_3,3,2,6,384,512,Gather,253.10329999683745,12.428632894313532,434.2253000004348,7.24446042180603
dma_hardened2,xilinx_u280_xdma_201920_3,3,2,6,384,512,Gather,245.44770000147767,12.816286320796902,451.02880000058576,6.9745612696925665
dma_hardened2,xilinx_u280_xdma_201920_3,3,2,6,384,512,Gather,264.02370000369046,11.914566760317465,437.42939999447117,7.1913959144944535
dma_hardened2,xilinx_u280_xdma_201920_3,3,2,6,768,512,Gather,370.24179999889384,16.99283009108857,625.640900000235,10.05601775714733
dma_hardened2,xilinx_u280_xdma_201920_3,3,2,6,768,512,Gather,383.5555000023305,16.402987312036387,600.7855999996536,10.472048597708778
dma_hardened2,xilinx_u280_xdma_201920_3,3,2,6,768,512,Gather,351.6509999940354,17.89119325725425,581.6920000029313,10.81578567346344
dma_hardened2,xilinx_u280_xdma_201920_3,3,2,6,768,512,Gather,374.05289999696834,16.81969582390884,615.785299999061,10.216963607298833
dma_hardened2,xilinx_u280_xdma_201920_3,3,2,6,768,512,Gather,347.60229999619696,18.099581044397098,600.170400002753,10.482782889611252
dma_hardened2,xilinx_u280_xdma_201920_3,3,2,6,768,512,Gather,351.5170000014223,17.89801346727056,603.792300000805,10.419901015616816
dma_hardened2,xilinx_u280_xdma_201920_3,3,2,6,768,512,Gather,388.95300000376665,16.175363089985353,615.0445999992371,10.229267926273646
dma_hardened2,xilinx_u280_xdma_201920_3,3,2,6,768,512,Gather,348.1458000010207,18.071325289523973,633.2544000088092,9.935116123808188
dma_hardened2,xilinx_u280_xdma_201920_3,3,2,6,768,512,Gather,376.4569999930245,16.71228320928174,583.5362999960125,10.78160176160933
dma_hardened2,xilinx_u280_xdma_201920_3,3,2,6,768,512,Gather,394.0074999945864,15.967858480070667,597.392800000307,10.53152297784099
dma_hardened2,xilinx_u280_xdma_201920_3,3,2,6,768,512,Gather,364.07979999921736,17.280431377993295,571.3632999913898,11.011305766567103
dma_hardened2,xilinx_u280_xdma_201920_3,3,2,6,768,512,Gather,336.70150000943977,18.685559760867157,571.260499998516,11.013287283150758
dma_hardened2,xilinx_u280_xdma_201920_3,3,2,6,768,512,Gather,403.7121000010302,15.584016431471698,618.6191999972834,10.170159607117963
dma_hardened2,xilinx_u280_xdma_201920_3,3,2,6,768,512,Gather,329.12770000166347,19.115546944144178,583.3704999986367,10.784666005591134
dma_hardened2,xilinx_u280_xdma_201920_3,3,2,6,768,512,Gather,359.7271999979057,17.489519836244323,563.0232000044089,11.174416968875766
dma_hardened2,xilinx_u280_xdma_201920_3,3,2,6,768,512,Gather,321.05559999990874,19.596157176519547,590.4841999949895,10.654740634979541
dma_hardened2,xilinx_u280_xdma_201920_3,3,2,6,768,512,Gather,329.30070000247724,19.1055044825373,611.3657000014427,10.290822661436767
dma_hardened2,xilinx_u280_xdma_201920_3,3,2,6,768,512,Gather,338.5568999988209,18.583156922874448,585.0162000001546,10.754327828867536
dma_hardened2,xilinx_u280_xdma_201920_3,3,2,6,768,512,Gather,364.41149999291156,17.26470212965941,574.3201999962366,10.954613820027967
dma_hardened2,xilinx_u280_xdma_201920_3,3,2,6,768,512,Gather,320.8411999935379,19.609252178731154,597.356100001889,10.53217000710314
dma_hardened2,xilinx_u280_xdma_201920_3,3,2,6,1536,512,Gather,540.8401999943635,23.265489510822487,883.2283999936408,14.24649841432929
dma_hardened2,xilinx_u280_xdma_201920_3,3,2,6,1536,512,Gather,558.7561999959689,22.51950313945649,861.5057999918463,14.605719427680103
dma_hardened2,xilinx_u280_xdma_201920_3,3,2,6,1536,512,Gather,561.7099999994934,22.401082409092496,927.9010000000198,13.560619074663926
dma_hardened2,xilinx_u280_xdma_201920_3,3,2,6,1536,512,Gather,554.8398999962956,22.67845553299972,891.6398999986086,14.112100636164483
dma_hardened2,xilinx_u280_xdma_201920_3,3,2,6,1536,512,Gather,548.6843000085173,22.932881439845595,890.201699996851,14.13489998956923
dma_hardened2,xilinx_u280_xdma_201920_3,3,2,6,1536,512,Gather,565.0693000006868,22.267909440461032,903.2811999986734,13.930226821966935
dma_hardened2,xilinx_u280_xdma_201920_3,3,2,6,1536,512,Gather,564.5861999937551,22.28696344356128,914.4100000071376,13.760689406176423
dma_hardened2,xilinx_u280_xdma_201920_3,3,2,6,1536,512,Gather,576.4935999991394,21.8266291247965,936.0668999988775,13.442321270002273
dma_hardened2,xilinx_u280_xdma_201920_3,3,2,6,1536,512,Gather,540.4145999932553,23.2838120956707,937.0654000008471,13.427997661623857
dma_hardened2,xilinx_u280_xdma_201920_3,3,2,6,1536,512,Gather,585.8742000100392,21.47715669982462,900.5494000007275,13.972483908145222
dma_hardened2,xilinx_u280_xdma_201920_3,3,2,6,1536,512,Gather,553.3439000032558,22.73976816212479,898.6380000010286,14.002203334363335
dma_hardened2,xilinx_u280_xdma_201920_3,3,2,6,1536,512,Gather,560.290900000382,22.457819679012136,900.3123999946183,13.976162052277871
dma_hardened2,xilinx_u280_xdma_201920_3,3,2,6,1536,512,Gather,562.6709000011942,22.36282700948866,917.3334000024624,13.716836212402407
dma_hardened2,xilinx_u280_xdma_201920_3,3,2,6,1536,512,Gather,546.2977999968643,23.03306365149599,866.2701999924138,14.52538942250373
dma_hardened2,xilinx_u280_xdma_201920_3,3,2,6,1536,512,Gather,546.7334999934792,23.01470826307529,917.4658000006275,13.714856728165119
dma_hardened2,xilinx_u280_xdma_201920_3,3,2,6,1536,512,Gather,565.0029999969775,22.270522457522024,911.2727999990966,13.808062744781227
dma_hardened2,xilinx_u280_xdma_201920_3,3,2,6,1536,512,Gather,552.7723000000151,22.7632824582557,855.204300000878,14.713340426360205
dma_hardened2,xilinx_u280_xdma_201920_3,3,2,6,1536,512,Gather,557.4843999966106,22.570877319753706,973.1113000043479,12.930598997199784
dma_hardened2,xilinx_u280_xdma_201920_3,3,2,6,1536,512,Gather,532.2034000073472,23.643050758086645,888.9563000025191,14.154702542705802
dma_hardened2,xilinx_u280_xdma_201920_3,3,2,6,1536,512,Gather,536.7664999994304,23.442059070402777,914.5333999981631,13.758832646271063
dma_hardened2,xilinx_u280_xdma_201920_3,3,2,6,3072,512,Gather,838.9726000018527,29.996002253165866,1489.6682000085093,16.89357670376279
dma_hardened2,xilinx_u280_xdma_201920_3,3,2,6,3072,512,Gather,798.9395999970839,31.499031966987058,1532.737200000156,16.418877286985296
dma_hardened2,xilinx_u280_xdma_201920_3,3,2,6,3072,512,Gather,795.5887999969491,31.631697178362124,1528.7098000044352,16.46213296985928
dma_hardened2,xilinx_u280_xdma_201920_3,3,2,6,3072,512,Gather,810.330999991038,31.056227640653418,1485.1298000053248,16.945201692074168
dma_hardened2,xilinx_u280_xdma_201920_3,3,2,6,3072,512,Gather,796.525600003406,31.594494891177874,1530.499700004384,16.442880714009885
dma_hardened2,xilinx_u280_xdma_201920_3,3,2,6,3072,512,Gather,798.6596000023383,31.510075130789538,1516.084000002138,16.59922801108943
dma_hardened2,xilinx_u280_xdma_201920_3,3,2,6,3072,512,Gather,814.499299997351,30.897293588934755,1508.1585000075393,16.68645835293452
dma_hardened2,xilinx_u280_xdma_201920_3,3,2,6,3072,512,Gather,791.0373999948206,31.813696798867888,1566.206500001499,16.068011465905624
dma_hardened2,xilinx_u280_xdma_201920_3,3,2,6,3072,512,Gather,812.1196000047348,30.98782987118311,1509.7491999995327,16.66887718834876
dma_hardened2,xilinx_u280_xdma_201920_3,3,2,6,3072,512,Gather,818.6617000092156,30.74019952285139,1518.5251000048083,16.572543976994726
dma_hardened2,xilinx_u280_xdma_201920_3,3,2,6,3072,512,Gather,799.0672999994786,31.49399806501458,1545.596099992963,16.282277109857212
dma_hardened2,xilinx_u280_xdma_201920_3,3,2,6,3072,512,Gather,832.0492000052582,30.245596053503764,1521.547900006226,16.539619948801494
dma_hardened2,xilinx_u280_xdma_201920_3,3,2,6,3072,512,Gather,808.810099999846,31.114626288673687,1486.4355999975487,16.930315716363026
dma_hardened2,xilinx_u280_xdma_201920_3,3,2,6,3072,512,Gather,824.702999989313,30.51501449652313,1496.9761999964248,16.811104946130808
dma_hardened2,xilinx_u280_xdma_201920_3,3,2,6,3072,512,Gather,802.9410000062853,31.34205875625109,1524.9930000095446,16.50225542008553
dma_hardened2,xilinx_u280_xdma_201920_3,3,2,6,3072,512,Gather,815.7229999937954,30.850943273870442,1569.055299989941,16.038838146852655
dma_hardened2,xilinx_u280_xdma_201920_3,3,2,6,3072,512,Gather,818.7621000047329,30.736430032428864,1505.3993000037735,16.71704244843007
dma_hardened2,xilinx_u280_xdma_201920_3,3,2,6,3072,512,Gather,808.3646999921257,31.131770103574716,1548.9860999991834,16.246642884667118
dma_hardened2,xilinx_u280_xdma_201920_3,3,2,6,3072,512,Gather,822.6554999964719,30.59096304602343,1515.8554999970875,16.601730178139242
dma_hardened2,xilinx_u280_xdma_201920_3,3,2,6,3072,512,Gather,820.305999991433,30.678580920123494,1493.8605999986976,16.846166235338117
dma_hardened2,xilinx_u280_xdma_201920_3,3,2,6,6144,512,Gather,1358.4121999997478,37.05182270890187,2479.1418999939197,20.30204402584759
dma_hardened2,xilinx_u280_xdma_201920_3,3,2,6,6144,512,Gather,1386.7968999988989,36.293452920207685,2460.022699995079,20.459830716237164
dma_hardened2,xilinx_u280_xdma_201920_3,3,2,6,6144,512,Gather,1331.785500008209,37.792608494152965,2492.883399997936,20.19013324090556
dma_hardened2,xilinx_u280_xdma_201920_3,3,2,6,6144,512,Gather,1313.0960000012237,38.330516580625556,2504.911500000162,20.093184130456002
dma_hardened2,xilinx_u280_xdma_201920_3,3,2,6,6144,512,Gather,1352.2158999990097,37.22160640178603,2524.108599993724,19.940365481946834
dma_hardened2,xilinx_u280_xdma_201920_3,3,2,6,6144,512,Gather,1357.1834000003946,37.08536959705326,2544.9273999925026,19.777243154420937
dma_hardened2,xilinx_u280_xdma_201920_3,3,2,6,6144,512,Gather,1394.1423999995095,36.102228868455406,2520.2842999988206,19.970623155500174
dma_hardened2,xilinx_u280_xdma_201920_3,3,2,6,6144,512,Gather,1358.2777000010537,37.05549167151971,2557.7033999979903,19.67845372533795
dma_hardened2,xilinx_u280_xdma_201920_3,3,2,6,6144,512,Gather,1411.382899993896,35.66122843079484,2622.665599994889,19.19102763238214
dma_hardened2,xilinx_u280_xdma_201920_3,3,2,6,6144,512,Gather,1373.9335999957802,36.63324632293335,2517.7457000040704,19.990759193797302
dma_hardened2,xilinx_u280_xdma_201920_3,3,2,6,6144,512,Gather,1386.7236000010053,36.295371334246795,2522.5182999975004,19.952936714096335
dma_hardened2,xilinx_u280_xdma_201920_3,3,2,6,6144,512,Gather,1348.7917000020389,37.31610151509971,2569.9897000095007,19.584377322529324
dma_hardened2,xilinx_u280_xdma_201920_3,3,2,6,6144,512,Gather,1365.5782999990151,36.85738708650855,2522.5363999993533,19.95279354542234
dma_hardened2,xilinx_u280_xdma_201920_3,3,2,6,6144,512,Gather,1358.8349999963611,37.04029407553882,2558.547700004965,19.67195999507937
dma_hardened2,xilinx_u280_xdma_201920_3,3,2,6,6144,512,Gather,1364.0424999948664,36.8988854820795,2511.0001000030024,20.04446276204442
dma_hardened2,xilinx_u280_xdma_201920_3,3,2,6,6144,512,Gather,1378.3712000076775,36.515307342259945,2486.2876999918626,20.243694243495927
dma_hardened2,xilinx_u280_xdma_201920_3,3,2,6,6144,512,Gather,1361.6946999945867,36.96250561906431,2569.0406000080657,19.591612526420164
dma_hardened2,xilinx_u280_xdma_201920_3,3,2,6,6144,512,Gather,1353.2833999988725,37.19224517203265,2509.3716000014865,20.057470962040927
dma_hardened2,xilinx_u280_xdma_201920_3,3,2,6,6144,512,Gather,1391.1303000099906,36.180398054473066,2595.191699992938,19.394192729630326
dma_hardened2,xilinx_u280_xdma_201920_3,3,2,6,6144,512,Gather,1363.2986999937202,36.919017087181146,2519.4525000074464,19.977216478521125
dma_hardened2,xilinx_u280_xdma_201920_3,3,2,6,12288,512,Gather,2522.531199997502,39.90566935310837,4400.533299997278,22.875249234010404
dma_hardened2,xilinx_u280_xdma_201920_3,3,2,6,12288,512,Gather,2506.284499997946,40.16435324883607,4386.156099997152,22.950231069082417
dma_hardened2,xilinx_u280_xdma_201920_3,3,2,6,12288,512,Gather,2528.224599996065,39.81580433959731,4387.9133000018555,22.941040334583963
dma_hardened2,xilinx_u280_xdma_201920_3,3,2,6,12288,512,Gather,2499.824400001671,40.268146834606746,4299.423200006913,23.413209474200663
dma_hardened2,xilinx_u280_xdma_201920_3,3,2,6,12288,512,Gather,2525.652400004219,39.85635394634346,4390.148300001329,22.929361178976468
dma_hardened2,xilinx_u280_xdma_201920_3,3,2,6,12288,512,Gather,2497.242599997662,40.309778473302615,4382.939900006022,22.967071941794522
dma_hardened2,xilinx_u280_xdma_201920_3,3,2,6,12288,512,Gather,2489.2222000062247,40.43965862097336,4336.957600003188,23.21057877068616
dma_hardened2,xilinx_u280_xdma_201920_3,3,2,6,12288,512,Gather,2533.024599995315,39.74035467329697,4392.058600001292,22.919388188484188
dma_hardened2,xilinx_u280_xdma_201920_3,3,2,6,12288,512,Gather,2517.0903999992333,39.991927187053214,4331.553800000165,23.239534967797503
dma_hardened2,xilinx_u280_xdma_201920_3,3,2,6,12288,512,Gather,2529.26309999566,39.79945621322381,4357.251999999789,23.10247284297646
dma_hardened2,xilinx_u280_xdma_201920_3,3,2,6,12288,512,Gather,2519.4434000013644,39.954577268910064,4395.626400003039,22.900785198653466
dma_hardened2,xilinx_u280_xdma_201920_3,3,2,6,12288,512,Gather,2498.238499993022,40.293709347718874,4348.496099999011,23.148990751083552
dma_hardened2,xilinx_u280_xdma_201920_3,3,2,6,12288,512,Gather,2533.9497000004485,39.72584617602401,4351.270600000134,23.134230263683644
dma_hardened2,xilinx_u280_xdma_201920_3,3,2,6,12288,512,Gather,2505.513300002349,40.176715884886995,4344.172700007221,23.172029049359082
dma_hardened2,xilinx_u280_xdma_201920_3,3,2,6,12288,512,Gather,2538.003100005426,39.66240072747933,4408.112099997652,22.835920166379985
dma_hardened2,xilinx_u280_xdma_201920_3,3,2,6,12288,512,Gather,2527.746699990985,39.82333198194226,4335.677000005944,23.21743432452694
dma_hardened2,xilinx_u280_xdma_201920_3,3,2,6,12288,512,Gather,2512.020999995457,40.07263315083037,4363.38549999391,23.06999828462108
dma_hardened2,xilinx_u280_xdma_201920_3,3,2,6,12288,512,Gather,2518.613999995978,39.96773463506546,4344.275999994807,23.17147805528938
dma_hardened2,xilinx_u280_xdma_201920_3,3,2,6,12288,512,Gather,2514.2807999941397,40.03661643529817,4362.143299999843,23.076567888084654
dma_hardened2,xilinx_u280_xdma_201920_3,3,2,6,12288,512,Gather,2515.675300003295,40.01442316497211,4333.930000007058,23.2267932338169
dma_hardened2,xilinx_u280_xdma_201920_3,3,2,6,24576,512,Gather,4473.2791999990695,45.00648919925273,7711.140899994007,26.10853498995933
dma_hardened2,xilinx_u280_xdma_201920_3,3,2,6,24576,512,Gather,4470.91769999588,45.03026123701304,7722.1516000008705,26.07130789817404
dma_hardened2,xilinx_u280_xdma_201920_3,3,2,6,24576,512,Gather,4481.059500005813,44.92834607523931,7730.829599995559,26.042042370215437
dma_hardened2,xilinx_u280_xdma_201920_3,3,2,6,24576,512,Gather,4501.601699996627,44.72332414485956,7830.126000010296,25.71179467606719
dma_hardened2,xilinx_u280_xdma_201920_3,3,2,6,24576,512,Gather,4483.914900004038,44.899735273704394,7762.971700003618,25.93421691849091
dma_hardened2,xilinx_u280_xdma_201920_3,3,2,6,24576,512,Gather,4454.932800001643,45.19183589030249,7757.252299995798,25.953338142696357
dma_hardened2,xilinx_u280_xdma_201920_3,3,2,6,24576,512,Gather,4473.683300000175,45.00242384166803,7710.664699993686,26.11014741701385
dma_hardened2,xilinx_u280_xdma_201920_3,3,2,6,24576,512,Gather,4496.413499998653,44.774928284522844,7731.592199991155,26.039473732232064
dma_hardened2,xilinx_u280_xdma_201920_3,3,2,6,24576,512,Gather,4674.189599995771,43.071978081544266,7719.557600000826,26.080068629836827
dma_hardened2,xilinx_u280_xdma_201920_3,3,2,6,24576,512,Gather,4478.552499995203,44.95349602359594,7772.823899995274,25.901344812420415
dma_hardened2,xilinx_u280_xdma_201920_3,3,2,6,24576,512,Gather,4495.32080000381,44.78581194913372,7743.22800000391,26.000344042548967
dma_hardened2,xilinx_u280_xdma_201920_3,3,2,6,24576,512,Gather,4469.378399994639,45.04577012325506,7715.804199995091,26.092755438263723
dma_hardened2,xilinx_u280_xdma_201920_3,3,2,6,24576,512,Gather,4474.846400000843,44.99072683253711,7710.357900009512,26.1111863561809
dma_hardened2,xilinx_u280_xdma_201920_3,3,2,6,24576,512,Gather,4478.780099998403,44.95121160337204,7726.84499999059,26.055471799970775
dma_hardened2,xilinx_u280_xdma_201920_3,3,2,6,24576,512,Gather,4462.436200003594,45.115847706649085,7780.447100003585,25.875966947954346
dma_hardened2,xilinx_u280_xdma_201920_3,3,2,6,24576,512,Gather,4478.26790000363,44.95635287916492,7734.597099999974,26.029357366268076
dma_hardened2,xilinx_u280_xdma_201920_3,3,2,6,24576,512,Gather,4514.807600003223,44.59250755222798,7730.552099997112,26.04297718918099
dma_hardened2,xilinx_u280_xdma_201920_3,3,2,6,24576,512,Gather,4468.1561999937,45.058091747169414,7723.537399999714,26.066630039236614
dma_hardened2,xilinx_u280_xdma_201920_3,3,2,6,24576,512,Gather,4484.255600004872,44.89632392939004,7739.940800001932,26.01138654703273
dma_hardened2,xilinx_u280_xdma_201920_3,3,2,6,24576,512,Gather,4471.245900003851,45.02695590949865,7753.271499996117,25.966663491675845
experiment,board_instance,number of nodes,rank id,number of banks,buffer size[KB],segment_size[KB],collective name,execution_time[us],throughput[Gbps],execution_time_fullpath[us],throughput_fullpath[Gbps]
dma_hardened2,xilinx_u280_xdma_201920_3,3,2,6,1,512,Allgather,204.2046000042319,0.12034988437817117,375.77230000351847,0.06540130818522251
dma_hardened2,xilinx_u280_xdma_201920_3,3,2,6,1,512,Allgather,204.5529000042734,0.12014496005427727,305.4858999917087,0.08044888487706643
dma_hardened2,xilinx_u280_xdma_201920_3,3,2,6,1,512,Allgather,230.98009999102942,0.10639877634893422,375.221700005568,0.06549727800826902
dma_hardened2,xilinx_u280_xdma_201920_3,3,2,6,1,512,Allgather,192.93560000051002,0.1273792913279614,307.7518000054624,0.07985655973275799
dma_hardened2,xilinx_u280_xdma_201920_3,3,2,6,1,512,Allgather,214.0521000001172,0.11481316931712673,384.98100000197155,0.0638369166267274
dma_hardened2,xilinx_u280_xdma_201920_3,3,2,6,1,512,Allgather,201.15109999778724,0.12217681136354884,340.94390000518615,0.07208223992165917
dma_hardened2,xilinx_u280_xdma_201920_3,3,2,6,1,512,Allgather,196.8648000001849,0.12483694393297794,358.2768000001124,0.0685950081054433
dma_hardened2,xilinx_u280_xdma_201920_3,3,2,6,1,512,Allgather,202.3280999992494,0.1214660741641481,299.91339999924094,0.08194365440177798
dma_hardened2,xilinx_u280_xdma_201920_3,3,2,6,1,512,Allgather,211.89590000858516,0.11598147958032355,375.8008999966478,0.0653963308768532
dma_hardened2,xilinx_u280_xdma_201920_3,3,2,6,1,512,Allgather,199.81069999630563,0.1229964161101202,322.54660000035074,0.07619364147683862
dma_hardened2,xilinx_u280_xdma_201920_3,3,2,6,1,512,Allgather,213.46290000110457,0.11513007646702463,370.78829999472873,0.06628040852515946
dma_hardened2,xilinx_u280_xdma_201920_3,3,2,6,1,512,Allgather,203.02939999510272,0.12104650853813684,339.5855999997366,0.07237055988245397
dma_hardened2,xilinx_u280_xdma_201920_3,3,2,6,1,512,Allgather,197.0012000015231,0.12475050913299002,383.8744999939081,0.06402092350596356
dma_hardened2,xilinx_u280_xdma_201920_3,3,2,6,1,512,Allgather,213.9296999985163,0.11487885973836473,299.74929999525557,0.08198851507039046
dma_hardened2,xilinx_u280_xdma_201920_3,3,2,6,1,512,Allgather,205.53009999275673,0.11957372667490604,363.2842999991226,0.06764949655148696
dma_hardened2,xilinx_u280_xdma_201920_3,3,2,6,1,512,Allgather,195.33970000793488,0.12581159896836996,295.13949999682154,0.08326909817311702
dma_hardened2,xilinx_u280_xdma_201920_3,3,2,6,1,512,Allgather,208.61019999074415,0.11780823756983319,308.08269999624827,0.07977078881838962
dma_hardened2,xilinx_u280_xdma_201920_3,3,2,6,1,512,Allgather,203.38049999963914,0.1208375434225189,322.8909000085878,0.07611239585676266
dma_hardened2,xilinx_u280_xdma_201920_3,3,2,6,1,512,Allgather,195.77870000375697,0.1255294881390488,324.763300000086,0.07567357518535343
dma_hardened2,xilinx_u280_xdma_201920_3,3,2,6,1,512,Allgather,201.52920000100494,0.12194758873591247,306.6262000061215,0.08014970670969852
dma_hardened2,xilinx_u280_xdma_201920_3,3,2,6,6,512,Allgather,184.5253000055891,0.7991099323265357,290.03869999542076,0.5084011202723226
dma_hardened2,xilinx_u280_xdma_201920_3,3,2,6,6,512,Allgather,182.2758999992402,0.8089714548144579,304.97760000116614,0.48349780442706675
dma_hardened2,xilinx_u280_xdma_201920_3,3,2,6,6,512,Allgather,195.52470000689937,0.7541553573272165,301.10039999726723,0.4897236934967151
dma_hardened2,xilinx_u280_xdma_201920_3,3,2,6,6,512,Allgather,188.7813000053029,0.7810943138746154,307.58609999566033,0.47939747603055016
dma_hardened2,xilinx_u280_xdma_201920_3,3,2,6,6,512,Allgather,183.71849999994083,0.8026192245203803,280.06279999317485,0.5265104826617227
dma_hardened2,xilinx_u280_xdma_201920_3,3,2,6,6,512,Allgather,201.38429999860818,0.732211994683891,303.0802000012045,0.48652468884280126
dma_hardened2,xilinx_u280_xdma_201920_3,3,2,6,6,512,Allgather,193.70090000165874,0.76125614284052,330.98220000056244,0.4455103627921665
dma_hardened2,xilinx_u280_xdma_201920_3,3,2,6,6,512,Allgather,185.7644999972763,0.793779220476259,290.0815999964834,0.5083259331229129
dma_hardened2,xilinx_u280_xdma_201920_3,3,2,6,6,512,Allgather,194.13639998902,0.7595484412420331,305.7779999949162,0.4822322076880992
dma_hardened2,xilinx_u280_xdma_201920_3,3,2,6,6,512,Allgather,189.02680000110195,0.7800798616870221,301.76010000104725,0.48865307242239203
dma_hardened2,xilinx_u280_xdma_201920_3,3,2,6,6,512,Allgather,191.55679999585118,0.7697769016980534,333.06220000213216,0.44272811504594645
dma_hardened2,xilinx_u280_xdma_201920_3,3,2,6,6,512,Allgather,192.8961999965395,0.7644318550735852,294.9533999981213,0.49992981942550657
dma_hardened2,xilinx_u280_xdma_201920_3,3,2,6,6,512,Allgather,187.87860000202272,0.78484723645169,325.61059999807185,0.4528599498937479
dma_hardened2,xilinx_u280_xdma_201920_3,3,2,6,6,512,Allgather,181.82419998993282,0.8109811565686211,303.76610000075743,0.4854261222685228
dma_hardened2,xilinx_u280_xdma_201920_3,3,2,6,6,512,Allgather,195.75850000137507,0.7532546479410305,292.32219999357767,0.5044297012106491
dma_hardened2,xilinx_u280_xdma_201920_3,3,2,6,6,512,Allgather,199.47770000499077,0.73921044806668,359.25610000049346,0.41044814548673625
dma_hardened2,xilinx_u280_xdma_201920_3,3,2,6,6,512,Allgather,183.10099999325757,0.80532602227967,313.6889999950654,0.47007067510279166
dma_hardened2,xilinx_u280_xdma_201920_3,3,2,6,6,512,Allgather,201.0188999975071,0.7335429653720553,265.3560999988258,0.5556910129469512
dma_hardened2,xilinx_u280_xdma_201920_3,3,2,6,6,512,Allgather,191.34830000666625,0.7706156782937862,314.09319999511354,0.4694657509372824
dma_hardened2,xilinx_u280_xdma_201920_3,3,2,6,6,512,Allgather,201.0687000051803,0.7333612839601638,279.30319999995845,0.5279423937857566
dma_hardened2,xilinx_u280_xdma_201920_3,3,2,6,12,512,Allgather,195.03570000551917,1.5120924015021584,311.97869999459726,0.9452953038303807
dma_hardened2,xilinx_u280_xdma_201920_3,3,2,6,12,512,Allgather,211.98999999114676,1.3911599604335878,318.25140000592,0.9266636375975539
dma_hardened2,xilinx_u280_xdma_201920_3,3,2,6,12,512,Allgather,178.1086000050891,1.6557987654249906,286.7959000013798,1.0282992190564133
dma_hardened2,xilinx_u280_xdma_201920_3,3,2,6,12,512,Allgather,213.53659999476804,1.3810840858533187,302.5678999961201,0.9746969192825203
dma_hardened2,xilinx_u280_xdma_201920_3,3,2,6,12,512,Allgather,201.44279999385617,1.4639987133270316,282.5832999974409,1.0436285513074224
dma_hardened2,xilinx_u280_xdma_201920_3,3,2,6,12,512,Allgather,179.89540000371562,1.6393526460037822,355.39360000029774,0.8298179820901471
dma_hardened2,xilinx_u280_xdma_201920_3,3,2,6,12,512,Allgather,207.26250000961954,1.4228912610159214,359.00629999332523,0.821467478441139
dma_hardened2,xilinx_u280_xdma_201920_3,3,2,6,12,512,Allgather,252.45110000469137,1.1681945532997067,330.03599999119615,0.8935752463605997
dma_hardened2,xilinx_u280_xdma_201920_3,3,2,6,12,512,Allgather,187.02979999716263,1.5768182396841253,325.5318000014995,0.9059391432684658
dma_hardened2,xilinx_u280_xdma_201920_3,3,2,6,12,512,Allgather,224.1403999960312,1.3157467373361604,345.85009999545946,0.8527162490450974
dma_hardened2,xilinx_u280_xdma_201920_3,3,2,6,12,512,Allgather,198.75210000463994,1.4838182841495269,351.22530000535335,0.8396661629885575
dma_hardened2,xilinx_u280_xdma_201920_3,3,2,6,12,512,Allgather,213.61250001064036,1.3805933640836092,313.09660000715667,0.9419201613599733
dma_hardened2,xilinx_u280_xdma_201920_3,3,2,6,12,512,Allgather,201.1648999996396,1.4660211597576334,303.64000000417946,0.9712554340532891
dma_hardened2,xilinx_u280_xdma_201920_3,3,2,6,12,512,Allgather,209.6058000006451,1.4069839670423832,348.0835000004845,0.8472449857565484
dma_hardened2,xilinx_u280_xdma_201920_3,3,2,6,12,512,Allgather,191.23119999449045,1.5421751262790626,307.2481999993215,0.9598493986316315
dma_hardened2,xilinx_u280_xdma_201920_3,3,2,6,12,512,Allgather,219.63639999285078,1.3427282545588957,308.7137000079565,0.955292881373257
dma_hardened2,xilinx_u280_xdma_201920_3,3,2,6,12,512,Allgather,193.11840000000302,1.5271046156140242,331.3623999929405,0.8899983824546266
dma_hardened2,xilinx_u280_xdma_201920_3,3,2,6,12,512,Allgather,214.44349999910628,1.3752433624764988,318.8926000007086,0.9248003873383851
dma_hardened2,xilinx_u280_xdma_201920_3,3,2,6,12,512,Allgather,194.66100000045117,1.5150030052209558,304.36949999739227,0.9689275699520703
dma_hardened2,xilinx_u280_xdma_201920_3,3,2,6,12,512,Allgather,220.7540000085828,1.3359304927137627,341.2829000012607,0.8641276782367666
dma_hardened2,xilinx_u280_xdma_201920_3,3,2,6,24,512,Allgather,199.30939999994735,2.9593385961733656,329.49889999827064,1.7900636390685845
dma_hardened2,xilinx_u280_xdma_201920_3,3,2,6,24,512,Allgather,245.94479999677787,2.39819666855216,318.5410000014599,1.8516423317478654
dma_hardened2,xilinx_u280_xdma_201920_3,3,2,6,24,512,Allgather,214.85299999994822,2.745244422931689,349.73450000279627,1.6864907522571668
dma_hardened2,xilinx_u280_xdma_201920_3,3,2,6,24,512,Allgather,213.43079999951442,2.7635374088526206,292.6071000047159,2.015754231495045
dma_hardened2,xilinx_u280_xdma_201920_3,3,2,6,24,512,Allgather,201.98619999973744,2.9201202854490393,292.3372000054769,2.0176152743781826
dma_hardened2,xilinx_u280_xdma_201920_3,3,2,6,24,512,Allgather,208.1246999978248,2.833993274254159,327.6842999980545,1.7999763797151767
dma_hardened2,xilinx_u280_xdma_201920_3,3,2,6,24,512,Allgather,193.3550999979161,3.050470352250118,303.6655999949289,1.942347108167174
dma_hardened2,xilinx_u280_xdma_201920_3,3,2,6,24,512,Allgather,191.27640000533574,3.083621398058237,334.5233000004555,1.7631776321685124
dma_hardened2,xilinx_u280_xdma_201920_3,3,2,6,24,512,Allgather,189.5277000016904,3.1120727998848685,314.71250000549844,1.8741676927026891
dma_hardened2,xilinx_u280_xdma_201920_3,3,2,6,24,512,Allgather,223.7338999975691,2.636274610179363,339.54259999973146,1.7371133990270042
dma_hardened2,xilinx_u280_xdma_201920_3,3,2,6,24,512,Allgather,194.24349999326296,3.0365185966091897,305.9430999996948,1.9278878981110812
dma_hardened2,xilinx_u280_xdma_201920_3,3,2,6,24,512,Allgather,237.355399997341,2.4849824356496946,330.96800000294024,1.7821179086641612
dma_hardened2,xilinx_u280_xdma_201920_3,3,2,6,24,512,Allgather,192.4450000046818,3.064896463850195,301.33889999888197,1.957344372074725
dma_hardened2,xilinx_u280_xdma_201920_3,3,2,6,24,512,Allgather,202.18459999341576,2.9172548256356214,314.70509999280694,1.874211762101985
dma_hardened2,xilinx_u280_xdma_201920_3,3,2,6,24,512,Allgather,190.49719999202352,3.0962344854659127,315.70370000508774,1.8682834568948499
dma_hardened2,xilinx_u280_xdma_201920_3,3,2,6,24,512,Allgather,204.02899999680812,2.8908831588118717,328.99789999873974,1.792789558845997
dma_hardened2,xilinx_u280_xdma_201920_3,3,2,6,24,512,Allgather,194.5546000001741,3.031663090975347,318.2918999982576,1.853091454740849
dma_hardened2,xilinx_u280_xdma_201920_3,3,2,6,24,512,Allgather,193.87429999824235,3.042301119876886,344.7950999998284,1.7106507604089896
dma_hardened2,xilinx_u280_xdma_201920_3,3,2,6,24,512,Allgather,193.3430999997654,3.0506596821956187,333.78040000116016,1.767101962841287
dma_hardened2,xilinx_u280_xdma_201920_3,3,2,6,24,512,Allgather,191.55630000113888,3.079115643789806,282.33909999926254,2.0890624075855615
dma_hardened2,xilinx_u280_xdma_201920_3,3,2,6,48,512,Allgather,197.15530000894432,5.983344094459967,340.1361999976871,3.4681636356495473
dma_hardened2,xilinx_u280_xdma_201920_3,3,2,6,48,512,Allgather,194.73540000944922,6.05769675129822,334.7619000010127,3.5238418708832495
dma_hardened2,xilinx_u280_xdma_201920_3,3,2,6,48,512,Allgather,225.7158000020354,5.226253545340479,314.0647000009267,3.7560668231626138
dma_hardened2,xilinx_u280_xdma_201920_3,3,2,6,48,512,Allgather,235.03159999336276,5.019103814267158,379.88719999475506,3.1052586136523863
dma_hardened2,xilinx_u280_xdma_201920_3,3,2,6,48,512,Allgather,250.1639000001887,4.715500517856934,326.9631000080153,3.607893367695259
dma_hardened2,xilinx_u280_xdma_201920_3,3,2,6,48,512,Allgather,245.94019999994998,4.796483047506019,314.53640000336236,3.750433971989855
dma_hardened2,xilinx_u280_xdma_201920_3,3,2,6,48,512,Allgather,207.41740000858044,5.687314564502304,315.7920999910857,3.735520933023022
dma_hardened2,xilinx_u280_xdma_201920_3,3,2,6,48,512,Allgather,200.55499999216408,5.881917678672136,369.8302999964653,3.1897007898251566
dma_hardened2,xilinx_u280_xdma_201920_3,3,2,6,48,512,Allgather,213.40819999977612,5.527660136776551,307.1656999964034,3.8404287979218137
dma_hardened2,xilinx_u280_xdma_201920_3,3,2,6,48,512,Allgather,205.91169999306658,5.728902243241744,362.80140000144456,3.2514979269520543
dma_hardened2,xilinx_u280_xdma_201920_3,3,2,6,48,512,Allgather,198.58140000224012,5.9403750803785895,302.25460000110616,3.9028289395618225
dma_hardened2,xilinx_u280_xdma_201920_3,3,2,6,48,512,Allgather,260.66359999958877,4.525557078172254,332.72830000896647,3.54537921772272
dma_hardened2,xilinx_u280_xdma_201920_3,3,2,6,48,512,Allgather,217.82949999078483,5.415464847735979,326.24460000079125,3.61583915870834
dma_hardened2,xilinx_u280_xdma_201920_3,3,2,6,48,512,Allgather,185.1087999966694,6.372727822887,342.08809998972356,3.4483748485709884
dma_hardened2,xilinx_u280_xdma_201920_3,3,2,6,48,512,Allgather,210.8069999962936,5.59586731000745,363.06460000332663,3.2491407864859068
dma_hardened2,xilinx_u280_xdma_201920_3,3,2,6,48,512,Allgather,208.39920000526035,5.660520769610553,338.2180000016888,3.4878332909369396
dma_hardened2,xilinx_u280_xdma_201920_3,3,2,6,48,512,Allgather,202.24020000796372,5.832905623874721,355.4632999907881,3.318621078548955
dma_hardened2,xilinx_u280_xdma_201920_3,3,2,6,48,512,Allgather,203.38580000043294,5.800050937663736,323.6629999946672,3.6446798059074914
dma_hardened2,xilinx_u280_xdma_201920_3,3,2,6,48,512,Allgather,244.53959999846117,4.823954893225569,338.05909999955475,3.4894726987131945
dma_hardened2,xilinx_u280_xdma_201920_3,3,2,6,48,512,Allgather,204.33749999710926,5.773037254623788,306.36150000873386,3.8505099366805893
dma_hardened2,xilinx_u280_xdma_201920_3,3,2,6,96,512,Allgather,273.73729999453644,8.618832727754272,362.7628000003824,6.503687809217243
dma_hardened2,xilinx_u280_xdma_201920_3,3,2,6,96,512,Allgather,220.3182000016568,10.708584220378789,342.41619999875184,6.890141295910064
dma_hardened2,xilinx_u280_xdma_201920_3,3,2,6,96,512,Allgather,197.0394999943892,11.973721005520122,335.5695999971431,7.030720303686884
dma_hardened2,xilinx_u280_xdma_201920_3,3,2,6,96,512,Allgather,232.5588999951833,10.14493962625754,400.2728000045863,5.894220141795713
dma_hardened2,xilinx_u280_xdma_201920_3,3,2,6,96,512,Allgather,238.82120000280338,9.87892197163529,382.90149999511414,6.161626423584407
dma_hardened2,xilinx_u280_xdma_201920_3,3,2,6,96,512,Allgather,212.12139999988722,11.122385577321545,357.10079999944355,6.606806817581131
dma_hardened2,xilinx_u280_xdma_201920_3,3,2,6,96,512,Allgather,228.40540000288456,10.329423034526346,320.07519999979195,7.371067799072011
dma_hardened2,xilinx_u280_xdma_201920_3,3,2,6,96,512,Allgather,221.98379999736062,10.628235033493668,362.5875000011547,6.506832143944528
dma_hardened2,xilinx_u280_xdma_201920_3,3,2,6,96,512,Allgather,216.17219999825465,10.91396581067801,405.4765999967458,5.818574980699095
dma_hardened2,xilinx_u280_xdma_201920_3,3,2,6,96,512,Allgather,216.9153000068036,10.876577170563811,343.97119999312054,6.858992846049862
dma_hardened2,xilinx_u280_xdma_201920_3,3,2,6,96,512,Allgather,206.16040000049907,11.443982452470449,330.3989999949408,7.1407480047945855
dma_hardened2,xilinx_u280_xdma_201920_3,3,2,6,96,512,Allgather,221.1270999964654,10.669411392984903,408.58450000769153,5.77431596146106
dma_hardened2,xilinx_u280_xdma_201920_3,3,2,6,96,512,Allgather,253.3379000055902,9.312842649867783,320.99539999990157,7.34993710190465
dma_hardened2,xilinx_u280_xdma_201920_3,3,2,6,96,512,Allgather,243.2128999998895,9.700538088239037,357.547099997646,6.598560021925875
dma_hardened2,xilinx_u280_xdma_201920_3,3,2,6,96,512,Allgather,197.4137000047449,11.951024675305177,384.4671000024391,6.136535479849985
dma_hardened2,xilinx_u280_xdma_201920_3,3,2,6,96,512,Allgather,228.07160000866133,10.344540924474606,335.09129999629295,7.040755758284685
dma_hardened2,xilinx_u280_xdma_201920_3,3,2,6,96,512,Allgather,240.2409999945121,9.820538542771192,370.00629999965895,6.37636710510652
dma_hardened2,xilinx_u280_xdma_201920_3,3,2,6,96,512,Allgather,244.02979998967567,9.66806513015958,347.1881999985271,6.7954383242575895
dma_hardened2,xilinx_u280_xdma_201920_3,3,2,6,96,512,Allgather,222.03379999155004,10.625841651540387,332.3575999957029,7.098667218774307
dma_hardened2,xilinx_u280_xdma_201920_3,3,2,6,96,512,Allgather,222.6614000051086,10.595891339701762,322.30870000375944,7.319988569878755
dma_hardened2,xilinx_u280_xdma_201920_3,3,2,6,192,512,Allgather,291.5165999979763,16.18635782673356,429.75290000413224,10.979779310284187
dma_hardened2,xilinx_u280_xdma_201920_3,3,2,6,192,512,Allgather,246.77049999581868,19.121377960817654,427.87849999967875,11.02787824114449
dma_hardened2,xilinx_u280_xdma_201920_3,3,2,6,192,512,Allgather,269.67239999748926,17.497496963144656,406.0492999997223,11.620736693803504
dma_hardened2,xilinx_u280_xdma_201920_3,3,2,6,192,512,Allgather,282.75970000777306,16.68763971623356,392.2569999986081,12.029337908607735
dma_hardened2,xilinx_u280_xdma_201920_3,3,2,6,192,512,Allgather,263.9700000031553,17.875485850451177,405.5025999946338,11.636403811128321
dma_hardened2,xilinx_u280_xdma_201920_3,3,2,6,192,512,Allgather,261.24070000150823,18.062239153289507,485.5927999983578,9.71717867319276
dma_hardened2,xilinx_u280_xdma_201920_3,3,2,6,192,512,Allgather,230.6777999933729,20.455336404871034,407.6671999996506,11.574617727411095
dma_hardened2,xilinx_u280_xdma_201920_3,3,2,6,192,512,Allgather,313.57599999637387,15.047682220752113,451.1203999982172,10.459717627530583
dma_hardened2,xilinx_u280_xdma_201920_3,3,2,6,192,512,Allgather,233.92420000618586,20.17145724929367,447.60590000123557,10.54184495777865
dma_hardened2,xilinx_u280_xdma_201920_3,3,2,6,192,512,Allgather,257.8896000045461,18.296945669452434,395.34420000109094,11.935402112860084
dma_hardened2,xilinx_u280_xdma_201920_3,3,2,6,192,512,Allgather,250.184399999398,18.86045652731087,404.28759999713293,11.67137453642769
dma_hardened2,xilinx_u280_xdma_201920_3,3,2,6,192,512,Allgather,249.32759999956033,18.92526940462396,398.249800002759,11.848322334291971
dma_hardened2,xilinx_u280_xdma_201920_3,3,2,6,192,512,Allgather,230.90489999049169,20.435218136099774,408.17990000050486,11.560079268955095
dma_hardened2,xilinx_u280_xdma_201920_3,3,2,6,192,512,Allgather,277.59189999869704,16.998305786379746,379.80370000241237,12.4237652239039
dma_hardened2,xilinx_u280_xdma_201920_3,3,2,6,192,512,Allgather,255.40420000425001,18.474997670051945,376.7001000028358,12.526123566105976
dma_hardened2,xilinx_u280_xdma_201920_3,3,2,6,192,512,Allgather,242.3085000032188,19.473489373824357,394.30870000387586,11.96674585154631
dma_hardened2,xilinx_u280_xdma_201920_3,3,2,6,192,512,Allgather,262.09910000716263,18.003083565991073,358.1805999942844,13.173778814584864
dma_hardened2,xilinx_u280_xdma_201920_3,3,2,6,192,512,Allgather,293.2697000005646,16.089599436937792,453.5366000027352,10.403993856221401
dma_hardened2,xilinx_u280_xdma_201920_3,3,2,6,192,512,Allgather,256.9936999975653,18.360730243755793,396.70360000627625,11.894502595704568
dma_hardened2,xilinx_u280_xdma_201920_3,3,2,6,192,512,Allgather,260.52919999983715,18.111566764888348,359.78739999791287,13.114945103767871
dma_hardened2,xilinx_u280_xdma_201920_3,3,2,6,384,512,Allgather,374.1821999938111,25.220825576834198,489.25830000143833,19.288756061925277
dma_hardened2,xilinx_u280_xdma_201920_3,3,2,6,384,512,Allgather,278.5926000001382,33.874496307494596,529.0547000072365,17.837822818455095
dma_hardened2,xilinx_u280_xdma_201920_3,3,2,6,384,512,Allgather,388.3818000076644,24.298728724707914,478.10139999455714,19.738875477267868
dma_hardened2,xilinx_u280_xdma_201920_3,3,2,6,384,512,Allgather,293.5826999987512,32.14489137146073,547.6495000038994,17.23216035061258
dma_hardened2,xilinx_u280_xdma_201920_3,3,2,6,384,512,Allgather,320.93359999407767,29.405409717692844,543.9694000074269,17.348740572302695
dma_hardened2,xilinx_u280_xdma_201920_3,3,2,6,384,512,Allgather,350.5022000013014,26.924749687633803,479.37399999682384,19.686474443884165
dma_hardened2,xilinx_u280_xdma_201920_3,3,2,6,384,512,Allgather,363.20479999858435,25.98309273455853,549.0030000032675,17.189676559042177
dma_hardened2,xilinx_u280_xdma_201920_3,3,2,6,384,512,Allgather,295.72800000323696,31.91170264532511,567.0538999993369,16.64248142903353
dma_hardened2,xilinx_u280_xdma_201920_3,3,2,6,384,512,Allgather,407.5940999996419,23.15338715650764,448.4623000053034,21.043427730465634
dma_hardened2,xilinx_u280_xdma_201920_3,3,2,6,384,512,Allgather,347.0290999985082,27.194215125015653,528.8900999971702,17.843374266318264
dma_hardened2,xilinx_u280_xdma_201920_3,3,2,6,384,512,Allgather,316.35839999353266,29.830673060025983,523.9865000021382,18.01035713699015
dma_hardened2,xilinx_u280_xdma_201920_3,3,2,6,384,512,Allgather,328.2772000034129,28.747607204831425,504.7421999961443,18.697037814694493
dma_hardened2,xilinx_u280_xdma_201920_3,3,2,6,384,512,Allgather,405.1773999890429,23.291486643270844,511.66319999538246,18.444132781261516
dma_hardened2,xilinx_u280_xdma_201920_3,3,2,6,384,512,Allgather,340.1195999913398,27.746663233287034,478.1872999956249,19.735329650298834
dma_hardened2,xilinx_u280_xdma_201920_3,3,2,6,384,512,Allgather,331.9400999998834,28.43038246961821,544.7342000024946,17.324383157798394
dma_hardened2,xilinx_u280_xdma_201920_3,3,2,6,384,512,Allgather,375.01420000580765,25.164871089825,543.4556999944107,17.36513942184627
dma_hardened2,xilinx_u280_xdma_201920_3,3,2,6,384,512,Allgather,291.92130000410543,32.32783630337108,479.60320000584034,19.677066374630275
dma_hardened2,xilinx_u280_xdma_201920_3,3,2,6,384,512,Allgather,369.338300004074,25.55159862894236,521.9922000037513,18.079166700062146
dma_hardened2,xilinx_u280_xdma_201920_3,3,2,6,384,512,Allgather,330.57329999337526,28.54793173008565,475.4648000016459,19.848333672581717
dma_hardened2,xilinx_u280_xdma_201920_3,3,2,6,384,512,Allgather,274.5272999959525,34.37612215666397,466.17360000027475,20.243926296972713
dma_hardened2,xilinx_u280_xdma_201920_3,3,2,6,768,512,Allgather,531.3902000011694,35.5188484845194,703.4720999968158,26.830300732730457
dma_hardened2,xilinx_u280_xdma_201920_3,3,2,6,768,512,Allgather,525.3782999943724,35.92529040541297,749.0506000067398,25.19772095480622
dma_hardened2,xilinx_u280_xdma_201920_3,3,2,6,768,512,Allgather,445.10449999961565,42.40435223642155,745.8218000010675,25.306806532033505
dma_hardened2,xilinx_u280_xdma_201920_3,3,2,6,768,512,Allgather,490.21689999335644,38.5020753063711,754.4195999912517,25.01839559870776
dma_hardened2,xilinx_u280_xdma_201920_3,3,2,6,768,512,Allgather,474.3535999978121,39.7896590224825,739.980400010154,25.506578281993693
dma_hardened2,xilinx_u280_xdma_201920_3,3,2,6,768,512,Allgather,462.84160000595875,40.779324934830846,677.5080000011258,27.858516799755336
dma_hardened2,xilinx_u280_xdma_201920_3,3,2,6,768,512,Allgather,489.14950000380486,38.58609279954939,1002.2606999996243,18.83179496113843
dma_hardened2,xilinx_u280_xdma_201920_3,3,2,6,768,512,Allgather,488.6062999958085,38.62899025281072,742.1189999945454,25.433074749654335
dma_hardened2,xilinx_u280_xdma_201920_3,3,2,6,768,512,Allgather,492.28210000364925,38.34055310940634,724.0435999960937,26.06799922007712
dma_hardened2,xilinx_u280_xdma_201920_3,3,2,6,768,512,Allgather,446.1335999963012,42.30653777289243,735.6513999980052,25.65667379964366
dma_hardened2,xilinx_u280_xdma_201920_3,3,2,6,768,512,Allgather,472.7529999968283,39.924374885250074,758.3162000059929,24.889838829568507
dma_hardened2,xilinx_u280_xdma_201920_3,3,2,6,768,512,Allgather,489.8313000012422,38.53238451677574,729.7244000028513,25.865063577326247
dma_hardened2,xilinx_u280_xdma_201920_3,3,2,6,768,512,Allgather,499.7500999934345,37.767612253100026,617.377999992641,30.571818238137705
dma_hardened2,xilinx_u280_xdma_201920_3,3,2,6,768,512,Allgather,494.4685000054961,38.17102201614503,726.3705000013942,25.98449138554467
dma_hardened2,xilinx_u280_xdma_201920_3,3,2,6,768,512,Allgather,473.7997000006544,39.836175497734445,703.4036999925775,26.832909750402465
dma_hardened2,xilinx_u280_xdma_201920_3,3,2,6,768,512,Allgather,482.5819999950909,39.111214260357826,745.5962999983967,25.314460385654524
dma_hardened2,xilinx_u280_xdma_201920_3,3,2,6,768,512,Allgather,480.04819999505344,39.317651852864955,757.3322999974152,24.92217484988349
dma_hardened2,xilinx_u280_xdma_201920_3,3,2,6,768,512,Allgather,497.46600000162283,37.94102109478523,739.2143000060969,25.533012551088806
dma_hardened2,xilinx_u280_xdma_201920_3,3,2,6,768,512,Allgather,481.63410000370277,39.18818870975891,752.6692000055846,25.07657813002041
dma_hardened2,xilinx_u280_xdma_201920_3,3,2,6,768,512,Allgather,481.40569999759464,39.20678130752151,669.5404999959464,28.19003182050118
dma_hardened2,xilinx_u280_xdma_201920_3,3,2,6,1536,512,Allgather,686.6263000006256,54.977119285942884,1066.5034999988166,35.39485430665899
dma_hardened2,xilinx_u280_xdma_201920_3,3,2,6,1536,512,Allgather,649.8522000015328,58.08818682142026,1085.7144999931734,34.76856576958063
dma_hardened2,xilinx_u280_xdma_201920_3,3,2,6,1536,512,Allgather,729.5042999999168,51.745734740705856,1056.1821999999665,35.74074245902003
dma_hardened2,xilinx_u280_xdma_201920_3,3,2,6,1536,512,Allgather,687.597800003914,54.89944266806136,1033.743499999673,36.51654012819615
dma_hardened2,xilinx_u280_xdma_201920_3,3,2,6,1536,512,Allgather,692.2832999975981,54.52787319892156,1009.0277000017524,37.41100070883529
dma_hardened2,xilinx_u280_xdma_201920_3,3,2,6,1536,512,Allgather,681.5229999915573,55.38879245523281,1084.5384000049307,34.806269653364396
dma_hardened2,xilinx_u280_xdma_201920_3,3,2,6,1536,512,Allgather,672.3224999973354,56.146768849993286,1022.3541000073054,36.92334779087819
dma_hardened2,xilinx_u280_xdma_201920_3,3,2,6,1536,512,Allgather,726.5658999926927,51.95500642182581,1057.3834999945575,35.700137178416625
dma_hardened2,xilinx_u280_xdma_201920_3,3,2,6,1536,512,Allgather,658.257300005971,57.346475306324116,1016.1531999983708,37.1486661657519
dma_hardened2,xilinx_u280_xdma_201920_3,3,2,6,1536,512,Allgather,685.5288999986442,55.06512708665479,994.8252999947726,37.94509045980068
dma_hardened2,xilinx_u280_xdma_201920_3,3,2,6,1536,512,Allgather,707.1397999993678,53.382281693144336,996.2612999970589,37.890396826727525
dma_hardened2,xilinx_u280_xdma_201920_3,3,2,6,1536,512,Allgather,747.2869000025639,50.51438209323686,1067.4046999952225,35.36497075586135
dma_hardened2,xilinx_u280_xdma_201920_3,3,2,6,1536,512,Allgather,683.3785000026182,55.238401559099934,1022.2961999943436,36.925439026584336
dma_hardened2,xilinx_u280_xdma_201920_3,3,2,6,1536,512,Allgather,711.873000000196,53.02734616987806,1014.6329999997761,37.20432511066399
dma_hardened2,xilinx_u280_xdma_201920_3,3,2,6,1536,512,Allgather,692.355299997871,54.522202690029346,1017.9974000038782,37.08136779117137
dma_hardened2,xilinx_u280_xdma_201920_3,3,2,6,1536,512,Allgather,658.4710999959498,57.32785539142446,1017.7728000030583,37.08955083087952
dma_hardened2,xilinx_u280_xdma_201920_3,3,2,6,1536,512,Allgather,706.8764999985433,53.40216572495732,991.298300004928,38.080097584967454
dma_hardened2,xilinx_u280_xdma_201920_3,3,2,6,1536,512,Allgather,706.1387000021568,53.45796229534608,1034.3613000031837,36.49472964609543
dma_hardened2,xilinx_u280_xdma_201920_3,3,2,6,1536,512,Allgather,658.4073999988505,57.333401781428805,1028.8822000006803,36.68907480368019
dma_hardened2,xilinx_u280_xdma_201920_3,3,2,6,1536,512,Allgather,708.6217000050965,53.27064638258821,990.9955000011905,38.091733009841775
dma_hardened2,xilinx_u280_xdma_201920_3,3,2,6,3072,512,Allgather,1073.0650999903446,70.35684228354768,1662.2786999960226,45.41805895737018
dma_hardened2,xilinx_u280_xdma_201920_3,3,2,6,3072,512,Allgather,1035.4557000027853,72.91231483857486,1652.306599999065,45.69216875369421
dma_hardened2,xilinx_u280_xdma_201920_3,3,2,6,3072,512,Allgather,1061.491500001921,71.12395341824535,1677.3685999964982,45.009470190486226
dma_hardened2,xilinx_u280_xdma_201920_3,3,2,6,3072,512,Allgather,1058.8955000002898,71.2983216946142,1736.8570000030559,43.4678686845648
dma_hardened2,xilinx_u280_xdma_201920_3,3,2,6,3072,512,Allgather,1052.505999996356,71.73115592715043,1779.7691000055238,42.419812772210555
dma_hardened2,xilinx_u280_xdma_201920_3,3,2,6,3072,512,Allgather,1030.9088999974847,73.23389292709008,1716.1437999902773,43.992509252679014
dma_hardened2,xilinx_u280_xdma_201920_3,3,2,6,3072,512,Allgather,1015.0399000053768,74.37882195527494,1696.6485000011744,44.49800415345179
dma_hardened2,xilinx_u280_xdma_201920_3,3,2,6,3072,512,Allgather,1059.4747000027382,71.25934389920295,1766.5695999994568,42.736766216300346
dma_hardened2,xilinx_u280_xdma_201920_3,3,2,6,3072,512,Allgather,1041.0664000005454,72.51936283791355,1728.415299999142,43.680168765016994
dma_hardened2,xilinx_u280_xdma_201920_3,3,2,6,3072,512,Allgather,1107.9385000016373,68.142294901647,1732.3333000035745,43.58137778673667
dma_hardened2,xilinx_u280_xdma_201920_3,3,2,6,3072,512,Allgather,1100.150100000974,68.62470130206158,1692.762299990136,44.60016152323332
dma_hardened2,xilinx_u280_xdma_201920_3,3,2,6,3072,512,Allgather,1057.8110000096785,71.3714189012113,1710.130300000401,44.147204455696915
dma_hardened2,xilinx_u280_xdma_201920_3,3,2,6,3072,512,Allgather,1083.1005000000005,69.7049553573283,1707.2853999934523,44.22076824430734
dma_hardened2,xilinx_u280_xdma_201920_3,3,2,6,3072,512,Allgather,1057.6813000056973,71.38017094524913,1704.251099999965,44.29950023209699
dma_hardened2,xilinx_u280_xdma_201920_3,3,2,6,3072,512,Allgather,1032.6071000008596,73.11345428472954,1749.4951000003311,43.153863077401994
dma_hardened2,xilinx_u280_xdma_201920_3,3,2,6,3072,512,Allgather,1037.1319000000767,72.79447483969436,1768.3390999991389,42.694001393758
dma_hardened2,xilinx_u280_xdma_201920_3,3,2,6,3072,512,Allgather,1021.0888999949929,73.93819676266212,1759.9496000002546,42.897519338047566
dma_hardened2,xilinx_u280_xdma_201920_3,3,2,6,3072,512,Allgather,1008.0683999944995,74.89320367587354,1716.0298000021612,43.995431780907836
dma_hardened2,xilinx_u280_xdma_201920_3,3,2,6,3072,512,Allgather,1039.7589000035623,72.61055615849149,1716.1294999937127,43.992875829170586
dma_hardened2,xilinx_u280_xdma_201920_3,3,2,6,3072,512,Allgather,1043.9309000048524,72.32037292856172,1683.3281000003808,44.850122801361735
dma_hardened2,xilinx_u280_xdma_201920_3,3,2,6,6144,512,Allgather,2048.9992000079837,73.6920463411658,3143.7253999911263,48.03057671653708
dma_hardened2,xilinx_u280_xdma_201920_3,3,2,6,6144,512,Allgather,2101.288000005752,71.85828120637754,3113.1361999996443,48.50251781467745
dma_hardened2,xilinx_u280_xdma_201920_3,3,2,6,6144,512,Allgather,2075.880200004576,72.7377928647651,3122.2414000012577,48.36107291381735
dma_hardened2,xilinx_u280_xdma_201920_3,3,2,6,6144,512,Allgather,2065.900800005238,73.08915510348665,3084.675000002335,48.950033309793
dma_hardened2,xilinx_u280_xdma_201920_3,3,2,6,6144,512,Allgather,2077.782499998193,72.67119826070886,3047.336899999209,49.549803305318555
dma_hardened2,xilinx_u280_xdma_201920_3,3,2,6,6144,512,Allgather,2076.30730000119,72.72283057518194,3144.0828000086185,48.025116895644764
dma_hardened2,xilinx_u280_xdma_201920_3,3,2,6,6144,512,Allgather,2068.837300009818,72.98541262731652,3133.1478000083735,48.19272936935706
dma_hardened2,xilinx_u280_xdma_201920_3,3,2,6,6144,512,Allgather,2079.6418000031736,72.60622670681536,3096.9622000043273,48.75582401354109
dma_hardened2,xilinx_u280_xdma_201920_3,3,2,6,6144,512,Allgather,2070.1990999896225,72.93740201160213,3129.320400000779,48.25167279130715
dma_hardened2,xilinx_u280_xdma_201920_3,3,2,6,6144,512,Allgather,2137.269499996819,70.64852794662757,3141.466399995352,48.06511506862637
dma_hardened2,xilinx_u280_xdma_201920_3,3,2,6,6144,512,Allgather,2066.45360000266,73.06960291767771,3094.739599998775,48.790839785053244
dma_hardened2,xilinx_u280_xdma_201920_3,3,2,6,6144,512,Allgather,2097.637899998972,71.98332181167874,3110.306199994284,48.54664920138008
dma_hardened2,xilinx_u280_xdma_201920_3,3,2,6,6144,512,Allgather,2052.2005999964676,73.57708793197892,3128.652099996998,48.26197965575811
dma_hardened2,xilinx_u280_xdma_201920_3,3,2,6,6144,512,Allgather,2108.8444999918465,71.60079560184916,3040.040299993052,49.66873103634353
dma_hardened2,xilinx_u280_xdma_201920_3,3,2,6,6144,512,Allgather,2101.132799998595,71.86358901260355,3201.203200001146,47.16818476251241
dma_hardened2,xilinx_u280_xdma_201920_3,3,2,6,6144,512,Allgather,2055.7049999979427,73.45165964968277,3087.978899998234,48.89766053779913
dma_hardened2,xilinx_u280_xdma_201920_3,3,2,6,6144,512,Allgather,2103.0460000019957,71.7982126876239,3102.9604999957883,48.66157464789028
dma_hardened2,xilinx_u280_xdma_201920_3,3,2,6,6144,512,Allgather,2031.782000005933,74.31650836534583,3123.809099997743,48.336802655485286
dma_hardened2,xilinx_u280_xdma_201920_3,3,2,6,6144,512,Allgather,2110.8004999973673,71.53444581815683,3065.7883000003494,49.25158857184718
dma_hardened2,xilinx_u280_xdma_201920_3,3,2,6,6144,512,Allgather,2117.516600003455,71.30756094179078,3114.977399991403,48.47384895968
dma_hardened2,xilinx_u280_xdma_201920_3,3,2,6,12288,512,Allgather,3658.3153000037782,82.54889566235259,5475.440999998682,55.15352790762839
dma_hardened2,xilinx_u280_xdma_201920_3,3,2,6,12288,512,Allgather,3638.5050999911073,82.99834126953348,5421.115699994061,55.70622445861667
dma_hardened2,xilinx_u280_xdma_201920_3,3,2,6,12288,512,Allgather,3664.7340999934386,82.40431086133663,5517.957299991849,54.728565587204905
dma_hardened2,xilinx_u280_xdma_201920_3,3,2,6,12288,512,Allgather,3613.467699994999,83.57342947895118,5436.454799996682,55.549047883224254
dma_hardened2,xilinx_u280_xdma_201920_3,3,2,6,12288,512,Allgather,3650.9390999981406,82.71567389337001,5417.106699997021,55.74745057175375
dma_hardened2,xilinx_u280_xdma_201920_3,3,2,6,12288,512,Allgather,3625.3434000059315,83.29966424684235,5463.221200000135,55.276891955242924
dma_hardened2,xilinx_u280_xdma_201920_3,3,2,6,12288,512,Allgather,3839.575299991793,78.65189881824834,5486.003099997561,55.04734184348789
dma_hardened2,xilinx_u280_xdma_201920_3,3,2,6,12288,512,Allgather,3649.730900008308,82.74305593305868,5487.749199994596,55.029826800448056
dma_hardened2,xilinx_u280_xdma_201920_3,3,2,6,12288,512,Allgather,3645.68090000148,82.83497549110164,5451.801699996395,55.392676516499066
dma_hardened2,xilinx_u280_xdma_201920_3,3,2,6,12288,512,Allgather,3668.339399996512,82.32332264574187,5475.883999997677,55.14906597731583
dma_hardened2,xilinx_u280_xdma_201920_3,3,2,6,12288,512,Allgather,3651.313199998185,82.70719915238992,5495.043300004454,54.956780413314526
dma_hardened2,xilinx_u280_xdma_201920_3,3,2,6,12288,512,Allgather,3625.4569999982778,83.29705413693873,5447.661899995637,55.43477064908192
dma_hardened2,xilinx_u280_xdma_201920_3,3,2,6,12288,512,Allgather,3632.827000001271,83.1280674802005,5456.537700001718,55.344598462117276
dma_hardened2,xilinx_u280_xdma_201920_3,3,2,6,12288,512,Allgather,3624.411600003441,83.32107975808081,5465.517999994063,55.253662690403374
dma_hardened2,xilinx_u280_xdma_201920_3,3,2,6,12288,512,Allgather,3618.863600001987,83.44881746850977,5510.665500003142,54.80098329318442
dma_hardened2,xilinx_u280_xdma_201920_3,3,2,6,12288,512,Allgather,3658.224200000859,82.5509513604795,5434.538399993016,55.56863633540395
dma_hardened2,xilinx_u280_xdma_201920_3,3,2,6,12288,512,Allgather,3645.786599997791,82.83257390879186,5518.101799998476,54.72713243530291
dma_hardened2,xilinx_u280_xdma_201920_3,3,2,6,12288,512,Allgather,3633.4985000053166,83.11270473885104,5440.783500000634,55.504852931561196
dma_hardened2,xilinx_u280_xdma_201920_3,3,2,6,12288,512,Allgather,3630.4284000038933,83.18298964377762,5461.692899996251,55.29235962721509
dma_hardened2,xilinx_u280_xdma_201920_3,3,2,6,12288,512,Allgather,3617.5586000013027,83.47892083901316,5455.680399995799,55.353295255387856
dma_hardened2,xilinx_u280_xdma_201920_3,3,2,6,24576,512,Allgather,6660.166700009995,90.68538419602824,9953.841399999419,60.67805902553714
dma_hardened2,xilinx_u280_xdma_201920_3,3,2,6,24576,512,Allgather,6669.603000000279,90.55708053387507,9997.433600005934,60.41348211601441
dma_hardened2,xilinx_u280_xdma_201920_3,3,2,6,24576,512,Allgather,6641.261499999018,90.9435317371691,9944.430300004115,60.7354828561421
dma_hardened2,xilinx_u280_xdma_201920_3,3,2,6,24576,512,Allgather,6650.164999996377,90.82177299365189,9972.238199998174,60.56612005117473
dma_hardened2,xilinx_u280_xdma_201920_3,3,2,6,24576,512,Allgather,6649.9760000056085,90.82435425323199,9962.491599992518,60.625373676646674
dma_hardened2,xilinx_u280_xdma_201920_3,3,2,6,24576,512,Allgather,6644.821099996534,90.89481370692057,9970.407100001921,60.57724323010678
dma_hardened2,xilinx_u280_xdma_201920_3,3,2,6,24576,512,Allgather,6644.890300003681,90.89386712669516,9965.102099999967,60.60949199908367
dma_hardened2,xilinx_u280_xdma_201920_3,3,2,6,24576,512,Allgather,6648.178700004337,90.84890813774396,10000.150100006522,60.3970710399243
dma_hardened2,xilinx_u280_xdma_201920_3,3,2,6,24576,512,Allgather,6653.338699993583,90.77845022388273,9973.998800001027,60.55542898199845
dma_hardened2,xilinx_u280_xdma_201920_3,3,2,6,24576,512,Allgather,6632.635200003278,91.06181145010078,9956.840699999248,60.65978096847986
dma_hardened2,xilinx_u280_xdma_201920_3,3,2,6,24576,512,Allgather,6674.908399998003,90.48510328623847,9964.51009999646,60.61309286045227
dma_hardened2,xilinx_u280_xdma_201920_3,3,2,6,24576,512,Allgather,6659.623500001999,90.69278105583878,9977.226999990307,60.53583585906052
dma_hardened2,xilinx_u280_xdma_201920_3,3,2,6,24576,512,Allgather,6659.309400004076,90.69705876702925,9950.846700007787,60.69632004274846
dma_hardened2,xilinx_u280_xdma_201920_3,3,2,6,24576,512,Allgather,6657.383900005698,90.72329087098058,9942.074000002776,60.74987733945968
dma_hardened2,xilinx_u280_xdma_201920_3,3,2,6,24576,512,Allgather,6690.390899996146,90.27570810553804,9963.25620000107,60.620721165429345
dma_hardened2,xilinx_u280_xdma_201920_3,3,2,6,24576,512,Allgather,6640.353700004198,90.95596458959983,9905.381999999463,60.97491000347414
dma_hardened2,xilinx_u280_xdma_201920_3,3,2,6,24576,512,Allgather,6636.714900002971,91.00583422676927,9866.10009999822,61.21768174641862
dma_hardened2,xilinx_u280_xdma_201920_3,3,2,6,24576,512,Allgather,6630.480499995883,91.09140370752542,9933.839799998623,60.800233158590274
dma_hardened2,xilinx_u280_xdma_201920_3,3,2,6,24576,512,Allgather,6643.171799998981,90.91738015869055,9929.207599998335,60.82859784300423
dma_hardened2,xilinx_u280_xdma_201920_3,3,2,6,24576,512,Allgather,6660.894100002679,90.67548093877623,9902.97250000367,60.98974585658762
experiment,board_instance,number of nodes,rank id,number of banks,buffer size[KB],segment_size[KB],collective name,execution_time[us],throughput[Gbps],execution_time_fullpath[us],throughput_fullpath[Gbps]
dma_hardened2,xilinx_u280_xdma_201920_3,3,2,6,1,1024,Send/recv,195.85739999001817,0.04182634917249746,360.21360000404457,0.02274206193188713
dma_hardened2,xilinx_u280_xdma_201920_3,3,2,6,1,1024,Send/recv,180.92550000119445,0.04527830515845427,321.8394999976226,0.025453681105210867
dma_hardened2,xilinx_u280_xdma_201920_3,3,2,6,1,1024,Send/recv,168.15369999676477,0.04871733420173099,349.6290999919438,0.023430543968418992
dma_hardened2,xilinx_u280_xdma_201920_3,3,2,6,1,1024,Send/recv,186.51460000000952,0.04392149461757729,297.44770000661447,0.027540976110482052
dma_hardened2,xilinx_u280_xdma_201920_3,3,2,6,1,1024,Send/recv,163.6467000025732,0.05005906015746842,289.7035000046344,0.028277186847480106
dma_hardened2,xilinx_u280_xdma_201920_3,3,2,6,1,1024,Send/recv,194.38170000967148,0.04214388494180474,332.78249999284526,0.024616679062679458
dma_hardened2,xilinx_u280_xdma_201920_3,3,2,6,1,1024,Send/recv,166.25079999812442,0.049274950857935235,322.416799997427,0.025408105285039038
dma_hardened2,xilinx_u280_xdma_201920_3,3,2,6,1,1024,Send/recv,187.8235999924982,0.04361539231665879,347.30620000118506,0.023587255280706328
dma_hardened2,xilinx_u280_xdma_201920_3,3,2,6,1,1024,Send/recv,185.61790000148903,0.044133674607536685,314.890300001025,0.026015409175745755
dma_hardened2,xilinx_u280_xdma_201920_3,3,2,6,1,1024,Send/recv,172.78420000366168,0.0474117425078589,314.01139999616134,0.026088224822729822
dma_hardened2,xilinx_u280_xdma_201920_3,3,2,6,1,1024,Send/recv,176.26590000645592,0.04647523996246557,281.5981000026113,0.02909110537295541
dma_hardened2,xilinx_u280_xdma_201920_3,3,2,6,1,1024,Send/recv,183.68809999174118,0.04459733646528175,319.7480000039832,0.02562017588819305
dma_hardened2,xilinx_u280_xdma_201920_3,3,2,6,1,1024,Send/recv,172.13109999829612,0.0475916321924457,347.3171999985425,0.023586508240980804
dma_hardened2,xilinx_u280_xdma_201920_3,3,2,6,1,1024,Send/recv,178.6728999945808,0.04584914668228067,335.36839999896983,0.024426869078974532
dma_hardened2,xilinx_u280_xdma_201920_3,3,2,6,1,1024,Send/recv,182.39119999634568,0.04491444762775908,333.0190000042421,0.02459919704249802
dma_hardened2,xilinx_u280_xdma_201920_3,3,2,6,1,1024,Send/recv,174.74359999596345,0.04688011463761325,304.8716999956014,0.026870319547921937
dma_hardened2,xilinx_u280_xdma_201920_3,3,2,6,1,1024,Send/recv,172.1619999898394,0.04758309034794829,322.59130000511504,0.025394361223846106
dma_hardened2,xilinx_u280_xdma_201920_3,3,2,6,1,1024,Send/recv,210.0115999951413,0.039007369117656,275.11739999681595,0.029776379102502457
dma_hardened2,xilinx_u280_xdma_201920_3,3,2,6,1,1024,Send/recv,171.20590000558877,0.04784881829266739,318.3917000001202,0.025729313923688674
dma_hardened2,xilinx_u280_xdma_201920_3,3,2,6,1,1024,Send/recv,178.89350000359627,0.045792608450476495,315.70580000561677,0.02594820874324848
dma_hardened2,xilinx_u280_xdma_201920_3,3,2,6,6,1024,Send/recv,186.94360001063615,0.26292421884035344,310.7806000002711,0.15815659021173498
dma_hardened2,xilinx_u280_xdma_201920_3,3,2,6,6,1024,Send/recv,185.58059999804755,0.2648552704351485,344.6101000008639,0.14263075864542793
dma_hardened2,xilinx_u280_xdma_201920_3,3,2,6,6,1024,Send/recv,171.67940000035742,0.2863010937823505,312.8619999984039,0.1571044102519665
dma_hardened2,xilinx_u280_xdma_201920_3,3,2,6,6,1024,Send/recv,182.775500002208,0.2689200686055091,306.5988000003017,0.16031373899686377
dma_hardened2,xilinx_u280_xdma_201920_3,3,2,6,6,1024,Send/recv,172.2605999930238,0.2853351259776789,322.79409999773634,0.15227044112747007
dma_hardened2,xilinx_u280_xdma_201920_3,3,2,6,6,1024,Send/recv,173.43900000241774,0.28339646791848905,299.98940000268703,0.16384578921641813
dma_hardened2,xilinx_u280_xdma_201920_3,3,2,6,6,1024,Send/recv,172.83939999970244,0.2843796032622459,308.9326000008441,0.1591026651116318
dma_hardened2,xilinx_u280_xdma_201920_3,3,2,6,6,1024,Send/recv,201.94289999153625,0.24339553409434073,320.10310000032405,0.1535505279391241
dma_hardened2,xilinx_u280_xdma_201920_3,3,2,6,6,1024,Send/recv,176.14879999428013,0.2790368143387639,316.846999999143,0.15512850050697322
dma_hardened2,xilinx_u280_xdma_201920_3,3,2,6,6,1024,Send/recv,177.90050000030533,0.2762892740600259,340.3135999974438,0.14443148907469225
dma_hardened2,xilinx_u280_xdma_201920_3,3,2,6,6,1024,Send/recv,174.26889999114792,0.28204688273407763,333.61710000008316,0.14733057747935507
dma_hardened2,xilinx_u280_xdma_201920_3,3,2,6,6,1024,Send/recv,174.9185999983638,0.28099927623740284,329.710599999089,0.14907618984690152
dma_hardened2,xilinx_u280_xdma_201920_3,3,2,6,6,1024,Send/recv,169.57039999851986,0.28986190986415694,325.5898000020352,0.1509629601409281
dma_hardened2,xilinx_u280_xdma_201920_3,3,2,6,6,1024,Send/recv,176.5320000004067,0.27843110597447923,291.7856999943069,0.16845239503155576
dma_hardened2,xilinx_u280_xdma_201920_3,3,2,6,6,1024,Send/recv,170.79540000395355,0.28778292623139873,301.20090000309574,0.16318676338448795
dma_hardened2,xilinx_u280_xdma_201920_3,3,2,6,6,1024,Send/recv,167.62509999352915,0.293225775864697,298.014999998486,0.1649312954054316
dma_hardened2,xilinx_u280_xdma_201920_3,3,2,6,6,1024,Send/recv,177.8168999976515,0.27641917050994125,333.6074000003464,0.14733486127690504
dma_hardened2,xilinx_u280_xdma_201920_3,3,2,6,6,1024,Send/recv,169.65849999905913,0.289711390824937,308.31940000553004,0.15941909590871806
dma_hardened2,xilinx_u280_xdma_201920_3,3,2,6,6,1024,Send/recv,171.82500000672007,0.2860584897312828,327.2382999966794,0.15020246713327493
dma_hardened2,xilinx_u280_xdma_201920_3,3,2,6,6,1024,Send/recv,180.41270000139775,0.2724420176607256,323.56929999650674,0.15190563505416194
dma_hardened2,xilinx_u280_xdma_201920_3,3,2,6,12,1024,Send/recv,177.34960000552746,0.5542950195373215,344.06979999630494,0.2857094694188671
dma_hardened2,xilinx_u280_xdma_201920_3,3,2,6,12,1024,Send/recv,183.76199999465825,0.5349528194232626,323.9722999978767,0.3034333490876976
dma_hardened2,xilinx_u280_xdma_201920_3,3,2,6,12,1024,Send/recv,173.72599999134763,0.5658565787786284,321.57800000049974,0.3056925535946092
dma_hardened2,xilinx_u280_xdma_201920_3,3,2,6,12,1024,Send/recv,188.1612999909521,0.5224453700347895,312.1469999996407,0.3149285432828544
dma_hardened2,xilinx_u280_xdma_201920_3,3,2,6,12,1024,Send/recv,182.00499999920794,0.5401170297542804,303.47210000627456,0.3239309313705197
dma_hardened2,xilinx_u280_xdma_201920_3,3,2,6,12,1024,Send/recv,178.36690000194722,0.5511336464272621,306.25670000290484,0.32098563067866787
dma_hardened2,xilinx_u280_xdma_201920_3,3,2,6,12,1024,Send/recv,176.7280000080973,0.5562446244822321,335.2366000058282,0.2932376715379256
dma_hardened2,xilinx_u280_xdma_201920_3,3,2,6,12,1024,Send/recv,176.17400000062844,0.5579938015805359,310.3964000047199,0.3167047040445868
dma_hardened2,xilinx_u280_xdma_201920_3,3,2,6,12,1024,Send/recv,179.81910000344214,0.5466827494861126,354.6550999999454,0.27718197200608463
dma_hardened2,xilinx_u280_xdma_201920_3,3,2,6,12,1024,Send/recv,169.49259999137212,0.579989922893413,309.45030000566476,0.3176729833456308
dma_hardened2,xilinx_u280_xdma_201920_3,3,2,6,12,1024,Send/recv,172.3461999972642,0.57038681445579,291.02029999421575,0.33779086889111815
dma_hardened2,xilinx_u280_xdma_201920_3,3,2,6,12,1024,Send/recv,171.9882999964284,0.571573764041167,319.5473000005222,0.3076352076823661
dma_hardened2,xilinx_u280_xdma_201920_3,3,2,6,12,1024,Send/recv,175.40889999736464,0.5604276635990358,306.77480000349533,0.32044353056013714
dma_hardened2,xilinx_u280_xdma_201920_3,3,2,6,12,1024,Send/recv,183.90989999943486,0.5345226113455669,342.95369999881586,0.2866392752151075
dma_hardened2,xilinx_u280_xdma_201920_3,3,2,6,12,1024,Send/recv,171.85849999350467,0.5720054580001301,316.42430000147215,0.31067146233567605
dma_hardened2,xilinx_u280_xdma_201920_3,3,2,6,12,1024,Send/recv,182.08899999763162,0.5398678668194049,318.5312000027807,0.30861654996164223
dma_hardened2,xilinx_u280_xdma_201920_3,3,2,6,12,1024,Send/recv,182.3959000034847,0.5389594831798405,299.8165999997582,0.32788044424517954
dma_hardened2,xilinx_u280_xdma_201920_3,3,2,6,12,1024,Send/recv,172.5412999917353,0.5697418531372417,325.3921000009541,0.3021093628263002
dma_hardened2,xilinx_u280_xdma_201920_3,3,2,6,12,1024,Send/recv,174.6482000044125,0.5628686696886446,313.5262999990118,0.3135430743778428
dma_hardened2,xilinx_u280_xdma_201920_3,3,2,6,12,1024,Send/recv,236.49080000041067,0.4156779037485995,311.5994999916438,0.3154818926302392
dma_hardened2,xilinx_u280_xdma_201920_3,3,2,6,24,1024,Send/recv,173.145899998417,1.1355047968320213,307.2102999908566,0.639978542405159
dma_hardened2,xilinx_u280_xdma_201920_3,3,2,6,24,1024,Send/recv,170.90020000978257,1.1504258039999127,302.1361000037359,0.6507266096225143
dma_hardened2,xilinx_u280_xdma_201920_3,3,2,6,24,1024,Send/recv,189.3090000066877,1.0385560115633934,334.3797000070481,0.5879782773770533
dma_hardened2,xilinx_u280_xdma_201920_3,3,2,6,24,1024,Send/recv,192.01630000225123,1.0239130740343134,320.88330000306087,0.6127087324211781
dma_hardened2,xilinx_u280_xdma_201920_3,3,2,6,24,1024,Send/recv,171.6005999924164,1.1457302597350403,315.2031000013267,0.6237502105758874
dma_hardened2,xilinx_u280_xdma_201920_3,3,2,6,24,1024,Send/recv,181.09070000491556,1.085688000513904,348.65320000108113,0.5639070572115511
dma_hardened2,xilinx_u280_xdma_201920_3,3,2,6,24,1024,Send/recv,176.48140000119383,1.11404374624561,330.01190000732095,0.5957603346898657
dma_hardened2,xilinx_u280_xdma_201920_3,3,2,6,24,1024,Send/recv,177.6323999933993,1.106825106271749,349.9889000067924,0.5617549585034963
dma_hardened2,xilinx_u280_xdma_201920_3,3,2,6,24,1024,Send/recv,182.70389999770487,1.0761018237841107,328.0859999904351,0.5992575117674386
dma_hardened2,xilinx_u280_xdma_201920_3,3,2,6,24,1024,Send/recv,173.51789999793255,1.1330704209902411,322.2341999958189,0.6101400782491463
dma_hardened2,xilinx_u280_xdma_201920_3,3,2,6,24,1024,Send/recv,170.57420000128332,1.1526244883371626,294.85969999996087,0.666784914995254
dma_hardened2,xilinx_u280_xdma_201920_3,3,2,6,24,1024,Send/recv,177.1828999949321,1.109633040240472,322.7636000019629,0.6091393205392563
dma_hardened2,xilinx_u280_xdma_201920_3,3,2,6,24,1024,Send/recv,167.97240000414604,1.1704780070722758,330.2898000015375,0.5952590724844811
dma_hardened2,xilinx_u280_xdma_201920_3,3,2,6,24,1024,Send/recv,182.52119999715433,1.0771789797736664,365.12460000039937,0.5384682379652999
dma_hardened2,xilinx_u280_xdma_201920_3,3,2,6,24,1024,Send/recv,185.14469999217908,1.061915355979972,331.88849999987724,0.5923917219188756
dma_hardened2,xilinx_u280_xdma_201920_3,3,2,6,24,1024,Send/recv,180.9285000035743,1.0866613054113416,345.456299999114,0.5691255304954758
dma_hardened2,xilinx_u280_xdma_201920_3,3,2,6,24,1024,Send/recv,188.2904000012786,1.044174317961324,297.20020000922887,0.6615338751248983
dma_hardened2,xilinx_u280_xdma_201920_3,3,2,6,24,1024,Send/recv,204.44259999976566,0.9616782412287134,308.8448999960747,0.6365913764562693
dma_hardened2,xilinx_u280_xdma_201920_3,3,2,6,24,1024,Send/recv,187.50309999404635,1.0485586638633855,312.77919999865844,0.6285839979156008
dma_hardened2,xilinx_u280_xdma_201920_3,3,2,6,24,1024,Send/recv,180.44260000351642,1.0895874920676634,319.393699999182,0.6155663057865685
dma_hardened2,xilinx_u280_xdma_201920_3,3,2,6,48,1024,Send/recv,174.8057999975572,2.249444812503332,341.29150000126174,1.152141204801603
dma_hardened2,xilinx_u280_xdma_201920_3,3,2,6,48,1024,Send/recv,180.5456000056438,2.1779317800473024,333.9448000019729,1.1774880159765233
dma_hardened2,xilinx_u280_xdma_201920_3,3,2,6,48,1024,Send/recv,188.73020000000906,2.083482134814572,330.0634999959584,1.1913343947598414
dma_hardened2,xilinx_u280_xdma_201920_3,3,2,6,48,1024,Send/recv,189.84919998956684,2.071201774996203,332.10010000175316,1.184028550421768
dma_hardened2,xilinx_u280_xdma_201920_3,3,2,6,48,1024,Send/recv,192.1357000014723,2.046553555622338,311.49740000273596,1.2623411944900544
dma_hardened2,xilinx_u280_xdma_201920_3,3,2,6,48,1024,Send/recv,176.9706999994014,2.2219271325780485,328.66180000610257,1.1964152815833748
dma_hardened2,xilinx_u280_xdma_201920_3,3,2,6,48,1024,Send/recv,184.4613000002937,2.1316991694158824,351.85550000278454,1.1175496759234633
dma_hardened2,xilinx_u280_xdma_201920_3,3,2,6,48,1024,Send/recv,189.44099999771424,2.0756647188557094,327.5158000064948,1.2006016198064406
dma_hardened2,xilinx_u280_xdma_201920_3,3,2,6,48,1024,Send/recv,188.41090000023542,2.087013012514184,316.4109999943321,1.2427380843492917
dma_hardened2,xilinx_u280_xdma_201920_3,3,2,6,48,1024,Send/recv,210.0252999980512,1.8722315835456425,328.7999999997737,1.1959124087599473
dma_hardened2,xilinx_u280_xdma_201920_3,3,2,6,48,1024,Send/recv,192.10069999644475,2.046926429769789,349.3821000006392,1.1254612070832495
dma_hardened2,xilinx_u280_xdma_201920_3,3,2,6,48,1024,Send/recv,185.14109999614448,2.1238720090146845,333.6639000053765,1.1784793020571416
dma_hardened2,xilinx_u280_xdma_201920_3,3,2,6,48,1024,Send/recv,197.8776999976617,1.9871668207415318,336.6226000025563,1.1681212134806573
dma_hardened2,xilinx_u280_xdma_201920_3,3,2,6,48,1024,Send/recv,186.34640000527725,2.110134673859352,330.2840999936052,1.1905386908047142
dma_hardened2,xilinx_u280_xdma_201920_3,3,2,6,48,1024,Send/recv,189.1741000008551,2.0785932112177226,346.7055999976765,1.1341495493659037
dma_hardened2,xilinx_u280_xdma_201920_3,3,2,6,48,1024,Send/recv,184.50260000690832,2.1312219989597807,326.1699000063345,1.2055557548147864
dma_hardened2,xilinx_u280_xdma_201920_3,3,2,6,48,1024,Send/recv,194.20549999722425,2.024741832778269,333.6276000027283,1.1786075252670476
dma_hardened2,xilinx_u280_xdma_201920_3,3,2,6,48,1024,Send/recv,193.82140000061554,2.0287543067935285,307.0594000064375,1.2805861015548008
dma_hardened2,xilinx_u280_xdma_201920_3,3,2,6,48,1024,Send/recv,198.33170000538303,1.9826180080608773,341.10100000361854,1.152784659077014
dma_hardened2,xilinx_u280_xdma_201920_3,3,2,6,48,1024,Send/recv,208.44870000473747,1.8863921914171844,320.7376999966982,1.225973747408078
dma_hardened2,xilinx_u280_xdma_201920_3,3,2,6,96,1024,Send/recv,202.87679999455577,3.876401836095128,367.6013999893257,2.139360731550087
dma_hardened2,xilinx_u280_xdma_201920_3,3,2,6,96,1024,Send/recv,205.55920000333572,3.8258175746317273,322.49770000589706,2.4385662284897522
dma_hardened2,xilinx_u280_xdma_201920_3,3,2,6,96,1024,Send/recv,203.4784999978001,3.864939047656153,362.87090000541866,2.167250115642385
dma_hardened2,xilinx_u280_xdma_201920_3,3,2,6,96,1024,Send/recv,201.20030000043698,3.908701925386254,378.3935000001293,2.0783443690225423
dma_hardened2,xilinx_u280_xdma_201920_3,3,2,6,96,1024,Send/recv,201.93919999655918,3.8943998986496924,348.01990000232763,2.25973284859498
dma_hardened2,xilinx_u280_xdma_201920_3,3,2,6,96,1024,Send/recv,183.03099999457118,4.2967147642930765,362.36949999874923,2.1702488758096763
dma_hardened2,xilinx_u280_xdma_201920_3,3,2,6,96,1024,Send/recv,207.93280000361847,3.782145000626714,351.83910000569085,2.2352035347614287
dma_hardened2,xilinx_u280_xdma_201920_3,3,2,6,96,1024,Send/recv,221.7253000026176,3.5468753452615274,351.68900000144276,2.2361575141581733
dma_hardened2,xilinx_u280_xdma_201920_3,3,2,6,96,1024,Send/recv,202.9430999982651,3.8751354444015242,357.6730999952815,2.198745167054427
dma_hardened2,xilinx_u280_xdma_201920_3,3,2,6,96,1024,Send/recv,200.20919999979014,3.928051258387848,374.7943000007581,2.098302989128728
dma_hardened2,xilinx_u280_xdma_201920_3,3,2,6,96,1024,Send/recv,217.06090000179756,3.623093795305775,348.24470000103247,2.2582741388387775
dma_hardened2,xilinx_u280_xdma_201920_3,3,2,6,96,1024,Send/recv,189.5204999982525,4.149588039326888,332.3028000068007,2.3666126195262436
dma_hardened2,xilinx_u280_xdma_201920_3,3,2,6,96,1024,Send/recv,190.4691000049752,4.128921699002399,350.6349000076625,2.2428799870829
dma_hardened2,xilinx_u280_xdma_201920_3,3,2,6,96,1024,Send/recv,188.5003999973378,4.172044197312615,391.1206999987371,2.010714339595269
dma_hardened2,xilinx_u280_xdma_201920_3,3,2,6,96,1024,Send/recv,192.744200001016,4.08018503278363,350.9002999976474,2.2411836068685966
dma_hardened2,xilinx_u280_xdma_201920_3,3,2,6,96,1024,Send/recv,183.41290000307708,4.287768199438569,337.37429999973756,2.331037070697477
dma_hardened2,xilinx_u280_xdma_201920_3,3,2,6,96,1024,Send/recv,197.78260000293812,3.9762446240888596,369.84559999382327,2.12637922423069
dma_hardened2,xilinx_u280_xdma_201920_3,3,2,6,96,1024,Send/recv,217.42789999734669,3.6169783179141084,345.21050000648756,2.278123058207153
dma_hardened2,xilinx_u280_xdma_201920_3,3,2,6,96,1024,Send/recv,200.31619999372197,3.925953068322219,336.2668999898233,2.3387136825652495
dma_hardened2,xilinx_u280_xdma_201920_3,3,2,6,96,1024,Send/recv,191.40190000825896,4.1087993377603125,340.86480000041774,2.3071669471269436
dma_hardened2,xilinx_u280_xdma_201920_3,3,2,6,192,1024,Send/recv,220.15099999634913,7.1444781083260285,401.22159999782525,3.920187746643066
dma_hardened2,xilinx_u280_xdma_201920_3,3,2,6,192,1024,Send/recv,245.0838999948246,6.4176553418368725,389.9878999959583,4.0331097452415845
dma_hardened2,xilinx_u280_xdma_201920_3,3,2,6,192,1024,Send/recv,219.2788999991535,7.1728926039216345,398.8361999972767,3.9436340031590404
dma_hardened2,xilinx_u280_xdma_201920_3,3,2,6,192,1024,Send/recv,216.1564999937582,7.27650568012259,400.48390000038125,3.927408817179673
dma_hardened2,xilinx_u280_xdma_201920_3,3,2,6,192,1024,Send/recv,219.54400000367968,7.1642313156981645,441.9985999902565,3.55852710853535
dma_hardened2,xilinx_u280_xdma_201920_3,3,2,6,192,1024,Send/recv,222.33270000242555,7.0743709763918705,400.38429999640357,3.928385803374728
dma_hardened2,xilinx_u280_xdma_201920_3,3,2,6,192,1024,Send/recv,215.9339999934673,7.2840034457176,432.3951000060333,3.6375620352267024
dma_hardened2,xilinx_u280_xdma_201920_3,3,2,6,192,1024,Send/recv,220.46450000061668,7.134318677136684,418.8382999927853,3.755301270268486
dma_hardened2,xilinx_u280_xdma_201920_3,3,2,6,192,1024,Send/recv,221.9689000071412,7.085965646310802,400.0662000066768,3.9315093351394093
dma_hardened2,xilinx_u280_xdma_201920_3,3,2,6,192,1024,Send/recv,243.68470000126763,6.454504529795338,415.1148000005378,3.788985601086645
dma_hardened2,xilinx_u280_xdma_201920_3,3,2,6,192,1024,Send/recv,230.1656999975421,6.833615955882203,388.00610000180313,4.053709464858131
dma_hardened2,xilinx_u280_xdma_201920_3,3,2,6,192,1024,Send/recv,215.1732000015727,7.3097579066003755,407.3271999914141,3.861426391444406
dma_hardened2,xilinx_u280_xdma_201920_3,3,2,6,192,1024,Send/recv,241.45229999703588,6.5141810619294525,428.19020000024466,3.6732835081211603
dma_hardened2,xilinx_u280_xdma_201920_3,3,2,6,192,1024,Send/recv,227.3658000035539,6.917768635280306,425.67770000232485,3.694964523608847
dma_hardened2,xilinx_u280_xdma_201920_3,3,2,6,192,1024,Send/recv,224.71290000112276,6.999437949455244,421.2048999988838,3.734201572688656
dma_hardened2,xilinx_u280_xdma_201920_3,3,2,6,192,1024,Send/recv,240.0064000084967,6.553425241761542,436.91089999811084,3.599965118761745
dma_hardened2,xilinx_u280_xdma_201920_3,3,2,6,192,1024,Send/recv,220.64730000010968,7.128408097444284,368.90330000005633,4.263621388043316
dma_hardened2,xilinx_u280_xdma_201920_3,3,2,6,192,1024,Send/recv,220.29470000006768,7.139817707822824,425.88269999441764,3.693185940684176
dma_hardened2,xilinx_u280_xdma_201920_3,3,2,6,192,1024,Send/recv,224.3055999997523,7.0121477127710445,430.98919999238205,3.649427874359267
dma_hardened2,xilinx_u280_xdma_201920_3,3,2,6,192,1024,Send/recv,225.64319999673899,6.970580101783396,396.66589999569624,3.9652110252408015
dma_hardened2,xilinx_u280_xdma_201920_3,3,2,6,384,1024,Send/recv,273.60569999927975,11.497304332505795,529.2024999903333,5.9442803086861105
dma_hardened2,xilinx_u280_xdma_201920_3,3,2,6,384,1024,Send/recv,268.11909999651107,11.732577052664038,548.308099996575,5.73715398335288
dma_hardened2,xilinx_u280_xdma_201920_3,3,2,6,384,1024,Send/recv,283.6094000031153,11.091762120597716,554.5945999983815,5.672121582159618
dma_hardened2,xilinx_u280_xdma_201920_3,3,2,6,384,1024,Send/recv,275.53660000876334,11.416733747531003,533.445100006702,5.897004208981352
dma_hardened2,xilinx_u280_xdma_201920_3,3,2,6,384,1024,Send/recv,267.72179999170476,11.749988234418971,526.224700001876,5.977917798212028
dma_hardened2,xilinx_u280_xdma_201920_3,3,2,6,384,1024,Send/recv,284.99999999667125,11.037642105392077,514.2770000020391,6.116796979035669
dma_hardened2,xilinx_u280_xdma_201920_3,3,2,6,384,1024,Send/recv,312.9177999994681,10.052889289153084,548.8633000027221,5.731350593097405
dma_hardened2,xilinx_u280_xdma_201920_3,3,2,6,384,1024,Send/recv,276.86910000284115,11.361787935048438,542.6809000027788,5.796644031481286
dma_hardened2,xilinx_u280_xdma_201920_3,3,2,6,384,1024,Send/recv,282.8274999956193,11.122426214030545,546.4737000011155,5.756412431181188
dma_hardened2,xilinx_u280_xdma_201920_3,3,2,6,384,1024,Send/recv,284.29590000769167,11.064978425347997,549.8472999988735,5.721093838246445
dma_hardened2,xilinx_u280_xdma_201920_3,3,2,6,384,1024,Send/recv,279.5090000063283,11.25447838863428,538.698499997281,5.839496490181201
dma_hardened2,xilinx_u280_xdma_201920_3,3,2,6,384,1024,Send/recv,261.17670000758153,12.044443474125696,541.9845999995232,5.804091112557012
dma_hardened2,xilinx_u280_xdma_201920_3,3,2,6,384,1024,Send/recv,292.76909999680356,10.74474047990155,558.7810000065474,5.629625917780205
dma_hardened2,xilinx_u280_xdma_201920_3,3,2,6,384,1024,Send/recv,275.2621000013278,11.428118872830025,539.052100009485,5.835665977267594
dma_hardened2,xilinx_u280_xdma_201920_3,3,2,6,384,1024,Send/recv,277.4574999989454,11.337693160256821,549.1503000030207,5.72835524260425
dma_hardened2,xilinx_u280_xdma_201920_3,3,2,6,384,1024,Send/recv,288.6272000068857,10.898931216201914,562.4292999982572,5.593108324921457
dma_hardened2,xilinx_u280_xdma_201920_3,3,2,6,384,1024,Send/recv,295.0477000013052,10.661760793207621,541.2461999981133,5.812009396113941
dma_hardened2,xilinx_u280_xdma_201920_3,3,2,6,384,1024,Send/recv,288.0333999996765,10.921400087640992,542.6742000054219,5.79671559836191
dma_hardened2,xilinx_u280_xdma_201920_3,3,2,6,384,1024,Send/recv,276.2400999927195,11.387658779745982,560.3927999914049,5.613434005662186
dma_hardened2,xilinx_u280_xdma_201920_3,3,2,6,384,1024,Send/recv,292.77130000764373,10.744659739249956,591.1320999985037,5.32153134639104
dma_hardened2,xilinx_u280_xdma_201920_3,3,2,6,768,1024,Send/recv,438.41939999538226,14.350313877684851,735.4210000016792,8.554903925759035
dma_hardened2,xilinx_u280_xdma_201920_3,3,2,6,768,1024,Send/recv,428.10569999574,14.696034180490019,720.8580999986225,8.727731574372298
dma_hardened2,xilinx_u280_xdma_201920_3,3,2,6,768,1024,Send/recv,429.9514999956955,14.632943483306809,729.9786000089625,8.618685533963262
dma_hardened2,xilinx_u280_xdma_201920_3,3,2,6,768,1024,Send/recv,444.1194999913023,14.166133214423626,743.0737999925441,8.46679831809859
dma_hardened2,xilinx_u280_xdma_201920_3,3,2,6,768,1024,Send/recv,418.54419999936,15.031760086532366,769.4301000015003,8.176773952549729
dma_hardened2,xilinx_u280_xdma_201920_3,3,2,6,768,1024,Send/recv,425.1565999993545,14.79797326446197,803.5070999994787,7.8299942838141465
dma_hardened2,xilinx_u280_xdma_201920_3,3,2,6,768,1024,Send/recv,422.15430000851484,14.9032142983575,743.9849000093091,8.45642969356136
dma_hardened2,xilinx_u280_xdma_201920_3,3,2,6,768,1024,Send/recv,405.2990999980466,15.5229952398866,733.6226999996143,8.575874219818045
dma_hardened2,xilinx_u280_xdma_201920_3,3,2,6,768,1024,Send/recv,421.1789000009958,14.937728361950528,759.4734999997854,8.283970408449772
dma_hardened2,xilinx_u280_xdma_201920_3,3,2,6,768,1024,Send/recv,432.9621000010775,14.531193376936093,735.7447000003958,8.551140089757515
dma_hardened2,xilinx_u280_xdma_201920_3,3,2,6,768,1024,Send/recv,430.5775000034373,14.611669211581598,702.5607000059608,8.95503548653749
dma_hardened2,xilinx_u280_xdma_201920_3,3,2,6,768,1024,Send/recv,416.38679999778105,15.10964324525544,788.8982000054057,7.974990943009997
dma_hardened2,xilinx_u280_xdma_201920_3,3,2,6,768,1024,Send/recv,406.98169999586753,15.458817927351236,729.434700008369,8.625112021580296
dma_hardened2,xilinx_u280_xdma_201920_3,3,2,6,768,1024,Send/recv,429.1095999974459,14.661652873851917,780.48470001022,8.060960067401215
dma_hardened2,xilinx_u280_xdma_201920_3,3,2,6,768,1024,Send/recv,426.6725999968912,14.745394946958957,731.3930999998774,8.602017164232278
dma_hardened2,xilinx_u280_xdma_201920_3,3,2,6,768,1024,Send/recv,431.1954000058904,14.590730791455695,740.9123999991607,8.491497780314011
dma_hardened2,xilinx_u280_xdma_201920_3,3,2,6,768,1024,Send/recv,409.9677999988671,15.346219873895915,714.5573999991939,8.80468944833137
dma_hardened2,xilinx_u280_xdma_201920_3,3,2,6,768,1024,Send/recv,434.97199999364966,14.464048260788859,724.939600002017,8.678593361409
dma_hardened2,xilinx_u280_xdma_201920_3,3,2,6,768,1024,Send/recv,428.6747000037394,14.676527445975044,729.1432999977587,8.628559022649373
dma_hardened2,xilinx_u280_xdma_201920_3,3,2,6,768,1024,Send/recv,419.3136000026243,15.004178256943309,723.7411999994947,8.692963727924282
dma_hardened2,xilinx_u280_xdma_201920_3,3,2,6,1536,1024,Send/recv,633.0800000000636,19.87570607190045,1169.1532999975607,10.762414133395726
dma_hardened2,xilinx_u280_xdma_201920_3,3,2,6,1536,1024,Send/recv,578.251599995383,21.760271826486026,1189.9943000003077,10.573926278467676
dma_hardened2,xilinx_u280_xdma_201920_3,3,2,6,1536,1024,Send/recv,618.3835000001636,20.348072029730208,1175.8314999951835,10.701288407438941
dma_hardened2,xilinx_u280_xdma_201920_3,3,2,6,1536,1024,Send/recv,580.7720000007066,21.665837884720148,1095.9713000033844,11.481059768591699
dma_hardened2,xilinx_u280_xdma_201920_3,3,2,6,1536,1024,Send/recv,591.0846000006131,21.28783595442505,1156.603599997652,10.879191453342825
dma_hardened2,xilinx_u280_xdma_201920_3,3,2,6,1536,1024,Send/recv,614.3480999980966,20.481730146213497,1093.0670999982794,11.51156411168153
dma_hardened2,xilinx_u280_xdma_201920_3,3,2,6,1536,1024,Send/recv,581.850100002157,21.625693627883457,1017.998199995418,12.360446216954642
dma_hardened2,xilinx_u280_xdma_201920_3,3,2,6,1536,1024,Send/recv,599.5226999971237,20.98821612602887,1246.6969999991306,10.092999341466912
dma_hardened2,xilinx_u280_xdma_201920_3,3,2,6,1536,1024,Send/recv,583.8270000026569,21.552466740905675,1100.4225999954542,11.434617936828976
dma_hardened2,xilinx_u280_xdma_201920_3,3,2,6,1536,1024,Send/recv,603.4440999997059,20.851827037510404,1095.8225999956994,11.482617715722766
dma_hardened2,xilinx_u280_xdma_201920_3,3,2,6,1536,1024,Send/recv,598.698399994646,21.017113124258437,1044.53139999805,12.046466003820939
dma_hardened2,xilinx_u280_xdma_201920_3,3,2,6,1536,1024,Send/recv,607.4414999943656,20.71460708581273,1157.1123999942756,10.874407706686274
dma_hardened2,xilinx_u280_xdma_201920_3,3,2,6,1536,1024,Send/recv,599.0546000020913,21.00461627363528,1041.9679999927212,12.076102145255804
dma_hardened2,xilinx_u280_xdma_201920_3,3,2,6,1536,1024,Send/recv,631.5662000019984,19.923346119472807,1007.4368999994476,12.49002493357837
dma_hardened2,xilinx_u280_xdma_201920_3,3,2,6,1536,1024,Send/recv,580.7044999983191,21.668356281097225,1117.580300001464,11.259067469231086
dma_hardened2,xilinx_u280_xdma_201920_3,3,2,6,1536,1024,Send/recv,550.6665999973848,22.850327221697775,1077.024899996104,11.683027941178997
dma_hardened2,xilinx_u280_xdma_201920_3,3,2,6,1536,1024,Send/recv,573.533099998258,21.939295221214294,1017.6362000038353,12.364843153135254
dma_hardened2,xilinx_u280_xdma_201920_3,3,2,6,1536,1024,Send/recv,564.1399000069214,22.304595012417348,1038.265500005764,12.119166051390657
dma_hardened2,xilinx_u280_xdma_201920_3,3,2,6,1536,1024,Send/recv,595.3958999953102,21.13368936551144,1059.596999994028,11.87518650965501
dma_hardened2,xilinx_u280_xdma_201920_3,3,2,6,1536,1024,Send/recv,594.7124999920561,21.1579746519,1060.5868999959966,11.864102790678912
dma_hardened2,xilinx_u280_xdma_201920_3,3,2,6,3072,1024,Send/recv,842.1276000035505,29.883623336764995,1696.2760999945203,14.835924411174156
dma_hardened2,xilinx_u280_xdma_201920_3,3,2,6,3072,1024,Send/recv,850.8109999979752,29.578630271658326,1701.316199989833,14.791973414554208
dma_hardened2,xilinx_u280_xdma_201920_3,3,2,6,3072,1024,Send/recv,816.7733999925986,30.8112678500892,1678.6909999950694,14.991337893676631
dma_hardened2,xilinx_u280_xdma_201920_3,3,2,6,3072,1024,Send/recv,837.8930000048967,30.034651202304982,1681.7024000033598,14.964493123129111
dma_hardened2,xilinx_u280_xdma_201920_3,3,2,6,3072,1024,Send/recv,824.4481000019732,30.524449022248664,1698.1138999994982,14.819868090124837
dma_hardened2,xilinx_u280_xdma_201920_3,3,2,6,3072,1024,Send/recv,815.5580999982703,30.857181113219735,1679.903700005525,14.980515847376985
dma_hardened2,xilinx_u280_xdma_201920_3,3,2,6,3072,1024,Send/recv,834.6170999971037,30.15253821193854,1669.6141000011266,15.07283868768419
dma_hardened2,xilinx_u280_xdma_201920_3,3,2,6,3072,1024,Send/recv,825.580599996556,30.482576746722227,1685.9689999932925,14.926623206061391
dma_hardened2,xilinx_u280_xdma_201920_3,3,2,6,3072,1024,Send/recv,843.7576999995144,29.825889588935876,1731.2686999957805,14.536059018488197
dma_hardened2,xilinx_u280_xdma_201920_3,3,2,6,3072,1024,Send/recv,813.3856999961608,30.93959483197059,1689.4772999989982,14.895627186002987
dma_hardened2,xilinx_u280_xdma_201920_3,3,2,6,3072,1024,Send/recv,835.122900002716,30.134276044781135,1732.1806000040851,14.528406564500635
dma_hardened2,xilinx_u280_xdma_201920_3,3,2,6,3072,1024,Send/recv,830.4605999910564,30.303453288778567,1721.5603000067858,14.61803225823737
dma_hardened2,xilinx_u280_xdma_201920_3,3,2,6,3072,1024,Send/recv,837.0029000047907,30.066591166955288,1712.5768999903812,14.694711811271858
dma_hardened2,xilinx_u280_xdma_201920_3,3,2,6,3072,1024,Send/recv,836.1316999980772,30.09791878487309,1718.7058999979854,14.642309658696988
dma_hardened2,xilinx_u280_xdma_201920_3,3,2,6,3072,1024,Send/recv,834.7499000024072,30.147741257504105,1743.22679999932,14.436345287950953
dma_hardened2,xilinx_u280_xdma_201920_3,3,2,6,3072,1024,Send/recv,856.1658000076022,29.39363380291124,1704.7284000000218,14.762365664817738
dma_hardened2,xilinx_u280_xdma_201920_3,3,2,6,3072,1024,Send/recv,816.9860999942102,30.803246224358457,1706.702100000257,14.745293862353725
dma_hardened2,xilinx_u280_xdma_201920_3,3,2,6,3072,1024,Send/recv,826.4865000001009,30.449165231370298,1662.9236999960995,15.13348086870073
dma_hardened2,xilinx_u280_xdma_201920_3,3,2,6,3072,1024,Send/recv,839.2337999907795,29.986666409618504,1747.007999995276,14.405099461518237
dma_hardened2,xilinx_u280_xdma_201920_3,3,2,6,3072,1024,Send/recv,857.6732999927117,29.341969722286855,1693.0749999914951,14.863974720627507
dma_hardened2,xilinx_u280_xdma_201920_3,3,2,6,6144,1024,Send/recv,1273.7946000015654,39.51315855785395,2963.419499997144,16.98431423564855
dma_hardened2,xilinx_u280_xdma_201920_3,3,2,6,6144,1024,Send/recv,1357.283799995912,37.08262634546408,2849.62360000236,17.662560065813015
dma_hardened2,xilinx_u280_xdma_201920_3,3,2,6,6144,1024,Send/recv,1278.700700004265,39.36155505336951,2956.8662999963635,17.021955980918683
dma_hardened2,xilinx_u280_xdma_201920_3,3,2,6,6144,1024,Send/recv,1273.8483000021006,39.511492851948695,2937.1987999979865,17.13593509572267
dma_hardened2,xilinx_u280_xdma_201920_3,3,2,6,6144,1024,Send/recv,1270.3052999995634,39.621694091977176,2886.70730000149,17.435660345603456
dma_hardened2,xilinx_u280_xdma_201920_3,3,2,6,6144,1024,Send/recv,1273.9585999952396,39.50807192650379,2898.8158999936786,17.36283011284358
dma_hardened2,xilinx_u280_xdma_201920_3,3,2,6,6144,1024,Send/recv,1282.9028000055587,39.23262775619627,2937.25069999482,17.13563231088472
dma_hardened2,xilinx_u280_xdma_201920_3,3,2,6,6144,1024,Send/recv,1285.0537999952394,39.16695783490657,2842.40650000811,17.707406734348655
dma_hardened2,xilinx_u280_xdma_201920_3,3,2,6,6144,1024,Send/recv,1284.3122000049334,39.18957399906866,2882.387900001504,17.461788539971923
dma_hardened2,xilinx_u280_xdma_201920_3,3,2,6,6144,1024,Send/recv,1275.9443000049941,39.446587127512544,2879.178700004559,17.481251858358185
dma_hardened2,xilinx_u280_xdma_201920_3,3,2,6,6144,1024,Send/recv,1270.0086999984705,39.63094741009303,2943.678799999816,17.098213296913762
dma_hardened2,xilinx_u280_xdma_201920_3,3,2,6,6144,1024,Send/recv,1282.4375999912263,39.246859262660685,2926.400299998022,17.199167181616957
dma_hardened2,xilinx_u280_xdma_201920_3,3,2,6,6144,1024,Send/recv,1263.8592999905995,39.82377468787417,2895.6043999983194,17.382087138709007
dma_hardened2,xilinx_u280_xdma_201920_3,3,2,6,6144,1024,Send/recv,1243.343700002697,40.480880708922896,2891.455799999676,17.40702659193533
dma_hardened2,xilinx_u280_xdma_201920_3,3,2,6,6144,1024,Send/recv,1281.8089999996118,39.26610594871408,2907.5336000005336,17.31077088842267
dma_hardened2,xilinx_u280_xdma_201920_3,3,2,6,6144,1024,Send/recv,1273.6452000012832,39.51779349535435,2893.1967999938024,17.396551800454024
dma_hardened2,xilinx_u280_xdma_201920_3,3,2,6,6144,1024,Send/recv,1252.4228999950537,40.187422315735986,2855.689299997266,17.625043452748233
dma_hardened2,xilinx_u280_xdma_201920_3,3,2,6,6144,1024,Send/recv,1308.0944999956046,38.47707333084049,2923.8921999990453,17.21392054057822
dma_hardened2,xilinx_u280_xdma_201920_3,3,2,6,6144,1024,Send/recv,1262.5913999954719,39.863765902556054,2885.518300001877,17.442844843495624
dma_hardened2,xilinx_u280_xdma_201920_3,3,2,6,6144,1024,Send/recv,1306.299800000943,38.5299362366615,2910.792800003037,17.29138810565544
dma_hardened2,xilinx_u280_xdma_201920_3,3,2,6,12288,1024,Send/recv,2180.6693000030464,46.16165137917032,4922.250999993594,20.450662918272762
dma_hardened2,xilinx_u280_xdma_201920_3,3,2,6,12288,1024,Send/recv,2208.700099993166,45.575809952791445,4899.029500006691,20.54759947860337
dma_hardened2,xilinx_u280_xdma_201920_3,3,2,6,12288,1024,Send/recv,2214.1430000033324,45.463773568305434,4859.216700003799,20.715951194339883
dma_hardened2,xilinx_u280_xdma_201920_3,3,2,6,12288,1024,Send/recv,2190.7524999960515,45.949186866239536,4869.819600003211,20.670847026845436
dma_hardened2,xilinx_u280_xdma_201920_3,3,2,6,12288,1024,Send/recv,2211.209200004305,45.524094237580066,4800.104499997815,20.971063442482517
dma_hardened2,xilinx_u280_xdma_201920_3,3,2,6,12288,1024,Send/recv,2208.304400005545,45.58397655674065,4885.988000000907,20.60244437767373
dma_hardened2,xilinx_u280_xdma_201920_3,3,2,6,12288,1024,Send/recv,2249.369300000126,44.751787089827516,4905.685100004575,20.519722311549536
dma_hardened2,xilinx_u280_xdma_201920_3,3,2,6,12288,1024,Send/recv,2240.507599992725,44.92879024392814,4878.088299994943,20.63580849901884
dma_hardened2,xilinx_u280_xdma_201920_3,3,2,6,12288,1024,Send/recv,2224.4322999995347,45.253477033228236,4890.06430000245,20.58527042271194
dma_hardened2,xilinx_u280_xdma_201920_3,3,2,6,12288,1024,Send/recv,2267.611299998862,44.391777373860556,4885.603099990021,20.604067489683228
dma_hardened2,xilinx_u280_xdma_201920_3,3,2,6,12288,1024,Send/recv,2208.981200010385,45.570010283259435,4903.994000005696,20.526798360659306
dma_hardened2,xilinx_u280_xdma_201920_3,3,2,6,12288,1024,Send/recv,2211.345099999562,45.52129651768055,4917.996200003927,20.46835579090517
dma_hardened2,xilinx_u280_xdma_201920_3,3,2,6,12288,1024,Send/recv,2221.312799997577,45.31702874089133,4912.927400005174,20.489473546849887
dma_hardened2,xilinx_u280_xdma_201920_3,3,2,6,12288,1024,Send/recv,2248.271299993121,44.773642754016386,4861.794500004635,20.70496727080999
dma_hardened2,xilinx_u280_xdma_201920_3,3,2,6,12288,1024,Send/recv,2221.081300001515,45.32175206730674,4856.460400003471,20.72770860026534
dma_hardened2,xilinx_u280_xdma_201920_3,3,2,6,12288,1024,Send/recv,2205.459200001769,45.642783144625504,4855.281699997249,20.73274059465119
dma_hardened2,xilinx_u280_xdma_201920_3,3,2,6,12288,1024,Send/recv,2219.5947999989585,45.3521048076195,4870.297699994808,20.668817842512443
dma_hardened2,xilinx_u280_xdma_201920_3,3,2,6,12288,1024,Send/recv,2235.9643000072538,45.02008193944484,4893.022100009148,20.572826760748086
dma_hardened2,xilinx_u280_xdma_201920_3,3,2,6,12288,1024,Send/recv,2257.4620999989747,44.591355930203974,4909.408100002111,20.504161387593083
dma_hardened2,xilinx_u280_xdma_201920_3,3,2,6,12288,1024,Send/recv,2234.616000009737,45.047245701078566,4905.686999995851,20.519714364182864
dma_hardened2,xilinx_u280_xdma_201920_3,3,2,6,24576,1024,Send/recv,3863.329499995416,52.11219804063797,8686.198199995943,23.177757099773988
dma_hardened2,xilinx_u280_xdma_201920_3,3,2,6,24576,1024,Send/recv,3849.431399999048,52.30034544843422,8632.390699995085,23.322228916273982
dma_hardened2,xilinx_u280_xdma_201920_3,3,2,6,24576,1024,Send/recv,3851.39640000034,52.27366157375601,8654.579400001694,23.262435145023986
dma_hardened2,xilinx_u280_xdma_201920_3,3,2,6,24576,1024,Send/recv,3879.8862000021472,51.8898188302246,8646.612899997308,23.28386783685698
dma_hardened2,xilinx_u280_xdma_201920_3,3,2,6,24576,1024,Send/recv,3866.577899998447,52.068417398258255,8648.872899993876,23.27778362890991
dma_hardened2,xilinx_u280_xdma_201920_3,3,2,6,24576,1024,Send/recv,3860.168699998212,52.15486877557793,8630.706500002816,23.326780026633312
dma_hardened2,xilinx_u280_xdma_201920_3,3,2,6,24576,1024,Send/recv,3920.047499991597,51.358202164752235,8653.333200004454,23.265785258320616
dma_hardened2,xilinx_u280_xdma_201920_3,3,2,6,24576,1024,Send/recv,3873.1184999960533,51.980488590835826,8698.762999995324,23.14427833016122
dma_hardened2,xilinx_u280_xdma_201920_3,3,2,6,24576,1024,Send/recv,3883.7275999981102,51.83849454325735,8649.562599998717,23.275927501817247
dma_hardened2,xilinx_u280_xdma_201920_3,3,2,6,24576,1024,Send/recv,3860.5318999998417,52.149962029845746,8641.094799997973,23.298736636941797
dma_hardened2,xilinx_u280_xdma_201920_3,3,2,6,24576,1024,Send/recv,3868.0478999935985,52.048629490946375,8691.57780000478,23.16341136587298
dma_hardened2,xilinx_u280_xdma_201920_3,3,2,6,24576,1024,Send/recv,3869.184600000608,52.03333849720387,8642.099700000472,23.296027468878773
dma_hardened2,xilinx_u280_xdma_201920_3,3,2,6,24576,1024,Send/recv,3849.292699999296,52.302229965530245,8637.77619999837,23.307687920883843
dma_hardened2,xilinx_u280_xdma_201920_3,3,2,6,24576,1024,Send/recv,3857.895800001643,52.18559609617094,8658.333999994738,23.252347622547518
dma_hardened2,xilinx_u280_xdma_201920_3,3,2,6,24576,1024,Send/recv,3859.0288000023065,52.170274551949355,8667.892100004337,23.22670721753669
dma_hardened2,xilinx_u280_xdma_201920_3,3,2,6,24576,1024,Send/recv,3889.734300003056,51.75844324375622,8651.82840000216,23.269831842706193
dma_hardened2,xilinx_u280_xdma_201920_3,3,2,6,24576,1024,Send/recv,3820.381399998496,52.69803480879665,8694.179799999802,23.156479004495008
dma_hardened2,xilinx_u280_xdma_201920_3,3,2,6,24576,1024,Send/recv,3916.732300001513,51.40167276684246,8693.005600002834,23.159606845293457
dma_hardened2,xilinx_u280_xdma_201920_3,3,2,6,24576,1024,Send/recv,3879.915299989989,51.88942964825017,8622.118599998885,23.350014229684344
dma_hardened2,xilinx_u280_xdma_201920_3,3,2,6,24576,1024,Send/recv,3881.737000006069,51.865077927661055,8677.879699996538,23.199974989291487
experiment,board_instance,number of nodes,rank id,number of banks,buffer size[KB],segment_size[KB],collective name,execution_time[us],throughput[Gbps],execution_time_fullpath[us],throughput_fullpath[Gbps]
dma_hardened2,xilinx_u280_xdma_201920_3,3,2,6,1,1024,Broadcast,182.11329999076042,0.08996597173754606,305.17599999484446,0.05368705271802759
dma_hardened2,xilinx_u280_xdma_201920_3,3,2,6,1,1024,Broadcast,175.1740000031532,0.09352986173578888,313.14090000478245,0.05232149489175567
dma_hardened2,xilinx_u280_xdma_201920_3,3,2,6,1,1024,Broadcast,174.2985000078079,0.09399966149603159,298.2868999993116,0.054926984725235384
dma_hardened2,xilinx_u280_xdma_201920_3,3,2,6,1,1024,Broadcast,176.64559999275298,0.0927506827267261,316.2666999969588,0.0518043790261749
dma_hardened2,xilinx_u280_xdma_201920_3,3,2,6,1,1024,Broadcast,180.28939999794602,0.09087611362723853,324.8422999945433,0.05043678117127978
dma_hardened2,xilinx_u280_xdma_201920_3,3,2,6,1,1024,Broadcast,184.62709999766957,0.08874103530958784,334.908299998915,0.04892085385776667
dma_hardened2,xilinx_u280_xdma_201920_3,3,2,6,1,1024,Broadcast,180.84319999616127,0.09059782176132572,309.8138999916955,0.05288335997977873
dma_hardened2,xilinx_u280_xdma_201920_3,3,2,6,1,1024,Broadcast,179.48839999917254,0.09128166499938453,322.6964999953452,0.05077216517760909
dma_hardened2,xilinx_u280_xdma_201920_3,3,2,6,1,1024,Broadcast,172.31399999673158,0.09508223359860933,292.9594999955043,0.05592581909871988
dma_hardened2,xilinx_u280_xdma_201920_3,3,2,6,1,1024,Broadcast,175.95290000826935,0.09311582815190879,314.49529999463266,0.052096168051731194
dma_hardened2,xilinx_u280_xdma_201920_3,3,2,6,1,1024,Broadcast,176.240499990854,0.09296387607190315,300.1650999976846,0.05458329432744307
dma_hardened2,xilinx_u280_xdma_201920_3,3,2,6,1,1024,Broadcast,179.74470000581277,0.09115150543782463,254.22049999406227,0.06444798905038215
dma_hardened2,xilinx_u280_xdma_201920_3,3,2,6,1,1024,Broadcast,181.34590000045137,0.09034668001845766,283.02210000674677,0.057889472234180415
dma_hardened2,xilinx_u280_xdma_201920_3,3,2,6,1,1024,Broadcast,175.93149999584057,0.09312715460498748,276.1308000003737,0.05933419958938961
dma_hardened2,xilinx_u280_xdma_201920_3,3,2,6,1,1024,Broadcast,180.48599999929138,0.0907771239878125,280.71430000409237,0.05836539143093582
dma_hardened2,xilinx_u280_xdma_201920_3,3,2,6,1,1024,Broadcast,182.2621999963303,0.08989247359205517,316.94790000074136,0.0516930385087318
dma_hardened2,xilinx_u280_xdma_201920_3,3,2,6,1,1024,Broadcast,180.95679999987624,0.0905409467895719,285.404400005973,0.0574062628314669
dma_hardened2,xilinx_u280_xdma_201920_3,3,2,6,1,1024,Broadcast,180.32689999927243,0.0908572154241331,316.11570000222855,0.05182912458914409
dma_hardened2,xilinx_u280_xdma_201920_3,3,2,6,1,1024,Broadcast,173.97359999904438,0.09417520819302466,315.8413999926779,0.0518741368306366
dma_hardened2,xilinx_u280_xdma_201920_3,3,2,6,1,1024,Broadcast,172.71830000709087,0.09485966454815363,291.5898999958699,0.056188503100525984
dma_hardened2,xilinx_u280_xdma_201920_3,3,2,6,6,1024,Broadcast,182.55479999425006,0.5384903601718294,307.81980000256226,0.31935567497341544
dma_hardened2,xilinx_u280_xdma_201920_3,3,2,6,6,1024,Broadcast,184.15719999893554,0.5338048145854097,340.71229999881325,0.2885249519912912
dma_hardened2,xilinx_u280_xdma_201920_3,3,2,6,6,1024,Broadcast,174.85380000152873,0.5622068264981404,333.7025999940124,0.2945856580133444
dma_hardened2,xilinx_u280_xdma_201920_3,3,2,6,6,1024,Broadcast,181.81660000209376,0.5406767038810975,320.9750999985772,0.3062667477958127
dma_hardened2,xilinx_u280_xdma_201920_3,3,2,6,6,1024,Broadcast,173.90970000406014,0.5652588670885234,288.19919999705235,0.34109740762988044
dma_hardened2,xilinx_u280_xdma_201920_3,3,2,6,6,1024,Broadcast,176.76810000466503,0.5561184399074589,307.74939999673734,0.31942873000253513
dma_hardened2,xilinx_u280_xdma_201920_3,3,2,6,6,1024,Broadcast,187.58290000278066,0.5240562972346775,321.19100000045364,0.3060608796630701
dma_hardened2,xilinx_u280_xdma_201920_3,3,2,6,6,1024,Broadcast,177.08269999729964,0.5551304560044491,365.9885000047325,0.26859860350456055
dma_hardened2,xilinx_u280_xdma_201920_3,3,2,6,6,1024,Broadcast,179.1496000009829,0.5487257576877685,362.70040000090376,0.27103361341690013
dma_hardened2,xilinx_u280_xdma_201920_3,3,2,6,6,1024,Broadcast,186.8711000042822,0.526052450045766,323.80860000102984,0.303586748467111
dma_hardened2,xilinx_u280_xdma_201920_3,3,2,6,6,1024,Broadcast,183.18119999776172,0.5366489574323193,308.3084000081726,0.31884956750252075
dma_hardened2,xilinx_u280_xdma_201920_3,3,2,6,6,1024,Broadcast,178.8616999988335,0.5496089995825888,349.90050000942574,0.28094844104924643
dma_hardened2,xilinx_u280_xdma_201920_3,3,2,6,6,1024,Broadcast,181.08470000015586,0.5428619866831124,330.36769999625903,0.29755935583627924
dma_hardened2,xilinx_u280_xdma_201920_3,3,2,6,6,1024,Broadcast,178.12950000006822,0.5518681633303992,269.35209999692233,0.36496466892637275
dma_hardened2,xilinx_u280_xdma_201920_3,3,2,6,6,1024,Broadcast,179.8413000074106,0.5466152657701498,347.9472999970312,0.28252554338211205
dma_hardened2,xilinx_u280_xdma_201920_3,3,2,6,6,1024,Broadcast,188.00820000706153,0.5228708109343514,276.96750000814063,0.3549297300120435
dma_hardened2,xilinx_u280_xdma_201920_3,3,2,6,6,1024,Broadcast,178.83770000253207,0.549682757039529,364.39149999978326,0.2697757768775026
dma_hardened2,xilinx_u280_xdma_201920_3,3,2,6,6,1024,Broadcast,193.9300000003641,0.5069045531883434,326.9042000056288,0.30071195169198606
dma_hardened2,xilinx_u280_xdma_201920_3,3,2,6,6,1024,Broadcast,183.1442000025163,0.5367573747825449,328.9074999997865,0.2988803843027715
dma_hardened2,xilinx_u280_xdma_201920_3,3,2,6,6,1024,Broadcast,182.1921999976439,0.5395620668792147,311.39420000272366,0.3156898876059354
dma_hardened2,xilinx_u280_xdma_201920_3,3,2,6,12,1024,Broadcast,180.96039999591085,1.0864697469968168,283.94910000315576,0.692405786804096
dma_hardened2,xilinx_u280_xdma_201920_3,3,2,6,12,1024,Broadcast,196.1375000064436,1.0023988273203286,318.92840000864453,0.6164643850929267
dma_hardened2,xilinx_u280_xdma_201920_3,3,2,6,12,1024,Broadcast,183.91819999123982,1.0689969780552693,362.4316000014005,0.5424692548862744
dma_hardened2,xilinx_u280_xdma_201920_3,3,2,6,12,1024,Broadcast,180.32159999847863,1.090318630722325,358.48019999775715,0.5484487009358678
dma_hardened2,xilinx_u280_xdma_201920_3,3,2,6,12,1024,Broadcast,186.27339999284231,1.0554808147999382,281.31279999570324,0.6988946112761416
dma_hardened2,xilinx_u280_xdma_201920_3,3,2,6,12,1024,Broadcast,189.24809999134595,1.038890218760403,344.8210999977164,0.5701739249753047
dma_hardened2,xilinx_u280_xdma_201920_3,3,2,6,12,1024,Broadcast,182.91970000063884,1.0748322897933538,314.17279999459424,0.6257957404440578
dma_hardened2,xilinx_u280_xdma_201920_3,3,2,6,12,1024,Broadcast,190.2696999991349,1.0333121879148068,326.2675999962994,0.6025973771291725
dma_hardened2,xilinx_u280_xdma_201920_3,3,2,6,12,1024,Broadcast,186.3737000007859,1.054912790802409,305.893599988849,0.6427332902916802
dma_hardened2,xilinx_u280_xdma_201920_3,3,2,6,12,1024,Broadcast,182.23630000875346,1.0788629926669726,278.7338000075579,0.7053611725404991
dma_hardened2,xilinx_u280_xdma_201920_3,3,2,6,12,1024,Broadcast,189.57209999825864,1.037114638714273,334.1934999980367,0.58830587668867
dma_hardened2,xilinx_u280_xdma_201920_3,3,2,6,12,1024,Broadcast,178.10770000323828,1.1038714215972996,338.58389999750216,0.580677344674246
dma_hardened2,xilinx_u280_xdma_201920_3,3,2,6,12,1024,Broadcast,182.60790000113047,1.0766675483305095,330.25579999730326,0.5953203547117277
dma_hardened2,xilinx_u280_xdma_201920_3,3,2,6,12,1024,Broadcast,180.26919999556412,1.0906355606217697,278.9516999996522,0.7048101875709849
dma_hardened2,xilinx_u280_xdma_201920_3,3,2,6,12,1024,Broadcast,175.0528000002305,1.1231354197118877,330.91510000531343,0.594134265848984
dma_hardened2,xilinx_u280_xdma_201920_3,3,2,6,12,1024,Broadcast,182.4661999989985,1.0775036691786157,276.24470000091605,0.7117168220760364
dma_hardened2,xilinx_u280_xdma_201920_3,3,2,6,12,1024,Broadcast,175.9461000006013,1.1174331229810044,345.10279999722115,0.5697085042531765
dma_hardened2,xilinx_u280_xdma_201920_3,3,2,6,12,1024,Broadcast,183.07799999774943,1.0739029266346414,317.29209999866725,0.6196435398196987
dma_hardened2,xilinx_u280_xdma_201920_3,3,2,6,12,1024,Broadcast,181.85010000024704,1.081154203378128,335.76300000959236,0.5855558831508627
dma_hardened2,xilinx_u280_xdma_201920_3,3,2,6,12,1024,Broadcast,193.25780000372106,1.0173353934289557,357.9401000024518,0.5492762615830227
dma_hardened2,xilinx_u280_xdma_201920_3,3,2,6,24,1024,Broadcast,180.25030000217157,2.1814998365898015,349.97290000546855,1.1235612814416653
dma_hardened2,xilinx_u280_xdma_201920_3,3,2,6,24,1024,Broadcast,193.26670000054946,2.034577089580782,346.2954000042373,1.135492992385081
dma_hardened2,xilinx_u280_xdma_201920_3,3,2,6,24,1024,Broadcast,183.40410000519114,2.143986966424798,328.2167999941521,1.1980373948164933
dma_hardened2,xilinx_u280_xdma_201920_3,3,2,6,24,1024,Broadcast,186.0047000036502,2.114011097527554,295.5835000079787,1.3303042963811778
dma_hardened2,xilinx_u280_xdma_201920_3,3,2,6,24,1024,Broadcast,187.07669999002974,2.1018972433283056,330.8211999978994,1.1886058088251201
dma_hardened2,xilinx_u280_xdma_201920_3,3,2,6,24,1024,Broadcast,190.65610000552624,2.062435977598422,331.7882999908761,1.18514124823212
dma_hardened2,xilinx_u280_xdma_201920_3,3,2,6,24,1024,Broadcast,188.17699999544857,2.0896071252571287,347.7667000083784,1.1306890509946084
dma_hardened2,xilinx_u280_xdma_201920_3,3,2,6,24,1024,Broadcast,183.18539999881978,2.1465466134448126,355.6696000032389,1.1055653898911215
dma_hardened2,xilinx_u280_xdma_201920_3,3,2,6,24,1024,Broadcast,183.31920000491664,2.1449799038477906,332.34329999913825,1.1831621097853322
dma_hardened2,xilinx_u280_xdma_201920_3,3,2,6,24,1024,Broadcast,173.2158999971034,2.2700918334089164,403.78869999813105,0.9738162558828913
dma_hardened2,xilinx_u280_xdma_201920_3,3,2,6,24,1024,Broadcast,186.33060000183832,2.110313603863888,347.94240000337595,1.1301180885002367
dma_hardened2,xilinx_u280_xdma_201920_3,3,2,6,24,1024,Broadcast,185.2940000048875,2.122119442559544,361.5013000057843,1.08773052819923
dma_hardened2,xilinx_u280_xdma_201920_3,3,2,6,24,1024,Broadcast,182.84830000538932,2.150503996965847,347.3898000038389,1.1319157902611265
dma_hardened2,xilinx_u280_xdma_201920_3,3,2,6,24,1024,Broadcast,185.86119999781658,2.1156432865203674,333.57549999664116,1.1787916079087324
dma_hardened2,xilinx_u280_xdma_201920_3,3,2,6,24,1024,Broadcast,178.88520000042263,2.1981471916014907,367.93539999280256,1.0687093441068514
dma_hardened2,xilinx_u280_xdma_201920_3,3,2,6,24,1024,Broadcast,200.59879999507757,1.9602111279312189,359.5677000021169,1.0935798738253881
dma_hardened2,xilinx_u280_xdma_201920_3,3,2,6,24,1024,Broadcast,180.93769999723008,2.1732121056364684,370.36080000234506,1.0617106345960756
dma_hardened2,xilinx_u280_xdma_201920_3,3,2,6,24,1024,Broadcast,188.37070000472522,2.087458399794322,323.1927999991058,1.2166607671986753
dma_hardened2,xilinx_u280_xdma_201920_3,3,2,6,24,1024,Broadcast,181.53140000549683,2.1661045967149115,297.2441999986586,1.3228719012911756
dma_hardened2,xilinx_u280_xdma_201920_3,3,2,6,24,1024,Broadcast,185.23810000488083,2.122759842546642,340.4971000009027,1.1548292188067315
dma_hardened2,xilinx_u280_xdma_201920_3,3,2,6,48,1024,Broadcast,191.1973999995098,4.113194007878853,321.6872999928455,2.4447095052166827
dma_hardened2,xilinx_u280_xdma_201920_3,3,2,6,48,1024,Broadcast,184.32800000027783,4.266481489512254,354.3815999933031,2.2191671351302142
dma_hardened2,xilinx_u280_xdma_201920_3,3,2,6,48,1024,Broadcast,197.53100000343693,3.9813092627806093,317.2949000031622,2.4785522868226444
dma_hardened2,xilinx_u280_xdma_201920_3,3,2,6,48,1024,Broadcast,192.0375000054264,4.09520015610377,373.4911000037755,2.1056244713516605
dma_hardened2,xilinx_u280_xdma_201920_3,3,2,6,48,1024,Broadcast,189.25620000800336,4.155383020301279,319.9968999979319,2.4576238082465256
dma_hardened2,xilinx_u280_xdma_201920_3,3,2,6,48,1024,Broadcast,196.45990000753955,4.003015373467151,332.65549999441646,2.364103404312269
dma_hardened2,xilinx_u280_xdma_201920_3,3,2,6,48,1024,Broadcast,192.49950000812532,4.085371650143533,340.21320000192645,2.3115857938361795
dma_hardened2,xilinx_u280_xdma_201920_3,3,2,6,48,1024,Broadcast,186.03520001079232,4.227329021359276,381.694099996821,2.060372429142997
dma_hardened2,xilinx_u280_xdma_201920_3,3,2,6,48,1024,Broadcast,190.5552000039279,4.127056097045839,366.3480000000163,2.1466802057059544
dma_hardened2,xilinx_u280_xdma_201920_3,3,2,6,48,1024,Broadcast,188.11400000231515,4.180613883019452,345.2818000027946,2.277652630383747
dma_hardened2,xilinx_u280_xdma_201920_3,3,2,6,48,1024,Broadcast,190.66479999310104,4.124683738311718,374.62079999386333,2.099274786698663
dma_hardened2,xilinx_u280_xdma_201920_3,3,2,6,48,1024,Broadcast,192.21229999857314,4.091475935753529,340.8684999953948,2.3071419037271697
dma_hardened2,xilinx_u280_xdma_201920_3,3,2,6,48,1024,Broadcast,188.55190000977018,4.170904668471914,369.9035000067852,2.1260463877351103
dma_hardened2,xilinx_u280_xdma_201920_3,3,2,6,48,1024,Broadcast,196.91500000362794,3.9937638066450543,334.64050000020507,2.350080160648571
dma_hardened2,xilinx_u280_xdma_201920_3,3,2,6,48,1024,Broadcast,190.8632999970905,4.120394020285661,328.7749999913103,2.3920066915695712
dma_hardened2,xilinx_u280_xdma_201920_3,3,2,6,48,1024,Broadcast,196.72380000201883,3.9976454297442885,309.8807000014858,2.537854083833647
dma_hardened2,xilinx_u280_xdma_201920_3,3,2,6,48,1024,Broadcast,188.76990000080696,4.166087919719395,353.2561000042733,2.2262375652974895
dma_hardened2,xilinx_u280_xdma_201920_3,3,2,6,48,1024,Broadcast,200.58170000538666,3.9207564796732712,344.2146999987017,2.2847135813867516
dma_hardened2,xilinx_u280_xdma_201920_3,3,2,6,48,1024,Broadcast,190.883700008726,4.119953667935236,327.72429999567976,2.399675581000149
dma_hardened2,xilinx_u280_xdma_201920_3,3,2,6,48,1024,Broadcast,193.43370000797222,4.065641095463654,398.6628000006931,1.9726746513560653
dma_hardened2,xilinx_u280_xdma_201920_3,3,2,6,96,1024,Broadcast,200.59059999084639,7.841165039995768,397.81199999424643,3.9537872161290974
dma_hardened2,xilinx_u280_xdma_201920_3,3,2,6,96,1024,Broadcast,211.78819999931875,7.426589394522733,408.2412000002478,3.8527811499648865
dma_hardened2,xilinx_u280_xdma_201920_3,3,2,6,96,1024,Broadcast,208.78349999975399,7.533468880452015,378.16579999798705,4.159191550395017
dma_hardened2,xilinx_u280_xdma_201920_3,3,2,6,96,1024,Broadcast,197.20210000286897,7.975898836661057,363.412799993057,4.3280368771547115
dma_hardened2,xilinx_u280_xdma_201920_3,3,2,6,96,1024,Broadcast,202.13720000583635,7.781170412742367,429.3673999995917,3.663212437650123
dma_hardened2,xilinx_u280_xdma_201920_3,3,2,6,96,1024,Broadcast,219.52199999759614,7.164949299009773,379.70729999869945,4.142306455539273
dma_hardened2,xilinx_u280_xdma_201920_3,3,2,6,96,1024,Broadcast,219.82770000477103,7.154985472558114,419.6760000013455,3.7478054499064926
dma_hardened2,xilinx_u280_xdma_201920_3,3,2,6,96,1024,Broadcast,206.83230000031472,7.604537589136739,433.02159999711876,3.6322991740145656
dma_hardened2,xilinx_u280_xdma_201920_3,3,2,6,96,1024,Broadcast,210.11590000625802,7.485697179286072,389.580199998818,4.037330439290221
dma_hardened2,xilinx_u280_xdma_201920_3,3,2,6,96,1024,Broadcast,201.3017999956901,7.813462174872134,372.91370000502866,4.217769419516608
dma_hardened2,xilinx_u280_xdma_201920_3,3,2,6,96,1024,Broadcast,238.64300000013827,6.590865854012431,394.31470000863555,3.9888545873779346
dma_hardened2,xilinx_u280_xdma_201920_3,3,2,6,96,1024,Broadcast,217.19369999573246,7.241757012431321,393.7368999913815,3.994708141488462
dma_hardened2,xilinx_u280_xdma_201920_3,3,2,6,96,1024,Broadcast,206.35869999523493,7.621990253070597,348.38499999523265,4.5147293942664675
dma_hardened2,xilinx_u280_xdma_201920_3,3,2,6,96,1024,Broadcast,208.87770000399541,7.530071424426419,403.3984999978202,3.8990328422354055
dma_hardened2,xilinx_u280_xdma_201920_3,3,2,6,96,1024,Broadcast,203.72050000787567,7.720695756878637,376.13140000303247,4.18168756978896
dma_hardened2,xilinx_u280_xdma_201920_3,3,2,6,96,1024,Broadcast,209.3825999963883,7.511913597534517,392.94540000582856,4.0027545811114456
dma_hardened2,xilinx_u280_xdma_201920_3,3,2,6,96,1024,Broadcast,243.56929999385102,6.457562591179214,399.6020000045064,3.9360763959696454
dma_hardened2,xilinx_u280_xdma_201920_3,3,2,6,96,1024,Broadcast,207.5611000009303,7.577836116656494,351.0814000037499,4.480055052711993
dma_hardened2,xilinx_u280_xdma_201920_3,3,2,6,96,1024,Broadcast,210.037099998317,7.488505602165538,397.4276999997528,3.957610403102195
dma_hardened2,xilinx_u280_xdma_201920_3,3,2,6,96,1024,Broadcast,202.18619999923249,7.779284639634014,398.82459999489583,3.9437487056217932
dma_hardened2,xilinx_u280_xdma_201920_3,3,2,6,192,1024,Broadcast,260.99340000200755,12.05290248709662,491.51190000884526,6.400105470372924
dma_hardened2,xilinx_u280_xdma_201920_3,3,2,6,192,1024,Broadcast,274.9082000036651,11.442830733888842,464.4994000045699,6.772297230026672
dma_hardened2,xilinx_u280_xdma_201920_3,3,2,6,192,1024,Broadcast,244.36799999421055,12.8729129840017,480.2657000027466,6.5499743162628725
dma_hardened2,xilinx_u280_xdma_201920_3,3,2,6,192,1024,Broadcast,255.7626999987406,12.29940096822363,434.5413000010012,7.239192224059605
dma_hardened2,xilinx_u280_xdma_201920_3,3,2,6,192,1024,Broadcast,258.39859999905457,12.17393592694198,489.30650000329473,6.428951996302559
dma_hardened2,xilinx_u280_xdma_201920_3,3,2,6,192,1024,Broadcast,241.271400000187,13.038130503646773,456.6766000039024,6.888305641176094
dma_hardened2,xilinx_u280_xdma_201920_3,3,2,6,192,1024,Broadcast,249.5220000014342,12.607016615696889,480.99650000494876,6.540022640430097
dma_hardened2,xilinx_u280_xdma_201920_3,3,2,6,192,1024,Broadcast,236.74699999673976,13.287298255282305,470.4129000060675,6.687163553464257
dma_hardened2,xilinx_u280_xdma_201920_3,3,2,6,192,1024,Broadcast,260.95539999460016,12.054657616071916,466.88339999718664,6.737716526265349
dma_hardened2,xilinx_u280_xdma_201920_3,3,2,6,192,1024,Broadcast,244.98270000776756,12.840612826539424,467.8795000017999,6.723372150282067
dma_hardened2,xilinx_u280_xdma_201920_3,3,2,6,192,1024,Broadcast,247.730799992496,12.698170756705613,500.6051999998818,6.283850027927682
dma_hardened2,xilinx_u280_xdma_201920_3,3,2,6,192,1024,Broadcast,258.7104999975054,12.159259094742318,464.60510000088107,6.770756498355344
dma_hardened2,xilinx_u280_xdma_201920_3,3,2,6,192,1024,Broadcast,251.44039999531742,12.510829604385703,490.8624999984568,6.408572665481453
dma_hardened2,xilinx_u280_xdma_201920_3,3,2,6,192,1024,Broadcast,259.75060000291705,12.110570678045297,453.70509999429487,6.933419968255936
dma_hardened2,xilinx_u280_xdma_201920_3,3,2,6,192,1024,Broadcast,233.43569999951796,13.475779411660238,461.4317999994455,6.817319482540605
dma_hardened2,xilinx_u280_xdma_201920_3,3,2,6,192,1024,Broadcast,244.51009999211237,12.865431735136822,463.8276000036967,6.782106110060997
dma_hardened2,xilinx_u280_xdma_201920_3,3,2,6,192,1024,Broadcast,263.3354999943549,11.945704244461664,485.2847000051952,6.482231976335383
dma_hardened2,xilinx_u280_xdma_201920_3,3,2,6,192,1024,Broadcast,235.93699999082673,13.332915143120012,464.2800000056013,6.775497544503421
dma_hardened2,xilinx_u280_xdma_201920_3,3,2,6,192,1024,Broadcast,241.73610000843837,13.013066728098083,484.5422000016697,6.492165181875098
dma_hardened2,xilinx_u280_xdma_201920_3,3,2,6,192,1024,Broadcast,254.1800000017247,12.375985521986998,450.2229999957308,6.987044198163641
dma_hardened2,xilinx_u280_xdma_201920_3,3,2,6,384,1024,Broadcast,410.76269999393844,15.3165221674043,642.9011000022911,9.78604018561732
dma_hardened2,xilinx_u280_xdma_201920_3,3,2,6,384,1024,Broadcast,380.2827999948022,16.54415082692668,629.4217999993634,9.995611845675448
dma_hardened2,xilinx_u280_xdma_201920_3,3,2,6,384,1024,Broadcast,365.22569999988264,17.226213817926894,621.7712999955438,10.118601485859978
dma_hardened2,xilinx_u280_xdma_201920_3,3,2,6,384,1024,Broadcast,344.4926999918607,18.26295883816594,630.7924999987335,9.973891572922366
dma_hardened2,xilinx_u280_xdma_201920_3,3,2,6,384,1024,Broadcast,411.48400000565744,15.289673474335574,640.4531000043789,9.823445307637645
dma_hardened2,xilinx_u280_xdma_201920_3,3,2,6,384,1024,Broadcast,393.7794999956168,15.977103937787597,647.9223000042111,9.71020136204466
dma_hardened2,xilinx_u280_xdma_201920_3,3,2,6,384,1024,Broadcast,382.92909999881886,16.4298195149426,603.1122000081268,10.431651025986913
dma_hardened2,xilinx_u280_xdma_201920_3,3,2,6,384,1024,Broadcast,379.1941999907067,16.591646180648837,635.1493000011033,9.90547576764876
dma_hardened2,xilinx_u280_xdma_201920_3,3,2,6,384,1024,Broadcast,371.5400000032787,16.93345534786155,577.2310999986985,10.899371153103473
dma_hardened2,xilinx_u280_xdma_201920_3,3,2,6,384,1024,Broadcast,387.8325999949084,16.22209169647574,676.5103999896382,9.299865900208427
dma_hardened2,xilinx_u280_xdma_201920_3,3,2,6,384,1024,Broadcast,379.350200000772,16.58482320554252,631.9317000020419,9.955911374567332
dma_hardened2,xilinx_u280_xdma_201920_3,3,2,6,384,1024,Broadcast,401.8515999973715,15.656167600281178,613.6421999940467,10.252645597159121
dma_hardened2,xilinx_u280_xdma_201920_3,3,2,6,384,1024,Broadcast,346.04009999839036,18.18129170587243,609.2392000027758,10.326741943018991
dma_hardened2,xilinx_u280_xdma_201920_3,3,2,6,384,1024,Broadcast,389.61300000437404,16.147962208471913,620.4305999972348,10.140466959605217
dma_hardened2,xilinx_u280_xdma_201920_3,3,2,6,384,1024,Broadcast,357.70020000427394,17.588628689401986,617.498900010105,10.18861086213602
dma_hardened2,xilinx_u280_xdma_201920_3,3,2,6,384,1024,Broadcast,372.27610000627465,16.899972896175605,586.2684000021545,10.731357855850458
dma_hardened2,xilinx_u280_xdma_201920_3,3,2,6,384,1024,Broadcast,365.35750000439293,17.21999958923617,610.972699996637,10.297442095259953
dma_hardened2,xilinx_u280_xdma_201920_3,3,2,6,384,1024,Broadcast,381.839699991815,16.47669427808282,603.2769999933407,10.428801363336326
dma_hardened2,xilinx_u280_xdma_201920_3,3,2,6,384,1024,Broadcast,393.11909999923955,16.003943843003736,647.715699994933,9.71329859697583
dma_hardened2,xilinx_u280_xdma_201920_3,3,2,6,384,1024,Broadcast,364.7279000006165,17.24972506898805,617.3848999992515,10.19049218730103
dma_hardened2,xilinx_u280_xdma_201920_3,3,2,6,768,1024,Broadcast,557.6310999913403,22.564939437910486,899.1250999997646,13.99461765665678
dma_hardened2,xilinx_u280_xdma_201920_3,3,2,6,768,1024,Broadcast,579.2339000095126,21.723369436411364,901.9671999908496,13.950520595568944
dma_hardened2,xilinx_u280_xdma_201920_3,3,2,6,768,1024,Broadcast,580.2195999990545,21.686464917800958,866.2229000037769,14.526182579501345
dma_hardened2,xilinx_u280_xdma_201920_3,3,2,6,768,1024,Broadcast,611.6920000067694,20.570666282803682,928.9879999982986,13.544751923623389
dma_hardened2,xilinx_u280_xdma_201920_3,3,2,6,768,1024,Broadcast,578.2858999964446,21.758981154611174,920.9392999991906,13.663128503703838
dma_hardened2,xilinx_u280_xdma_201920_3,3,2,6,768,1024,Broadcast,580.3378999985398,21.682044202234007,868.4152999990147,14.489509800223782
dma_hardened2,xilinx_u280_xdma_201920_3,3,2,6,768,1024,Broadcast,599.1107999989254,21.002645921292974,864.3355000003794,14.55790257370486
dma_hardened2,xilinx_u280_xdma_201920_3,3,2,6,768,1024,Broadcast,584.657900003549,21.521836957857953,898.587899996528,14.002984015307373
dma_hardened2,xilinx_u280_xdma_201920_3,3,2,6,768,1024,Broadcast,581.9861999952991,21.620636365779184,870.4705000013746,14.455299748791177
dma_hardened2,xilinx_u280_xdma_201920_3,3,2,6,768,1024,Broadcast,618.863500005773,20.33228975352824,868.9019999906122,14.481393759176463
dma_hardened2,xilinx_u280_xdma_201920_3,3,2,6,768,1024,Broadcast,527.7578999994148,23.842204920123322,884.0911999982382,14.23259500832615
dma_hardened2,xilinx_u280_xdma_201920_3,3,2,6,768,1024,Broadcast,529.3911999956435,23.76864594670925,819.3724000079783,15.356768179984435
dma_hardened2,xilinx_u280_xdma_201920_3,3,2,6,768,1024,Broadcast,554.4180000015331,22.695713342577633,861.657199993715,14.603153086972151
dma_hardened2,xilinx_u280_xdma_201920_3,3,2,6,768,1024,Broadcast,539.7393999942324,23.31293954107197,891.9334999973216,14.10745532042219
dma_hardened2,xilinx_u280_xdma_201920_3,3,2,6,768,1024,Broadcast,586.5440999968996,21.45262734731542,861.3604999936797,14.608183217238691
dma_hardened2,xilinx_u280_xdma_201920_3,3,2,6,768,1024,Broadcast,572.5212000015745,21.97807172898645,917.4954000059188,13.714414262914916
dma_hardened2,xilinx_u280_xdma_201920_3,3,2,6,768,1024,Broadcast,544.3331000037688,23.1161985187248,904.1249000006246,13.91722758657715
dma_hardened2,xilinx_u280_xdma_201920_3,3,2,6,768,1024,Broadcast,605.9359000005315,20.766077731966305,856.0714000054759,14.698437536774986
dma_hardened2,xilinx_u280_xdma_201920_3,3,2,6,768,1024,Broadcast,581.8217999944864,21.626745508881314,873.6142999964613,14.403280715586922
dma_hardened2,xilinx_u280_xdma_201920_3,3,2,6,768,1024,Broadcast,618.4671000028175,20.34532152145632,856.2460999996802,14.695438612806178
dma_hardened2,xilinx_u280_xdma_201920_3,3,2,6,1536,1024,Broadcast,761.5971999939575,33.04348282819273,1201.5216000008877,20.944961788436768
dma_hardened2,xilinx_u280_xdma_201920_3,3,2,6,1536,1024,Broadcast,757.9258999953709,33.20354140180947,1207.922100002179,20.83397927726846
dma_hardened2,xilinx_u280_xdma_201920_3,3,2,6,1536,1024,Broadcast,763.8562000011007,32.94576125711062,1232.7157000072475,20.414945635763413
dma_hardened2,xilinx_u280_xdma_201920_3,3,2,6,1536,1024,Broadcast,747.6008000026013,33.66211486118318,1214.4656000032228,20.721726494297755
dma_hardened2,xilinx_u280_xdma_201920_3,3,2,6,1536,1024,Broadcast,758.5130999927969,33.17783700800815,1200.070900006267,20.970281005787722
dma_hardened2,xilinx_u280_xdma_201920_3,3,2,6,1536,1024,Broadcast,764.1385000056289,32.93358991833891,1174.9111999961315,21.41934130858814
dma_hardened2,xilinx_u280_xdma_201920_3,3,2,6,1536,1024,Broadcast,760.8387999994193,33.07642039288639,1180.2687999988848,21.32211238662225
dma_hardened2,xilinx_u280_xdma_201920_3,3,2,6,1536,1024,Broadcast,760.0297999942995,33.1116279916771,1289.3168999994487,19.518726544273765
dma_hardened2,xilinx_u280_xdma_201920_3,3,2,6,1536,1024,Broadcast,730.0410000084412,34.47179541931072,1232.9979000014646,20.41027320482063
dma_hardened2,xilinx_u280_xdma_201920_3,3,2,6,1536,1024,Broadcast,742.6637000094161,33.885894786133925,1148.0850999987524,21.91982458445576
dma_hardened2,xilinx_u280_xdma_201920_3,3,2,6,1536,1024,Broadcast,766.6550999942956,32.82548306296697,1177.2464999921795,21.376851831937643
dma_hardened2,xilinx_u280_xdma_201920_3,3,2,6,1536,1024,Broadcast,744.833099997777,33.787198769865505,1224.8828999986472,20.54549377742786
dma_hardened2,xilinx_u280_xdma_201920_3,3,2,6,1536,1024,Broadcast,758.7629999989076,33.16690982564547,1238.391800006866,20.321374866872077
dma_hardened2,xilinx_u280_xdma_201920_3,3,2,6,1536,1024,Broadcast,724.3396000035318,34.74312877533866,1178.1256999938705,21.360898926261378
dma_hardened2,xilinx_u280_xdma_201920_3,3,2,6,1536,1024,Broadcast,755.6911000051514,33.3017340019334,1231.3818999928117,20.43705856009976
dma_hardened2,xilinx_u280_xdma_201920_3,3,2,6,1536,1024,Broadcast,763.2228000034047,32.97310300463736,1167.4020000100427,21.55711914129281
dma_hardened2,xilinx_u280_xdma_201920_3,3,2,6,1536,1024,Broadcast,771.7946000070697,32.606893077211836,1153.5945999980868,21.81513679072504
dma_hardened2,xilinx_u280_xdma_201920_3,3,2,6,1536,1024,Broadcast,756.5440999997008,33.26418644995044,1259.9657000009756,19.973419911336087
dma_hardened2,xilinx_u280_xdma_201920_3,3,2,6,1536,1024,Broadcast,727.6085000057719,34.58703959588208,1232.7680999987933,20.41407787890085
dma_hardened2,xilinx_u280_xdma_201920_3,3,2,6,1536,1024,Broadcast,774.1681999959837,32.50692033091847,1165.4477999968549,21.593265695870645
dma_hardened2,xilinx_u280_xdma_201920_3,3,2,6,3072,1024,Broadcast,1260.6331000029058,39.9256913053322,2284.0176000045176,22.0364536595079
dma_hardened2,xilinx_u280_xdma_201920_3,3,2,6,3072,1024,Broadcast,1283.2736999939698,39.22128849070663,2196.2500999961776,22.917083987878975
dma_hardened2,xilinx_u280_xdma_201920_3,3,2,6,3072,1024,Broadcast,1325.675600003251,37.96679066875529,2099.0109999956985,23.97874427532926
dma_hardened2,xilinx_u280_xdma_201920_3,3,2,6,3072,1024,Broadcast,1253.4043000073325,40.15595606278481,2271.6271000035704,22.156650622772062
dma_hardened2,xilinx_u280_xdma_201920_3,3,2,6,3072,1024,Broadcast,1225.9781000011571,41.05427984394867,2310.4804000013246,21.784061877335613
dma_hardened2,xilinx_u280_xdma_201920_3,3,2,6,3072,1024,Broadcast,1261.8379000059576,39.887570344623796,2292.389399997319,21.95597658934336
dma_hardened2,xilinx_u280_xdma_201920_3,3,2,6,3072,1024,Broadcast,1259.9727000065286,39.9466178907997,2280.6908999996267,22.068596844933364
dma_hardened2,xilinx_u280_xdma_201920_3,3,2,6,3072,1024,Broadcast,1274.0882000002784,39.504053173076244,2276.9960000005085,22.104407737206724
dma_hardened2,xilinx_u280_xdma_201920_3,3,2,6,3072,1024,Broadcast,1256.9442999961211,40.042862679082376,2275.950700004614,22.11455986278524
dma_hardened2,xilinx_u280_xdma_201920_3,3,2,6,3072,1024,Broadcast,1285.1872000055664,39.162892378465955,2259.4095000044945,22.27646117266475
dma_hardened2,xilinx_u280_xdma_201920_3,3,2,6,3072,1024,Broadcast,1269.0722000002097,39.6601926982497,2278.7263999930474,22.08762227889823
dma_hardened2,xilinx_u280_xdma_201920_3,3,2,6,3072,1024,Broadcast,1264.9409999994532,39.78971983675267,2228.0745999978535,22.589749912345166
dma_hardened2,xilinx_u280_xdma_201920_3,3,2,6,3072,1024,Broadcast,1233.2721999996465,40.811467249496445,2304.172899994228,21.843694108252937
dma_hardened2,xilinx_u280_xdma_201920_3,3,2,6,3072,1024,Broadcast,1298.0759000015496,38.77404087075333,2359.421599999223,21.332197687779317
dma_hardened2,xilinx_u280_xdma_201920_3,3,2,6,3072,1024,Broadcast,1264.068899990889,39.817171358588745,2328.409599999759,21.61632042747342
dma_hardened2,xilinx_u280_xdma_201920_3,3,2,6,3072,1024,Broadcast,1270.8115999998881,39.60590853908198,2270.3169999999773,22.169436250532637
dma_hardened2,xilinx_u280_xdma_201920_3,3,2,6,3072,1024,Broadcast,1288.1843999934972,39.07177264392744,2309.9225000009938,21.78932323486106
dma_hardened2,xilinx_u280_xdma_201920_3,3,2,6,3072,1024,Broadcast,1265.4322000003049,39.774274749755754,2285.3120000036142,22.02397221907573
dma_hardened2,xilinx_u280_xdma_201920_3,3,2,6,3072,1024,Broadcast,1264.9576000058005,39.7891976772733,2288.9582000061637,21.988889093677844
dma_hardened2,xilinx_u280_xdma_201920_3,3,2,6,3072,1024,Broadcast,1272.8034000019761,39.54392956518018,2291.567899999336,21.963847547355932
dma_hardened2,xilinx_u280_xdma_201920_3,3,2,6,6144,1024,Broadcast,2262.0204000077138,44.50149786432374,3770.685099993898,26.696288162637316
dma_hardened2,xilinx_u280_xdma_201920_3,3,2,6,6144,1024,Broadcast,2298.1575000017074,43.801739436885946,3805.7260000073256,26.450484349058822
dma_hardened2,xilinx_u280_xdma_201920_3,3,2,6,6144,1024,Broadcast,2289.6801000001687,43.96391268806179,3806.709499997396,26.44365061218064
dma_hardened2,xilinx_u280_xdma_201920_3,3,2,6,6144,1024,Broadcast,2312.2002999912183,43.53571617492754,3819.5244999997158,26.354928735241124
dma_hardened2,xilinx_u280_xdma_201920_3,3,2,6,6144,1024,Broadcast,2295.7313999995677,43.8480285629316,3833.273400005055,26.26040083649323
dma_hardened2,xilinx_u280_xdma_201920_3,3,2,6,6144,1024,Broadcast,2299.0707999952065,43.784339307954276,3731.52619999928,26.97644089971
dma_hardened2,xilinx_u280_xdma_201920_3,3,2,6,6144,1024,Broadcast,2279.4771999997465,44.160694390806455,3811.326300001383,26.411618443680215
dma_hardened2,xilinx_u280_xdma_201920_3,3,2,6,6144,1024,Broadcast,2260.7507000088845,44.52649113394254,3774.617700003091,26.668474531849295
dma_hardened2,xilinx_u280_xdma_201920_3,3,2,6,6144,1024,Broadcast,2328.3031000005394,43.2346183793582,3742.8179000016826,26.89505572791953
dma_hardened2,xilinx_u280_xdma_201920_3,3,2,6,6144,1024,Broadcast,2274.7321000110787,44.25281377068963,3770.252399999663,26.69935201155472
dma_hardened2,xilinx_u280_xdma_201920_3,3,2,6,6144,1024,Broadcast,2293.3820999924137,43.89294570683751,3779.28460000021,26.635542610364514
dma_hardened2,xilinx_u280_xdma_201920_3,3,2,6,6144,1024,Broadcast,2297.0485000087137,43.82288663022053,3760.4077000082725,26.769250578807863
dma_hardened2,xilinx_u280_xdma_201920_3,3,2,6,6144,1024,Broadcast,2283.6373000018284,44.080246893812514,3780.551199997717,26.62661889093336
dma_hardened2,xilinx_u280_xdma_201920_3,3,2,6,6144,1024,Broadcast,2297.8658000056384,43.807299799558784,3799.8564999952578,26.491341449374634
dma_hardened2,xilinx_u280_xdma_201920_3,3,2,6,6144,1024,Broadcast,2290.225400008694,43.95344493149795,3805.86299999095,26.449532208657896
dma_hardened2,xilinx_u280_xdma_201920_3,3,2,6,6144,1024,Broadcast,2279.6222000010857,44.15788546012232,3789.987300001485,26.56032541321723
dma_hardened2,xilinx_u280_xdma_201920_3,3,2,6,6144,1024,Broadcast,2289.4195000048967,43.968917011401665,3759.2367000002014,26.77758918452637
dma_hardened2,xilinx_u280_xdma_201920_3,3,2,6,6144,1024,Broadcast,2266.9564000011633,44.40460169412537,3769.9390000057065,26.70157156384961
dma_hardened2,xilinx_u280_xdma_201920_3,3,2,6,6144,1024,Broadcast,2300.83179999383,43.750827852896485,3802.689899998768,26.471602641075894
dma_hardened2,xilinx_u280_xdma_201920_3,3,2,6,6144,1024,Broadcast,2309.567399993284,43.58534676246847,3807.7836999946157,26.436190690175582
dma_hardened2,xilinx_u280_xdma_201920_3,3,2,6,12288,1024,Broadcast,3971.9953000030728,50.6865131486546,6540.601200003948,30.78105297107527
dma_hardened2,xilinx_u280_xdma_201920_3,3,2,6,12288,1024,Broadcast,3935.963499998252,51.150523118440866,6632.67329999826,30.353762788233944
dma_hardened2,xilinx_u280_xdma_201920_3,3,2,6,12288,1024,Broadcast,3889.986499996212,51.75508758197388,6609.868299995014,30.45848765249254
dma_hardened2,xilinx_u280_xdma_201920_3,3,2,6,12288,1024,Broadcast,3908.7931999915777,51.50607404874574,6664.163000004919,30.2103342910207
dma_hardened2,xilinx_u280_xdma_201920_3,3,2,6,12288,1024,Broadcast,3953.55959999506,50.92286758501164,6573.175800008357,30.628511715713433
dma_hardened2,xilinx_u280_xdma_201920_3,3,2,6,12288,1024,Broadcast,3969.71500000518,50.715628703757645,6560.212300007606,30.689036084970386
dma_hardened2,xilinx_u280_xdma_201920_3,3,2,6,12288,1024,Broadcast,3935.0317999947038,51.1626340606119,6621.405099997446,30.405418330329564
dma_hardened2,xilinx_u280_xdma_201920_3,3,2,6,12288,1024,Broadcast,3934.996400005275,51.163094329572985,6646.463199990649,30.290785631715114
dma_hardened2,xilinx_u280_xdma_201920_3,3,2,6,12288,1024,Broadcast,3948.465199994189,50.98856943206599,6567.752600005861,30.65380264168604
dma_hardened2,xilinx_u280_xdma_201920_3,3,2,6,12288,1024,Broadcast,3978.8137999948963,50.599651584665324,6690.697599992745,30.09052329613855
dma_hardened2,xilinx_u280_xdma_201920_3,3,2,6,12288,1024,Broadcast,3957.6011000008293,50.87086518142463,6620.894600007432,30.407762721335878
dma_hardened2,xilinx_u280_xdma_201920_3,3,2,6,12288,1024,Broadcast,3910.085899997284,51.48904580335175,6608.267000001433,30.46586828285787
dma_hardened2,xilinx_u280_xdma_201920_3,3,2,6,12288,1024,Broadcast,3960.774699999092,50.83010452476536,6603.83389999879,30.486319772524396
dma_hardened2,xilinx_u280_xdma_201920_3,3,2,6,12288,1024,Broadcast,3912.947700007408,51.45138842505328,6628.608999994867,30.372374053161966
dma_hardened2,xilinx_u280_xdma_201920_3,3,2,6,12288,1024,Broadcast,3921.407999996518,51.340383862168586,6560.457299997324,30.687890004265725
dma_hardened2,xilinx_u280_xdma_201920_3,3,2,6,12288,1024,Broadcast,3938.695500005451,51.115043546707625,6572.5076999910925,30.63162512541033
dma_hardened2,xilinx_u280_xdma_201920_3,3,2,6,12288,1024,Broadcast,3974.826299997858,50.65041257277293,6602.81660000237,30.491016818478304
dma_hardened2,xilinx_u280_xdma_201920_3,3,2,6,12288,1024,Broadcast,3953.4499999945183,50.92427930042852,6594.638399997166,30.52882960195157
dma_hardened2,xilinx_u280_xdma_201920_3,3,2,6,12288,1024,Broadcast,3936.417399995662,51.144625059380616,6601.9664999998895,30.494942984034132
dma_hardened2,xilinx_u280_xdma_201920_3,3,2,6,12288,1024,Broadcast,3947.725900002297,50.998118182390236,6538.05240000338,30.79305268337952
dma_hardened2,xilinx_u280_xdma_201920_3,3,2,6,24576,1024,Broadcast,7154.401700006474,56.280483104497144,11847.384299994701,33.98667366603277
dma_hardened2,xilinx_u280_xdma_201920_3,3,2,6,24576,1024,Broadcast,7114.334400000644,56.597449790940885,11826.157899997725,34.047675280919215
dma_hardened2,xilinx_u280_xdma_201920_3,3,2,6,24576,1024,Broadcast,7160.2552000058495,56.23447387736558,11834.485400004269,34.02371716136088
dma_hardened2,xilinx_u280_xdma_201920_3,3,2,6,24576,1024,Broadcast,7178.752000004351,56.08957991580653,11802.302799992503,34.11649326606463
dma_hardened2,xilinx_u280_xdma_201920_3,3,2,6,24576,1024,Broadcast,7181.051600002775,56.071618257114935,11853.854100002081,33.96812383576826
dma_hardened2,xilinx_u280_xdma_201920_3,3,2,6,24576,1024,Broadcast,7150.582799999938,56.31054072963164,11805.185200000778,34.10816325016006
dma_hardened2,xilinx_u280_xdma_201920_3,3,2,6,24576,1024,Broadcast,7158.570900003269,56.24770497136741,11852.31729999714,33.972528224509915
dma_hardened2,xilinx_u280_xdma_201920_3,3,2,6,24576,1024,Broadcast,7183.73369999199,56.050683504658444,11840.18600000627,34.00733603338552
dma_hardened2,xilinx_u280_xdma_201920_3,3,2,6,24576,1024,Broadcast,7118.911199995637,56.56106287717801,11835.818900010509,34.01988382904731
dma_hardened2,xilinx_u280_xdma_201920_3,3,2,6,24576,1024,Broadcast,7136.845800005176,56.41892725210736,11838.893900005587,34.01104760300369
dma_hardened2,xilinx_u280_xdma_201920_3,3,2,6,24576,1024,Broadcast,7161.471699998856,56.22492147809009,11850.619699998788,33.9773947855268
dma_hardened2,xilinx_u280_xdma_201920_3,3,2,6,24576,1024,Broadcast,7127.561400000104,56.49241885169788,11871.131299994886,33.9186867556737
dma_hardened2,xilinx_u280_xdma_201920_3,3,2,6,24576,1024,Broadcast,7177.257099999679,56.10126241681074,11877.147699999568,33.90150515683278
dma_hardened2,xilinx_u280_xdma_201920_3,3,2,6,24576,1024,Broadcast,7158.973799994328,56.24453940595774,11841.159300001891,34.00454075471611
dma_hardened2,xilinx_u280_xdma_201920_3,3,2,6,24576,1024,Broadcast,7152.8288000081375,56.29285912722277,11859.286200001407,33.95256486852912
dma_hardened2,xilinx_u280_xdma_201920_3,3,2,6,24576,1024,Broadcast,7121.496800004934,56.540527266644425,11822.06150000411,34.05947296077422
dma_hardened2,xilinx_u280_xdma_201920_3,3,2,6,24576,1024,Broadcast,7190.880600001037,55.99497563621651,11857.481499998812,33.95773242404303
dma_hardened2,xilinx_u280_xdma_201920_3,3,2,6,24576,1024,Broadcast,7165.182400001413,56.195803752312095,11832.642699994267,34.02901568220218
dma_hardened2,xilinx_u280_xdma_201920_3,3,2,6,24576,1024,Broadcast,7160.183700000289,56.23503542234311,11878.23270000763,33.89840847281443
dma_hardened2,xilinx_u280_xdma_201920_3,3,2,6,24576,1024,Broadcast,7096.832100000938,56.73703116069869,11883.469399992919,33.88347042827745
experiment,board_instance,number of nodes,rank id,number of banks,buffer size[KB],segment_size[KB],collective name,execution_time[us],throughput[Gbps],execution_time_fullpath[us],throughput_fullpath[Gbps]
dma_hardened2,xilinx_u280_xdma_201920_3,3,2,6,1,1024,Scatter,198.29780000009123,0.04131160305357009,323.6849000018083,0.025308563976738595
dma_hardened2,xilinx_u280_xdma_201920_3,3,2,6,1,1024,Scatter,198.31600000088656,0.041307811774962074,383.4362000020519,0.021364701611261958
dma_hardened2,xilinx_u280_xdma_201920_3,3,2,6,1,1024,Scatter,198.95270000915843,0.04117561611188436,342.0244000039929,0.02395150755298266
dma_hardened2,xilinx_u280_xdma_201920_3,3,2,6,1,1024,Scatter,193.4246000018902,0.04235242052934293,367.993200006822,0.02226128091456074
dma_hardened2,xilinx_u280_xdma_201920_3,3,2,6,1,1024,Scatter,186.99320000905573,0.04380907968633767,335.89969999638924,0.024388232558969422
dma_hardened2,xilinx_u280_xdma_201920_3,3,2,6,1,1024,Scatter,194.12730000567535,0.042199113673143884,336.4708000049177,0.024346837823312664
dma_hardened2,xilinx_u280_xdma_201920_3,3,2,6,1,1024,Scatter,191.22510000215698,0.04283956447091724,315.9557000003588,0.025927685431820658
dma_hardened2,xilinx_u280_xdma_201920_3,3,2,6,1,1024,Scatter,190.62789999679808,0.04297377246529809,346.30709999419196,0.02365530478623566
dma_hardened2,xilinx_u280_xdma_201920_3,3,2,6,1,1024,Scatter,195.69979999687348,0.041860032560742916,402.75229999906514,0.020340045233805035
dma_hardened2,xilinx_u280_xdma_201920_3,3,2,6,1,1024,Scatter,184.97990000696518,0.04428589268180781,322.1372999973937,0.02543015043606027
dma_hardened2,xilinx_u280_xdma_201920_3,3,2,6,1,1024,Scatter,194.0016000048672,0.04222645586322213,369.74390000068524,0.022155875999535942
dma_hardened2,xilinx_u280_xdma_201920_3,3,2,6,1,1024,Scatter,195.86219999609966,0.04182532413177802,315.1669999965634,0.02599256901924797
dma_hardened2,xilinx_u280_xdma_201920_3,3,2,6,1,1024,Scatter,190.23920000336147,0.04306157721360923,339.91189999369453,0.02410036247672401
dma_hardened2,xilinx_u280_xdma_201920_3,3,2,6,1,1024,Scatter,179.94170000292797,0.04552585642942521,335.7090000008611,0.024402086330658358
dma_hardened2,xilinx_u280_xdma_201920_3,3,2,6,1,1024,Scatter,185.6211000017538,0.04413291376854571,319.5314999970833,0.025637534953751904
dma_hardened2,xilinx_u280_xdma_201920_3,3,2,6,1,1024,Scatter,185.10609999111693,0.044255699841297104,354.20919999751277,0.023127575455571238
dma_hardened2,xilinx_u280_xdma_201920_3,3,2,6,1,1024,Scatter,183.58450000732773,0.04462250353201397,313.479900000857,0.02613245697723396
dma_hardened2,xilinx_u280_xdma_201920_3,3,2,6,1,1024,Scatter,190.77299999707975,0.04294108705175994,350.89269999843964,0.023346168216199507
dma_hardened2,xilinx_u280_xdma_201920_3,3,2,6,1,1024,Scatter,192.91119999707007,0.04246513421783919,367.74829999330905,0.0222761056955234
dma_hardened2,xilinx_u280_xdma_201920_3,3,2,6,1,1024,Scatter,189.28949999690303,0.04327762501424553,366.2598000005346,0.022366637015550278
dma_hardened2,xilinx_u280_xdma_201920_3,3,2,6,6,1024,Scatter,187.1503999950619,0.26263368927502645,347.3039000027711,0.1415244689149987
dma_hardened2,xilinx_u280_xdma_201920_3,3,2,6,6,1024,Scatter,190.09669999832113,0.25856314181379314,356.0796999977356,0.13803651261308233
dma_hardened2,xilinx_u280_xdma_201920_3,3,2,6,6,1024,Scatter,183.22920000173326,0.2682541865572466,363.33660000309465,0.13527951766923937
dma_hardened2,xilinx_u280_xdma_201920_3,3,2,6,6,1024,Scatter,194.8578999986239,0.2522453541803905,293.1124000042473,0.1676899373731298
dma_hardened2,xilinx_u280_xdma_201920_3,3,2,6,6,1024,Scatter,175.23899999787318,0.2804855083662686,348.34140000157277,0.14110295244773682
dma_hardened2,xilinx_u280_xdma_201920_3,3,2,6,6,1024,Scatter,173.98960000036823,0.2824996436562644,359.0330000065478,0.1369010648021313
dma_hardened2,xilinx_u280_xdma_201920_3,3,2,6,6,1024,Scatter,185.62540000175431,0.2647913485952648,370.0506999962272,0.13282504262389214
dma_hardened2,xilinx_u280_xdma_201920_3,3,2,6,6,1024,Scatter,194.58309999436096,0.2526015877094384,344.88170000486207,0.14251843458005187
dma_hardened2,xilinx_u280_xdma_201920_3,3,2,6,6,1024,Scatter,179.37390000497544,0.27401979885945854,345.4090999980508,0.14230082531200644
dma_hardened2,xilinx_u280_xdma_201920_3,3,2,6,6,1024,Scatter,182.24210000425956,0.269707164254863,339.7729000084837,0.14466133113845378
dma_hardened2,xilinx_u280_xdma_201920_3,3,2,6,6,1024,Scatter,179.42470000207322,0.27394221642523053,344.51110000190965,0.1426717455539968
dma_hardened2,xilinx_u280_xdma_201920_3,3,2,6,6,1024,Scatter,187.6906000006784,0.2618777924937229,312.2340000004442,0.1574203962410566
dma_hardened2,xilinx_u280_xdma_201920_3,3,2,6,6,1024,Scatter,192.24590000703756,0.2556725526952756,364.4051000037507,0.1348828542726051
dma_hardened2,xilinx_u280_xdma_201920_3,3,2,6,6,1024,Scatter,184.3520999955217,0.26662023378737754,319.35890000340805,0.15390834574979895
dma_hardened2,xilinx_u280_xdma_201920_3,3,2,6,6,1024,Scatter,177.45330000025206,0.2769855505641776,325.15120000198294,0.1511665957243899
dma_hardened2,xilinx_u280_xdma_201920_3,3,2,6,6,1024,Scatter,178.84689999618786,0.27482724051156426,329.8199000028035,0.1490267870422076
dma_hardened2,xilinx_u280_xdma_201920_3,3,2,6,6,1024,Scatter,191.74899999825357,0.2563351047486436,318.50410000515694,0.1543214043373513
dma_hardened2,xilinx_u280_xdma_201920_3,3,2,6,6,1024,Scatter,188.16480001078162,0.26121782606089794,355.9288000019478,0.13809503473652882
dma_hardened2,xilinx_u280_xdma_201920_3,3,2,6,6,1024,Scatter,196.16549999454946,0.25056393709069996,316.335499996967,0.15537933618095745
dma_hardened2,xilinx_u280_xdma_201920_3,3,2,6,6,1024,Scatter,187.19810000220605,0.2625667675014905,360.5305999940356,0.13633239453409265
dma_hardened2,xilinx_u280_xdma_201920_3,3,2,6,12,1024,Scatter,195.22009999946022,0.5035547056899972,396.45950000704033,0.24795470911468717
dma_hardened2,xilinx_u280_xdma_201920_3,3,2,6,12,1024,Scatter,182.2603000050549,0.5393604641124458,327.8257000033591,0.29986666694829817
dma_hardened2,xilinx_u280_xdma_201920_3,3,2,6,12,1024,Scatter,192.27870000122493,0.5112578772343153,317.4065000052906,0.3097101036001514
dma_hardened2,xilinx_u280_xdma_201920_3,3,2,6,12,1024,Scatter,199.8571999934029,0.49187119605020446,344.65490000457066,0.2852244375422962
dma_hardened2,xilinx_u280_xdma_201920_3,3,2,6,12,1024,Scatter,188.00739999278449,0.5228730358686562,309.29739999692174,0.31783002379256453
dma_hardened2,xilinx_u280_xdma_201920_3,3,2,6,12,1024,Scatter,194.4446999914362,0.5055627641397762,313.6509999990267,0.31341841728642683
dma_hardened2,xilinx_u280_xdma_201920_3,3,2,6,12,1024,Scatter,188.33530000392784,0.5219626909981815,364.77950000062265,0.2694888281820448
dma_hardened2,xilinx_u280_xdma_201920_3,3,2,6,12,1024,Scatter,201.83369999813294,0.48705444135894727,345.58480000441705,0.28445695527911974
dma_hardened2,xilinx_u280_xdma_201920_3,3,2,6,12,1024,Scatter,182.31259999765825,0.5392057378440255,308.38440000025,0.318770988415498
dma_hardened2,xilinx_u280_xdma_201920_3,3,2,6,12,1024,Scatter,186.53930000027685,0.5269881467329088,367.7639999978055,0.2673018566270396
dma_hardened2,xilinx_u280_xdma_201920_3,3,2,6,12,1024,Scatter,178.98159999276686,0.5492408158379003,345.66729999596646,0.2843890642856501
dma_hardened2,xilinx_u280_xdma_201920_3,3,2,6,12,1024,Scatter,176.30390000249463,0.557582673999889,322.62760000776325,0.3046980481447792
dma_hardened2,xilinx_u280_xdma_201920_3,3,2,6,12,1024,Scatter,188.58779999391118,0.5212638357474549,306.97539999664514,0.3202341295135517
dma_hardened2,xilinx_u280_xdma_201920_3,3,2,6,12,1024,Scatter,178.33719999771347,0.5512254313808919,325.5380000041441,0.30197396309723773
dma_hardened2,xilinx_u280_xdma_201920_3,3,2,6,12,1024,Scatter,188.8799000084873,0.5204577088169928,358.7379000009605,0.2740273609221016
dma_hardened2,xilinx_u280_xdma_201920_3,3,2,6,12,1024,Scatter,190.7343999960176,0.5153973273937608,373.2637999974031,0.2633633371376595
dma_hardened2,xilinx_u280_xdma_201920_3,3,2,6,12,1024,Scatter,191.9812999972237,0.5120498715313503,329.92989999911515,0.2979542017872998
dma_hardened2,xilinx_u280_xdma_201920_3,3,2,6,12,1024,Scatter,174.43829999592708,0.5635459644028592,376.88520000074277,0.2608327416407072
dma_hardened2,xilinx_u280_xdma_201920_3,3,2,6,12,1024,Scatter,189.76920000568498,0.5180187301050702,348.6655999950017,0.2819435011696286
dma_hardened2,xilinx_u280_xdma_201920_3,3,2,6,12,1024,Scatter,192.4026000097001,0.5109286464686232,353.3957000058763,0.2781697683315485
dma_hardened2,xilinx_u280_xdma_201920_3,3,2,6,24,1024,Scatter,190.83910000290416,1.0302291301782918,325.17089999828386,0.6046297500823034
dma_hardened2,xilinx_u280_xdma_201920_3,3,2,6,24,1024,Scatter,190.41719999677298,1.0325117689123249,361.88960000345105,0.5432817080074285
dma_hardened2,xilinx_u280_xdma_201920_3,3,2,6,24,1024,Scatter,199.02149999779795,0.9878731694926194,386.8710999995528,0.5082002765267999
dma_hardened2,xilinx_u280_xdma_201920_3,3,2,6,24,1024,Scatter,191.73069999851577,1.0254382840177498,331.96400000861104,0.592256991706631
dma_hardened2,xilinx_u280_xdma_201920_3,3,2,6,24,1024,Scatter,186.88430000111111,1.052030587902949,342.4466000069515,0.5741274697894766
dma_hardened2,xilinx_u280_xdma_201920_3,3,2,6,24,1024,Scatter,197.7381999950012,0.9942843618732761,356.25639999352643,0.5518721909376859
dma_hardened2,xilinx_u280_xdma_201920_3,3,2,6,24,1024,Scatter,183.39539999487897,1.0720443370198487,362.7199999982622,0.5420379356003031
dma_hardened2,xilinx_u280_xdma_201920_3,3,2,6,24,1024,Scatter,187.2345000037967,1.050062889029603,336.1434999987978,0.5848930590676398
dma_hardened2,xilinx_u280_xdma_201920_3,3,2,6,24,1024,Scatter,187.11629999188517,1.0507262061537475,322.6122999990366,0.609424997126852
dma_hardened2,xilinx_u280_xdma_201920_3,3,2,6,24,1024,Scatter,189.84140000384286,1.0356434370796894,364.52499999768406,0.539353953778888
dma_hardened2,xilinx_u280_xdma_201920_3,3,2,6,24,1024,Scatter,179.86760000212598,1.093070680865682,340.02079999027046,0.5782234498760837
dma_hardened2,xilinx_u280_xdma_201920_3,3,2,6,24,1024,Scatter,195.8964999971613,1.0036320199842723,322.53199999559,0.6095767241783396
dma_hardened2,xilinx_u280_xdma_201920_3,3,2,6,24,1024,Scatter,204.14550000396048,0.9630778047823035,366.76930000112407,0.5360535900889127
dma_hardened2,xilinx_u280_xdma_201920_3,3,2,6,24,1024,Scatter,187.50430000409324,1.0485519531856498,371.0033999936968,0.5299358442627218
dma_hardened2,xilinx_u280_xdma_201920_3,3,2,6,24,1024,Scatter,210.26130000336707,0.9350650832885157,324.6346999958405,0.6056284186580151
dma_hardened2,xilinx_u280_xdma_201920_3,3,2,6,24,1024,Scatter,190.1395999993838,1.0340192153588057,350.0877999954355,0.5615962624306342
dma_hardened2,xilinx_u280_xdma_201920_3,3,2,6,24,1024,Scatter,183.5625000012442,1.071068437173537,350.1059999962308,0.561567068265373
dma_hardened2,xilinx_u280_xdma_201920_3,3,2,6,24,1024,Scatter,193.95649999296438,1.0136705911229158,326.0155000020859,0.6030633512785192
dma_hardened2,xilinx_u280_xdma_201920_3,3,2,6,24,1024,Scatter,203.18509999697199,0.9676300083171945,382.84829998929126,0.5135402194694332
dma_hardened2,xilinx_u280_xdma_201920_3,3,2,6,24,1024,Scatter,182.87950000512865,1.075068556040925,311.6265000016938,0.6309091171608685
dma_hardened2,xilinx_u280_xdma_201920_3,3,2,6,48,1024,Scatter,194.32729999380172,2.023472769973864,338.94470000177535,1.1601184499947643
dma_hardened2,xilinx_u280_xdma_201920_3,3,2,6,48,1024,Scatter,185.0132999948073,2.12533909730293,356.51340000413256,1.1029487250561747
dma_hardened2,xilinx_u280_xdma_201920_3,3,2,6,48,1024,Scatter,173.26749999710955,2.269415787764928,358.09970000855174,1.0980629137377376
dma_hardened2,xilinx_u280_xdma_201920_3,3,2,6,48,1024,Scatter,178.53619999641523,2.2024440982159095,357.3881000079382,1.1002492807994053
dma_hardened2,xilinx_u280_xdma_201920_3,3,2,6,48,1024,Scatter,175.66599999554455,2.2384297474182437,341.64889999601655,1.150935946243599
dma_hardened2,xilinx_u280_xdma_201920_3,3,2,6,48,1024,Scatter,176.43979999775183,2.228612818678157,365.7865000036509,1.0749877319039258
dma_hardened2,xilinx_u280_xdma_201920_3,3,2,6,48,1024,Scatter,188.34180000339984,2.087778708671691,391.12440000508286,1.0053476591971506
dma_hardened2,xilinx_u280_xdma_201920_3,3,2,6,48,1024,Scatter,187.31530000195562,2.099219871499524,388.39019999841184,1.0124251332850518
dma_hardened2,xilinx_u280_xdma_201920_3,3,2,6,48,1024,Scatter,185.6975999999122,2.1175071729531556,322.00829999737834,1.2211362253805302
dma_hardened2,xilinx_u280_xdma_201920_3,3,2,6,48,1024,Scatter,186.44969999286332,2.1089655816826256,334.38609999620894,1.1759340475111197
dma_hardened2,xilinx_u280_xdma_201920_3,3,2,6,48,1024,Scatter,168.13810000257945,2.33864900337263,316.6522000014993,1.2417914670990386
dma_hardened2,xilinx_u280_xdma_201920_3,3,2,6,48,1024,Scatter,184.13820000660053,2.135439577371262,313.3938000019043,1.2547025499470974
dma_hardened2,xilinx_u280_xdma_201920_3,3,2,6,48,1024,Scatter,178.95810000254642,2.197251758900016,318.7163999996301,1.23374887517698
dma_hardened2,xilinx_u280_xdma_201920_3,3,2,6,48,1024,Scatter,180.83800000567862,2.1744102455659338,351.0804000029566,1.1200169533721864
dma_hardened2,xilinx_u280_xdma_201920_3,3,2,6,48,1024,Scatter,180.04500000188273,2.1839873364763704,359.7045999981674,1.093163668193299
dma_hardened2,xilinx_u280_xdma_201920_3,3,2,6,48,1024,Scatter,175.6204000002981,2.2390109577209283,315.81389999928433,1.2450876924698093
dma_hardened2,xilinx_u280_xdma_201920_3,3,2,6,48,1024,Scatter,169.61830000354894,2.318240425660278,343.10329999698297,1.1460571787081548
dma_hardened2,xilinx_u280_xdma_201920_3,3,2,6,48,1024,Scatter,172.84340000287557,2.2749841763900625,327.64469999619905,1.2001292864025013
dma_hardened2,xilinx_u280_xdma_201920_3,3,2,6,48,1024,Scatter,183.50249999912194,2.1428372910553346,384.84080000671383,1.0217627652607002
dma_hardened2,xilinx_u280_xdma_201920_3,3,2,6,48,1024,Scatter,175.50430000028427,2.2404921132950193,314.789899994139,1.2491379170911177
dma_hardened2,xilinx_u280_xdma_201920_3,3,2,6,96,1024,Scatter,200.3254999976889,3.9257708080552542,327.3706999948445,2.4022675212301676
dma_hardened2,xilinx_u280_xdma_201920_3,3,2,6,96,1024,Scatter,187.06079999901704,4.204151805210565,351.3385000019298,2.2383883348841085
dma_hardened2,xilinx_u280_xdma_201920_3,3,2,6,96,1024,Scatter,192.55309999834935,4.08423442679833,343.36910000547505,2.2903400451218827
dma_hardened2,xilinx_u280_xdma_201920_3,3,2,6,96,1024,Scatter,182.33209999607425,4.313184568251737,349.69609999961904,2.248901260268149
dma_hardened2,xilinx_u280_xdma_201920_3,3,2,6,96,1024,Scatter,184.1592000005221,4.2703921389633015,341.1826000046858,2.3050178994743553
dma_hardened2,xilinx_u280_xdma_201920_3,3,2,6,96,1024,Scatter,194.64030000335697,4.040437668799505,364.01919999207166,2.160413516696725
dma_hardened2,xilinx_u280_xdma_201920_3,3,2,6,96,1024,Scatter,188.51190000077622,4.171789685408517,316.40119999565286,2.4855531521713727
dma_hardened2,xilinx_u280_xdma_201920_3,3,2,6,96,1024,Scatter,181.96209999814528,4.3219549565981925,308.0726999996841,2.552748101343632
dma_hardened2,xilinx_u280_xdma_201920_3,3,2,6,96,1024,Scatter,190.16270000520308,4.135574431676045,356.6035000062584,2.2053401045873025
dma_hardened2,xilinx_u280_xdma_201920_3,3,2,6,96,1024,Scatter,190.07299999884708,4.137526108415031,362.65449999746124,2.1685433380959163
dma_hardened2,xilinx_u280_xdma_201920_3,3,2,6,96,1024,Scatter,195.28999999920416,4.0269957499268,346.81719999980487,2.2675691978380614
dma_hardened2,xilinx_u280_xdma_201920_3,3,2,6,96,1024,Scatter,195.26539999787929,4.027503080466592,329.79349999777696,2.3846194664397604
dma_hardened2,xilinx_u280_xdma_201920_3,3,2,6,96,1024,Scatter,190.72850000156905,4.12330616553651,350.81500000160304,2.241728546374603
dma_hardened2,xilinx_u280_xdma_201920_3,3,2,6,96,1024,Scatter,191.19170000294616,4.113316634497635,308.3041999957459,2.5508312893916187
dma_hardened2,xilinx_u280_xdma_201920_3,3,2,6,96,1024,Scatter,182.01740000449718,4.320641872593331,321.74709999708284,2.444255130837637
dma_hardened2,xilinx_u280_xdma_201920_3,3,2,6,96,1024,Scatter,182.78310000141573,4.3025421934189145,322.7225000046019,2.4368675874436576
dma_hardened2,xilinx_u280_xdma_201920_3,3,2,6,96,1024,Scatter,185.95679999862114,4.229111277489349,359.9248999989868,2.184989146353069
dma_hardened2,xilinx_u280_xdma_201920_3,3,2,6,96,1024,Scatter,172.62940000364324,4.555608720087093,358.0496000040512,2.196433119855746
dma_hardened2,xilinx_u280_xdma_201920_3,3,2,6,96,1024,Scatter,187.4810999993315,4.194726828479267,377.08490000341044,2.085556859987996
dma_hardened2,xilinx_u280_xdma_201920_3,3,2,6,96,1024,Scatter,216.08989999322148,3.6393741679952165,352.7094999981273,2.229687604116633
dma_hardened2,xilinx_u280_xdma_201920_3,3,2,6,192,1024,Scatter,304.21899999737434,5.170170173505189,354.78670000657075,4.433266523155659
dma_hardened2,xilinx_u280_xdma_201920_3,3,2,6,192,1024,Scatter,188.7763000013365,8.331893357316911,397.6661000024251,3.9552378238688393
dma_hardened2,xilinx_u280_xdma_201920_3,3,2,6,192,1024,Scatter,193.30490000584177,8.136700104097036,357.3200000005272,4.401835889392363
dma_hardened2,xilinx_u280_xdma_201920_3,3,2,6,192,1024,Scatter,193.33220000135043,8.135551139380887,415.6701000056273,3.7839238376267783
dma_hardened2,xilinx_u280_xdma_201920_3,3,2,6,192,1024,Scatter,220.74170000223603,7.125359639724019,346.2921000050301,4.542015252375533
dma_hardened2,xilinx_u280_xdma_201920_3,3,2,6,192,1024,Scatter,186.8556999966131,8.41753288783007,366.793700004564,4.2881434440679564
dma_hardened2,xilinx_u280_xdma_201920_3,3,2,6,192,1024,Scatter,195.2460999973482,8.055802395138045,369.43840000276396,4.257445896225819
dma_hardened2,xilinx_u280_xdma_201920_3,3,2,6,192,1024,Scatter,196.53709999829516,8.002885969181612,351.7855999916719,4.471086934875207
dma_hardened2,xilinx_u280_xdma_201920_3,3,2,6,192,1024,Scatter,205.14589999720556,7.66705062115024,400.3291000003628,3.9289274749164487
dma_hardened2,xilinx_u280_xdma_201920_3,3,2,6,192,1024,Scatter,196.7662000083692,7.993568000668307,341.7900000044938,4.601843237014894
dma_hardened2,xilinx_u280_xdma_201920_3,3,2,6,192,1024,Scatter,192.6114000070811,8.165996404896989,371.1722000048212,4.2375587395272865
dma_hardened2,xilinx_u280_xdma_201920_3,3,2,6,192,1024,Scatter,195.67090000691678,8.038313310484087,317.46959999736646,4.954376734065396
dma_hardened2,xilinx_u280_xdma_201920_3,3,2,6,192,1024,Scatter,184.9712000080217,8.503291322821008,339.3905000052655,4.634378392959136
dma_hardened2,xilinx_u280_xdma_201920_3,3,2,6,192,1024,Scatter,193.30430000081833,8.136725359929093,313.03559999287245,5.024553118034539
dma_hardened2,xilinx_u280_xdma_201920_3,3,2,6,192,1024,Scatter,184.89699999690856,8.50670373249051,370.6123000029038,4.243960602461592
dma_hardened2,xilinx_u280_xdma_201920_3,3,2,6,192,1024,Scatter,199.67200000792218,7.877238671108594,329.8208000046543,4.768844172283265
dma_hardened2,xilinx_u280_xdma_201920_3,3,2,6,192,1024,Scatter,191.37939999609443,8.218564798677905,370.1606000049651,4.249139427532003
dma_hardened2,xilinx_u280_xdma_201920_3,3,2,6,192,1024,Scatter,211.74180000116394,7.428216818745066,319.369800001823,4.924898972886672
dma_hardened2,xilinx_u280_xdma_201920_3,3,2,6,192,1024,Scatter,203.41470000175832,7.732302532640975,384.03309999921476,4.095646963772696
dma_hardened2,xilinx_u280_xdma_201920_3,3,2,6,192,1024,Scatter,197.35780000473824,7.969606470898227,359.84179999104526,4.37098747293711
dma_hardened2,xilinx_u280_xdma_201920_3,3,2,6,384,1024,Scatter,240.13360000481043,13.099907717774538,464.12479999844436,6.777763222328442
dma_hardened2,xilinx_u280_xdma_201920_3,3,2,6,384,1024,Scatter,242.66960000431936,12.963008139231317,444.54630000245743,7.076266296632342
dma_hardened2,xilinx_u280_xdma_201920_3,3,2,6,384,1024,Scatter,228.56269999920187,13.763085577878563,430.2232999975786,7.311849451244749
dma_hardened2,xilinx_u280_xdma_201920_3,3,2,6,384,1024,Scatter,258.8054999932865,12.154795783248815,497.18169999550815,6.3271194415008045
dma_hardened2,xilinx_u280_xdma_201920_3,3,2,6,384,1024,Scatter,227.53260000172304,13.825394690590176,421.2112999994133,7.468289668402489
dma_hardened2,xilinx_u280_xdma_201920_3,3,2,6,384,1024,Scatter,236.44220000278438,13.304427043746655,462.6007999945614,6.8000920016501984
dma_hardened2,xilinx_u280_xdma_201920_3,3,2,6,384,1024,Scatter,261.2161999991258,12.042622165128071,472.65160000051765,6.655490005739015
dma_hardened2,xilinx_u280_xdma_201920_3,3,2,6,384,1024,Scatter,245.06250000513322,12.836431522301893,502.386599998772,6.26156828229035
dma_hardened2,xilinx_u280_xdma_201920_3,3,2,6,384,1024,Scatter,257.03630000180056,12.238458147654491,427.3716000056993,7.360638844410928
dma_hardened2,xilinx_u280_xdma_201920_3,3,2,6,384,1024,Scatter,240.02599999448648,13.105780207445273,497.46799999184077,6.323478093166987
dma_hardened2,xilinx_u280_xdma_201920_3,3,2,6,384,1024,Scatter,256.48550000596515,12.264740111728885,470.9557999944991,6.679454844885111
dma_hardened2,xilinx_u280_xdma_201920_3,3,2,6,384,1024,Scatter,244.41740000611387,12.870311196835056,417.51989999738726,7.5343187235379325
dma_hardened2,xilinx_u280_xdma_201920_3,3,2,6,384,1024,Scatter,230.71159999972224,13.634893087316751,434.22809999356105,7.244413708018082
dma_hardened2,xilinx_u280_xdma_201920_3,3,2,6,384,1024,Scatter,232.94439999972383,13.504201002486987,469.1965999995773,6.704498711207273
dma_hardened2,xilinx_u280_xdma_201920_3,3,2,6,384,1024,Scatter,262.9478000017116,11.963317434028822,473.3001000090553,6.646370875349096
dma_hardened2,xilinx_u280_xdma_201920_3,3,2,6,384,1024,Scatter,256.04290000273977,12.285941144887593,448.88049999372015,7.007940866319675
dma_hardened2,xilinx_u280_xdma_201920_3,3,2,6,384,1024,Scatter,246.366399994713,12.768494405355224,473.13000000031025,6.648760382977062
dma_hardened2,xilinx_u280_xdma_201920_3,3,2,6,384,1024,Scatter,232.905000007122,13.506485476498172,476.6184000004614,6.600097688207075
dma_hardened2,xilinx_u280_xdma_201920_3,3,2,6,384,1024,Scatter,230.91810001005797,13.622699995639074,456.0412999921937,6.8979015717520475
dma_hardened2,xilinx_u280_xdma_201920_3,3,2,6,384,1024,Scatter,236.11149999851477,13.323061350335701,447.98449999916556,7.021957232908415
dma_hardened2,xilinx_u280_xdma_201920_3,3,2,6,768,1024,Scatter,432.6705999915248,14.540983371930604,675.2986999913446,9.31655280852849
dma_hardened2,xilinx_u280_xdma_201920_3,3,2,6,768,1024,Scatter,375.5998000087857,16.75042425436019,640.3500000033091,9.825026938342294
dma_hardened2,xilinx_u280_xdma_201920_3,3,2,6,768,1024,Scatter,359.2372999946747,17.513370688659737,667.1750999998949,9.429992216437622
dma_hardened2,xilinx_u280_xdma_201920_3,3,2,6,768,1024,Scatter,423.65350000181934,14.85047568348422,699.4515999963369,8.994841101275556
dma_hardened2,xilinx_u280_xdma_201920_3,3,2,6,768,1024,Scatter,413.3522999950401,15.220566088722606,725.0838000004478,8.676867418629563
dma_hardened2,xilinx_u280_xdma_201920_3,3,2,6,768,1024,Scatter,405.147300000408,15.528811373033129,705.2359999988767,8.921064721610954
dma_hardened2,xilinx_u280_xdma_201920_3,3,2,6,768,1024,Scatter,422.1263000090403,14.904202841342181,632.496599996557,9.947019478103515
dma_hardened2,xilinx_u280_xdma_201920_3,3,2,6,768,1024,Scatter,329.3587000030129,19.102140007057493,686.5360000006149,9.164058403338448
dma_hardened2,xilinx_u280_xdma_201920_3,3,2,6,768,1024,Scatter,388.04309999704856,16.213291771063194,725.5407999991803,8.671402076915742
dma_hardened2,xilinx_u280_xdma_201920_3,3,2,6,768,1024,Scatter,429.26290000195877,14.656416848442507,718.7172000044484,8.753729561447896
dma_hardened2,xilinx_u280_xdma_201920_3,3,2,6,768,1024,Scatter,370.0939999930597,16.99961631401207,640.9296999891012,9.816140522286586
dma_hardened2,xilinx_u280_xdma_201920_3,3,2,6,768,1024,Scatter,401.3143000065611,15.677128873546597,668.7204999934693,9.408199688900583
dma_hardened2,xilinx_u280_xdma_201920_3,3,2,6,768,1024,Scatter,429.2491000001064,14.656888040064477,676.4502000009998,9.30069353219306
dma_hardened2,xilinx_u280_xdma_201920_3,3,2,6,768,1024,Scatter,390.98759999660615,16.09119061590345,675.5127000019456,9.313601357875106
dma_hardened2,xilinx_u280_xdma_201920_3,3,2,6,768,1024,Scatter,389.43810000091617,16.155214397320652,635.8106999982738,9.895171628940943
dma_hardened2,xilinx_u280_xdma_201920_3,3,2,6,768,1024,Scatter,392.5823999907152,16.025822859478154,698.3633999993799,9.008856993372772
dma_hardened2,xilinx_u280_xdma_201920_3,3,2,6,768,1024,Scatter,420.01000000482236,14.979300492673422,693.004800007202,9.078517204981289
dma_hardened2,xilinx_u280_xdma_201920_3,3,2,6,768,1024,Scatter,391.1957000013899,16.082630765056074,621.744900001886,10.119031133155923
dma_hardened2,xilinx_u280_xdma_201920_3,3,2,6,768,1024,Scatter,441.63710000475476,14.245759697118437,685.6877000018358,9.17539573771435
dma_hardened2,xilinx_u280_xdma_201920_3,3,2,6,768,1024,Scatter,406.1470999999983,15.490584568989968,714.6960000000036,8.802981967158022
dma_hardened2,xilinx_u280_xdma_201920_3,3,2,6,1536,1024,Scatter,550.5430999960481,22.85545309729669,1000.6125000018075,12.575209684045793
dma_hardened2,xilinx_u280_xdma_201920_3,3,2,6,1536,1024,Scatter,659.924800004319,19.06719068584428,1029.616999994687,12.220963717639599
dma_hardened2,xilinx_u280_xdma_201920_3,3,2,6,1536,1024,Scatter,575.463799998488,21.865688163239916,1251.8971999952555,10.051074481233512
dma_hardened2,xilinx_u280_xdma_201920_3,3,2,6,1536,1024,Scatter,608.3299000010811,20.68435564317591,987.7932999984296,12.738405899311125
dma_hardened2,xilinx_u280_xdma_201920_3,3,2,6,1536,1024,Scatter,613.8536999969801,20.49822620611703,979.930100004367,12.840621999409882
dma_hardened2,xilinx_u280_xdma_201920_3,3,2,6,1536,1024,Scatter,654.7929999896951,19.216625712550417,1059.4344999958594,11.87700796986428
dma_hardened2,xilinx_u280_xdma_201920_3,3,2,6,1536,1024,Scatter,612.3768000065866,20.547662811302878,1029.2181000068013,12.225700266947161
dma_hardened2,xilinx_u280_xdma_201920_3,3,2,6,1536,1024,Scatter,649.58509999542,19.370690614807383,960.8246999960102,13.095949760713115
dma_hardened2,xilinx_u280_xdma_201920_3,3,2,6,1536,1024,Scatter,647.1401999988302,19.4438732132894,997.0816999953058,12.61974018784944
dma_hardened2,xilinx_u280_xdma_201920_3,3,2,6,1536,1024,Scatter,659.3136999981652,19.084863548315493,964.3133000054149,13.048572491875143
dma_hardened2,xilinx_u280_xdma_201920_3,3,2,6,1536,1024,Scatter,609.3105999980253,20.65106367760676,1082.135699994069,11.627850370400832
dma_hardened2,xilinx_u280_xdma_201920_3,3,2,6,1536,1024,Scatter,617.8254000019479,20.366453046379007,973.5897999917142,12.924243865442188
dma_hardened2,xilinx_u280_xdma_201920_3,3,2,6,1536,1024,Scatter,632.2368999917671,19.90221070640428,1033.3567999964544,12.176735083219246
dma_hardened2,xilinx_u280_xdma_201920_3,3,2,6,1536,1024,Scatter,634.3393000065589,19.836248518529274,986.4720999985366,12.75546667768776
dma_hardened2,xilinx_u280_xdma_201920_3,3,2,6,1536,1024,Scatter,644.5282000072439,19.522671001607968,987.1512000017902,12.746691692191815
dma_hardened2,xilinx_u280_xdma_201920_3,3,2,6,1536,1024,Scatter,634.9744999965878,19.81640522582815,1007.1551999999429,12.493518377307403
dma_hardened2,xilinx_u280_xdma_201920_3,3,2,6,1536,1024,Scatter,605.677300006846,20.774944016983586,1014.8978999950486,12.398204784995011
dma_hardened2,xilinx_u280_xdma_201920_3,3,2,6,1536,1024,Scatter,611.2214999916432,20.58650096597066,997.9440000051909,12.60883576627
dma_hardened2,xilinx_u280_xdma_201920_3,3,2,6,1536,1024,Scatter,667.8786000065884,18.840118548304847,973.7362999999277,12.922299394611183
dma_hardened2,xilinx_u280_xdma_201920_3,3,2,6,1536,1024,Scatter,648.8286000035259,19.39327582035012,979.0617000021485,12.85201126749457
dma_hardened2,xilinx_u280_xdma_201920_3,3,2,6,3072,1024,Scatter,997.7264999974979,25.223168874499287,1715.168500004438,14.672508269557703
dma_hardened2,xilinx_u280_xdma_201920_3,3,2,6,3072,1024,Scatter,967.1930000081375,26.019443895673632,1548.2110999982979,16.254775592312747
dma_hardened2,xilinx_u280_xdma_201920_3,3,2,6,3072,1024,Scatter,991.7701999938798,25.374652313767136,1584.6275999933823,15.8812228186011
dma_hardened2,xilinx_u280_xdma_201920_3,3,2,6,3072,1024,Scatter,1018.8465999931395,24.70030719066978,1586.0503999988396,15.866976232292753
dma_hardened2,xilinx_u280_xdma_201920_3,3,2,6,3072,1024,Scatter,977.7236999980233,25.73919809865597,1627.469100003509,15.463165475735138
dma_hardened2,xilinx_u280_xdma_201920_3,3,2,6,3072,1024,Scatter,1044.4606999953976,24.094562868771312,1591.828899995562,15.809377502864887
dma_hardened2,xilinx_u280_xdma_201920_3,3,2,6,3072,1024,Scatter,1016.5238000013233,24.756748440092835,1560.7625000029657,16.124057311700007
dma_hardened2,xilinx_u280_xdma_201920_3,3,2,6,3072,1024,Scatter,1009.7573999928501,24.92264379560694,1678.4284999971533,14.993682483372204
dma_hardened2,xilinx_u280_xdma_201920_3,3,2,6,3072,1024,Scatter,1024.478099998305,24.56453095487511,1629.2564000082166,15.446202328788205
dma_hardened2,xilinx_u280_xdma_201920_3,3,2,6,3072,1024,Scatter,1042.111100002785,24.148887772074154,1715.1282999975592,14.672852170905122
dma_hardened2,xilinx_u280_xdma_201920_3,3,2,6,3072,1024,Scatter,1035.795899997538,24.296122431127422,1675.1293000083933,15.023212834898121
dma_hardened2,xilinx_u280_xdma_201920_3,3,2,6,3072,1024,Scatter,979.4089000024543,25.694910470935007,1612.8222000020287,15.603594742165843
dma_hardened2,xilinx_u280_xdma_201920_3,3,2,6,3072,1024,Scatter,985.9117000019069,25.52543397137018,1707.186900000579,14.741106553706254
dma_hardened2,xilinx_u280_xdma_201920_3,3,2,6,3072,1024,Scatter,991.6000999965036,25.37900510507082,1652.3286000051485,15.23052012772858
dma_hardened2,xilinx_u280_xdma_201920_3,3,2,6,3072,1024,Scatter,987.2464999943985,25.490922479991355,1637.3230999988664,15.370102577809734
dma_hardened2,xilinx_u280_xdma_201920_3,3,2,6,3072,1024,Scatter,1024.9186999999438,24.553970963747055,1591.2602999947012,15.815026617633707
dma_hardened2,xilinx_u280_xdma_201920_3,3,2,6,3072,1024,Scatter,998.5906999986581,25.201340248846517,1647.56330000273,15.274571847988057
dma_hardened2,xilinx_u280_xdma_201920_3,3,2,6,3072,1024,Scatter,949.8713999960273,26.493927493874697,1587.2030999958042,15.855452903328203
dma_hardened2,xilinx_u280_xdma_201920_3,3,2,6,3072,1024,Scatter,978.0035000062526,25.73183429286205,1637.7884000007725,15.365735891149388
dma_hardened2,xilinx_u280_xdma_201920_3,3,2,6,3072,1024,Scatter,925.6018999963089,27.188604517882208,1636.7951000006542,15.375060690241524
dma_hardened2,xilinx_u280_xdma_201920_3,3,2,6,6144,1024,Scatter,1946.2511000028826,25.860819295067042,3000.6845000002613,16.773388871770965
dma_hardened2,xilinx_u280_xdma_201920_3,3,2,6,6144,1024,Scatter,1898.1376000056116,26.516332640927192,2942.7078000026086,17.1038551635862
dma_hardened2,xilinx_u280_xdma_201920_3,3,2,6,6144,1024,Scatter,1938.6609000093813,25.9620689723285,2958.4722999970836,17.012715650590884
dma_hardened2,xilinx_u280_xdma_201920_3,3,2,6,6144,1024,Scatter,1935.585399996853,26.00332075251334,2909.4375999989097,17.29944233896574
dma_hardened2,xilinx_u280_xdma_201920_3,3,2,6,6144,1024,Scatter,1872.864799997842,26.874149164455435,2945.1747999928557,17.08952826844848
dma_hardened2,xilinx_u280_xdma_201920_3,3,2,6,6144,1024,Scatter,1927.8994000046623,26.106988777463325,2989.8774999992384,16.83401677828367
dma_hardened2,xilinx_u280_xdma_201920_3,3,2,6,6144,1024,Scatter,1919.6415000010347,26.21929563409255,3002.8849000018454,16.761097969478975
dma_hardened2,xilinx_u280_xdma_201920_3,3,2,6,6144,1024,Scatter,1929.7789999995985,26.081560634668776,3083.005399992089,16.325514058499262
dma_hardened2,xilinx_u280_xdma_201920_3,3,2,6,6144,1024,Scatter,1949.9343000006775,25.8119712033285,3064.2281000041294,16.425555264613678
dma_hardened2,xilinx_u280_xdma_201920_3,3,2,6,6144,1024,Scatter,1939.9197999973694,25.945221034430524,3018.8134000013633,16.67265952906439
dma_hardened2,xilinx_u280_xdma_201920_3,3,2,6,6144,1024,Scatter,1863.7526000020443,27.005541400690625,2940.7593999962955,17.115187322044573
dma_hardened2,xilinx_u280_xdma_201920_3,3,2,6,6144,1024,Scatter,1882.8196999947977,26.73205936826509,2928.5068999911346,17.186795086654012
dma_hardened2,xilinx_u280_xdma_201920_3,3,2,6,6144,1024,Scatter,1838.02230000083,27.383589415632915,2977.311600000121,16.905065630348517
dma_hardened2,xilinx_u280_xdma_201920_3,3,2,6,6144,1024,Scatter,1870.5217999922752,26.907811499554754,2986.601400004929,16.852482557570934
dma_hardened2,xilinx_u280_xdma_201920_3,3,2,6,6144,1024,Scatter,1909.551799997189,26.35783328845758,2976.70280000375,16.908523081288664
dma_hardened2,xilinx_u280_xdma_201920_3,3,2,6,6144,1024,Scatter,1853.7459999947714,27.15131846549741,3070.7957999993596,16.390424918521283
dma_hardened2,xilinx_u280_xdma_201920_3,3,2,6,6144,1024,Scatter,1927.299099997981,26.115120377554646,3061.267200007478,16.44144228895702
dma_hardened2,xilinx_u280_xdma_201920_3,3,2,6,6144,1024,Scatter,1901.6603999943982,26.46721149588447,3062.732800003687,16.433574616740778
dma_hardened2,xilinx_u280_xdma_201920_3,3,2,6,6144,1024,Scatter,1908.863599999222,26.36733604225075,2946.5707999975166,17.08143174433223
dma_hardened2,xilinx_u280_xdma_201920_3,3,2,6,6144,1024,Scatter,1920.7887999982631,26.203634673445364,3020.201799995448,16.664995034462883
dma_hardened2,xilinx_u280_xdma_201920_3,3,2,6,12288,1024,Scatter,3392.631600002005,29.671154392342658,5283.770599999116,19.051413019334497
dma_hardened2,xilinx_u280_xdma_201920_3,3,2,6,12288,1024,Scatter,3355.321999993066,30.001083651645956,5200.546999992639,19.356290021057877
dma_hardened2,xilinx_u280_xdma_201920_3,3,2,6,12288,1024,Scatter,3367.1190999939427,29.895971306800845,5174.895400000423,19.452237817211103
dma_hardened2,xilinx_u280_xdma_201920_3,3,2,6,12288,1024,Scatter,3312.6390000006722,30.38764441280187,5199.306299994078,19.360908973590316
dma_hardened2,xilinx_u280_xdma_201920_3,3,2,6,12288,1024,Scatter,3340.476299990769,30.134414065526574,5233.954300001642,19.232742632079997
dma_hardened2,xilinx_u280_xdma_201920_3,3,2,6,12288,1024,Scatter,3373.3687999983886,29.84058428478027,5225.125599997682,19.265239480567637
dma_hardened2,xilinx_u280_xdma_201920_3,3,2,6,12288,1024,Scatter,3340.958599994792,30.130063868542674,5189.8714000003565,19.396106038387213
dma_hardened2,xilinx_u280_xdma_201920_3,3,2,6,12288,1024,Scatter,3329.1474999941784,30.23695886114269,5307.889699997759,18.964843221976242
dma_hardened2,xilinx_u280_xdma_201920_3,3,2,6,12288,1024,Scatter,3379.024700006994,29.79063633355259,5251.126799998929,19.169846746039447
dma_hardened2,xilinx_u280_xdma_201920_3,3,2,6,12288,1024,Scatter,3361.6369000014856,29.944726035091865,5093.239399991489,19.764100623302376
dma_hardened2,xilinx_u280_xdma_201920_3,3,2,6,12288,1024,Scatter,3392.2481999979937,29.67450789716965,5211.316800000532,19.316287967753127
dma_hardened2,xilinx_u280_xdma_201920_3,3,2,6,12288,1024,Scatter,3347.890199995618,30.06768143116873,5205.68289999801,19.337193204764446
dma_hardened2,xilinx_u280_xdma_201920_3,3,2,6,12288,1024,Scatter,3271.613799995521,30.7686976990187,5133.183099997041,19.610306906850454
dma_hardened2,xilinx_u280_xdma_201920_3,3,2,6,12288,1024,Scatter,3326.1654000057206,30.264068046594097,5249.791399990045,19.174723018554776
dma_hardened2,xilinx_u280_xdma_201920_3,3,2,6,12288,1024,Scatter,3371.5629999960584,29.856566820823957,5125.236000003497,19.640714300752457
dma_hardened2,xilinx_u280_xdma_201920_3,3,2,6,12288,1024,Scatter,3376.055000001088,29.816841254057636,5206.697300002361,19.33342581677532
dma_hardened2,xilinx_u280_xdma_201920_3,3,2,6,12288,1024,Scatter,3363.3479999934934,29.92949168512885,5202.157400003671,19.35029801288384
dma_hardened2,xilinx_u280_xdma_201920_3,3,2,6,12288,1024,Scatter,3340.118400001302,30.13764302485827,5280.561300003228,19.06299165581857
dma_hardened2,xilinx_u280_xdma_201920_3,3,2,6,12288,1024,Scatter,3387.8698999956214,29.712857627776707,5249.021899999207,19.177534008767463
dma_hardened2,xilinx_u280_xdma_201920_3,3,2,6,12288,1024,Scatter,3317.515999992793,30.34297227209113,5198.969500008843,19.36216321327309
dma_hardened2,xilinx_u280_xdma_201920_3,3,2,6,24576,1024,Scatter,6176.418399991235,32.59600936366061,9661.551800002144,20.83791467121827
dma_hardened2,xilinx_u280_xdma_201920_3,3,2,6,24576,1024,Scatter,6183.5678999955235,32.558321547685395,9615.94469999909,20.936746027669965
dma_hardened2,xilinx_u280_xdma_201920_3,3,2,6,24576,1024,Scatter,6114.0579999914735,32.9284727099875,9637.020699994991,20.890957721000294
dma_hardened2,xilinx_u280_xdma_201920_3,3,2,6,24576,1024,Scatter,6128.925899997739,32.848592932095045,9581.608700000288,21.011773524000613
dma_hardened2,xilinx_u280_xdma_201920_3,3,2,6,24576,1024,Scatter,6113.061199994263,32.933842049575574,9585.837299994182,21.002504601253996
dma_hardened2,xilinx_u280_xdma_201920_3,3,2,6,24576,1024,Scatter,6112.658600000032,32.93601118177923,9705.829099993935,20.742853590954514
dma_hardened2,xilinx_u280_xdma_201920_3,3,2,6,24576,1024,Scatter,6139.484399989215,32.792100913287385,9525.45850000206,21.13563268371349
dma_hardened2,xilinx_u280_xdma_201920_3,3,2,6,24576,1024,Scatter,6147.204900003089,32.750916111466985,9689.972399996805,20.77679725899595
dma_hardened2,xilinx_u280_xdma_201920_3,3,2,6,24576,1024,Scatter,6199.19469999104,32.47624921351333,9552.539499998147,21.07571415957391
dma_hardened2,xilinx_u280_xdma_201920_3,3,2,6,24576,1024,Scatter,6129.189600005702,32.8471796662666,9713.088599994535,20.727350515480037
dma_hardened2,xilinx_u280_xdma_201920_3,3,2,6,24576,1024,Scatter,6152.330299994446,32.723631889559265,9632.973400005085,20.899735070367132
dma_hardened2,xilinx_u280_xdma_201920_3,3,2,6,24576,1024,Scatter,6174.415600003158,32.60658255655758,9525.642400001288,21.135224643744
dma_hardened2,xilinx_u280_xdma_201920_3,3,2,6,24576,1024,Scatter,6145.242799993866,32.761373073851686,9571.09879999507,21.03484628119226
dma_hardened2,xilinx_u280_xdma_201920_3,3,2,6,24576,1024,Scatter,6156.6069000036805,32.7009008809511,9538.674399993852,21.106349117035567
dma_hardened2,xilinx_u280_xdma_201920_3,3,2,6,24576,1024,Scatter,6193.882599995959,32.50410203127379,9563.109700002315,21.052418963671542
dma_hardened2,xilinx_u280_xdma_201920_3,3,2,6,24576,1024,Scatter,6109.685599994918,32.95203799032923,9481.413200001043,21.233816916657304
dma_hardened2,xilinx_u280_xdma_201920_3,3,2,6,24576,1024,Scatter,6166.108399997938,32.65051130143403,9650.059599994165,20.862730422941816
dma_hardened2,xilinx_u280_xdma_201920_3,3,2,6,24576,1024,Scatter,6192.095599999448,32.51348251148092,9627.132200000688,20.91241584902985
dma_hardened2,xilinx_u280_xdma_201920_3,3,2,6,24576,1024,Scatter,6190.391999996336,32.5224302435321,9542.118899992147,21.098730178279972
dma_hardened2,xilinx_u280_xdma_201920_3,3,2,6,24576,1024,Scatter,6106.036000005588,32.971733543630556,9495.232500000839,21.202913356780073
experiment,board_instance,number of nodes,rank id,number of banks,buffer size[KB],segment_size[KB],collective name,execution_time[us],throughput[Gbps],execution_time_fullpath[us],throughput_fullpath[Gbps]
dma_hardened2,xilinx_u280_xdma_201920_3,3,2,6,1,1024,Gather,190.0433999935558,0.043105943170232607,300.7281999998668,0.02724054478430566
dma_hardened2,xilinx_u280_xdma_201920_3,3,2,6,1,1024,Gather,191.259700000046,0.04283181454325208,320.08169999926395,0.025593465668355415
dma_hardened2,xilinx_u280_xdma_201920_3,3,2,6,1,1024,Gather,176.04790000405046,0.046532790222499225,313.0447999978969,0.026168778398667016
dma_hardened2,xilinx_u280_xdma_201920_3,3,2,6,1,1024,Gather,179.0579999919828,0.04575053893356785,379.12550000100964,0.021607620695464125
dma_hardened2,xilinx_u280_xdma_201920_3,3,2,6,1,1024,Gather,196.9081000083861,0.04160316411387399,303.9928000021064,0.02694800666312899
dma_hardened2,xilinx_u280_xdma_201920_3,3,2,6,1,1024,Gather,182.508200009579,0.04488565445043039,374.8760000007678,0.021852559246212672
dma_hardened2,xilinx_u280_xdma_201920_3,3,2,6,1,1024,Gather,183.81979999730902,0.04456538414316589,317.2424000013052,0.025822525614376566
dma_hardened2,xilinx_u280_xdma_201920_3,3,2,6,1,1024,Gather,191.76869999455448,0.04271812866350255,282.5811999969119,0.028989897417413202
dma_hardened2,xilinx_u280_xdma_201920_3,3,2,6,1,1024,Gather,179.23579999887806,0.04570515488563824,303.3120000054623,0.027008492904509122
dma_hardened2,xilinx_u280_xdma_201920_3,3,2,6,1,1024,Gather,172.69990000841062,0.04743488559982399,285.8438000089336,0.028659008870382953
dma_hardened2,xilinx_u280_xdma_201920_3,3,2,6,1,1024,Gather,192.23340000280587,0.04261486297324205,296.27740000250924,0.027649763363424347
dma_hardened2,xilinx_u280_xdma_201920_3,3,2,6,1,1024,Gather,192.37220000150046,0.042584115583936266,302.18990000321355,0.027108781596978868
dma_hardened2,xilinx_u280_xdma_201920_3,3,2,6,1,1024,Gather,183.40660000149,0.04466578629086111,282.9358999974829,0.02895355449793709
dma_hardened2,xilinx_u280_xdma_201920_3,3,2,6,1,1024,Gather,195.00399999969886,0.04200939467914838,307.11530000644416,0.026674021124405423
dma_hardened2,xilinx_u280_xdma_201920_3,3,2,6,1,1024,Gather,195.8295999997972,0.041832286845341474,316.98349999942366,0.025843616465888272
dma_hardened2,xilinx_u280_xdma_201920_3,3,2,6,1,1024,Gather,177.78939999288923,0.046076987718770876,297.9334999963612,0.027496068753933522
dma_hardened2,xilinx_u280_xdma_201920_3,3,2,6,1,1024,Gather,201.911999999993,0.040572130433061356,301.4143000086733,0.027178537978338357
dma_hardened2,xilinx_u280_xdma_201920_3,3,2,6,1,1024,Gather,185.4762999982995,0.044167368014539354,317.71010000056776,0.02578451235886225
dma_hardened2,xilinx_u280_xdma_201920_3,3,2,6,1,1024,Gather,175.77930000243214,0.04660389476967227,304.28750000055516,0.026921907735234122
dma_hardened2,xilinx_u280_xdma_201920_3,3,2,6,1,1024,Gather,188.60330000052272,0.0434350830551602,313.6598999958551,0.026117460345132595
dma_hardened2,xilinx_u280_xdma_201920_3,3,2,6,6,1024,Gather,192.49810000019352,0.2553375851499344,302.80760000778173,0.16232089286641702
dma_hardened2,xilinx_u280_xdma_201920_3,3,2,6,6,1024,Gather,180.79420000276514,0.2718671284767335,306.92409999346637,0.1601438270929077
dma_hardened2,xilinx_u280_xdma_201920_3,3,2,6,6,1024,Gather,197.70469999684792,0.24861320950277685,316.75019999966025,0.1551759083342417
dma_hardened2,xilinx_u280_xdma_201920_3,3,2,6,6,1024,Gather,206.69419999421734,0.23780057689753809,321.94909999816446,0.15267009598809325
dma_hardened2,xilinx_u280_xdma_201920_3,3,2,6,6,1024,Gather,188.46199999416058,0.26080589191201914,294.2263000022649,0.16705508650865553
dma_hardened2,xilinx_u280_xdma_201920_3,3,2,6,6,1024,Gather,201.67100000207938,0.24372368857938526,291.21129999793993,0.16878465911297982
dma_hardened2,xilinx_u280_xdma_201920_3,3,2,6,6,1024,Gather,190.3661999904216,0.25819709592602635,320.36449999850447,0.1534252390643453
dma_hardened2,xilinx_u280_xdma_201920_3,3,2,6,6,1024,Gather,188.74099999948157,0.26042036441544236,309.8151000017424,0.15864946543833267
dma_hardened2,xilinx_u280_xdma_201920_3,3,2,6,6,1024,Gather,197.47449999840683,0.24890302292395497,312.54750000471176,0.1572624960982219
dma_hardened2,xilinx_u280_xdma_201920_3,3,2,6,6,1024,Gather,196.82450000573226,0.24972500882038828,288.50300000158313,0.17036911227866014
dma_hardened2,xilinx_u280_xdma_201920_3,3,2,6,6,1024,Gather,190.5621999981122,0.2579315310197244,310.80689999498645,0.15814320724794995
dma_hardened2,xilinx_u280_xdma_201920_3,3,2,6,6,1024,Gather,186.37429999444066,0.2637273486820133,355.73149999663656,0.1381716266354392
dma_hardened2,xilinx_u280_xdma_201920_3,3,2,6,6,1024,Gather,192.09420000834143,0.2558744615811703,304.7061000074791,0.16130953728459507
dma_hardened2,xilinx_u280_xdma_201920_3,3,2,6,6,1024,Gather,176.89049999489725,0.2778668159195541,300.1014000005853,0.1637846407910931
dma_hardened2,xilinx_u280_xdma_201920_3,3,2,6,6,1024,Gather,190.1794999980666,0.2584505690702714,297.28780000368715,0.16533473623670525
dma_hardened2,xilinx_u280_xdma_201920_3,3,2,6,6,1024,Gather,193.72740000562771,0.25371733682779074,304.4384000077116,0.16145138063646028
dma_hardened2,xilinx_u280_xdma_201920_3,3,2,6,6,1024,Gather,188.35289999969973,0.2609569589853852,308.00649999491725,0.15958104780519602
dma_hardened2,xilinx_u280_xdma_201920_3,3,2,6,6,1024,Gather,197.98000000719185,0.24826750175883674,299.1315000031136,0.1643156939322284
dma_hardened2,xilinx_u280_xdma_201920_3,3,2,6,6,1024,Gather,196.76590000017313,0.24979938088844028,315.275399998427,0.15590179252883427
dma_hardened2,xilinx_u280_xdma_201920_3,3,2,6,6,1024,Gather,186.87790000058158,0.26301665418889575,308.2115999973212,0.15947485428980354
dma_hardened2,xilinx_u280_xdma_201920_3,3,2,6,12,1024,Gather,202.21999999421314,0.4861240233548271,316.746900000453,0.3103550500410877
dma_hardened2,xilinx_u280_xdma_201920_3,3,2,6,12,1024,Gather,195.45139999763705,0.5029587918080324,313.3214999934353,0.313748019213682
dma_hardened2,xilinx_u280_xdma_201920_3,3,2,6,12,1024,Gather,175.02049998938674,0.5616713471048316,295.3130000037163,0.3328807062295358
dma_hardened2,xilinx_u280_xdma_201920_3,3,2,6,12,1024,Gather,194.1695000027721,0.5062793075050228,309.1051000069456,0.3180277517187233
dma_hardened2,xilinx_u280_xdma_201920_3,3,2,6,12,1024,Gather,178.2002999902943,0.5516489029780205,309.4579000048725,0.3176651815915903
dma_hardened2,xilinx_u280_xdma_201920_3,3,2,6,12,1024,Gather,178.90899999883914,0.549463693836743,288.0765999975665,0.3412425722909476
dma_hardened2,xilinx_u280_xdma_201920_3,3,2,6,12,1024,Gather,198.9576000028137,0.4940952243021114,301.1037999954169,0.32647877576269807
dma_hardened2,xilinx_u280_xdma_201920_3,3,2,6,12,1024,Gather,226.04800000181058,0.43488108719923474,316.37429999591404,0.3107205610609635
dma_hardened2,xilinx_u280_xdma_201920_3,3,2,6,12,1024,Gather,173.33729999791103,0.5671254830967409,307.95019999914075,0.3192204453845923
dma_hardened2,xilinx_u280_xdma_201920_3,3,2,6,12,1024,Gather,207.50280000356724,0.4737478241176024,291.2299000058738,0.33754775865396147
dma_hardened2,xilinx_u280_xdma_201920_3,3,2,6,12,1024,Gather,185.09120000089752,0.5311111495280344,323.71770000736433,0.3036719956856349
dma_hardened2,xilinx_u280_xdma_201920_3,3,2,6,12,1024,Gather,183.94650001027912,0.5344162568709199,304.1564999989532,0.32320203579518547
dma_hardened2,xilinx_u280_xdma_201920_3,3,2,6,12,1024,Gather,203.11999999194086,0.48397006697469663,303.6861000055069,0.32370266534496445
dma_hardened2,xilinx_u280_xdma_201920_3,3,2,6,12,1024,Gather,183.32060000147976,0.5362408807259331,307.7413999903911,0.3194370338312279
dma_hardened2,xilinx_u280_xdma_201920_3,3,2,6,12,1024,Gather,184.37119999816787,0.5331852263313189,305.6691999972827,0.32160256905463125
dma_hardened2,xilinx_u280_xdma_201920_3,3,2,6,12,1024,Gather,186.87199999476434,0.5260499165351376,309.574299990345,0.3175457394333635
dma_hardened2,xilinx_u280_xdma_201920_3,3,2,6,12,1024,Gather,180.35819999795422,0.5450486864534856,332.60110000128407,0.2955612594174237
dma_hardened2,xilinx_u280_xdma_201920_3,3,2,6,12,1024,Gather,186.03900000471185,0.528405334351992,301.0260999985803,0.32656304553147925
dma_hardened2,xilinx_u280_xdma_201920_3,3,2,6,12,1024,Gather,189.83190000199102,0.517847632557905,310.3180999914912,0.3167846155370746
dma_hardened2,xilinx_u280_xdma_201920_3,3,2,6,12,1024,Gather,194.63050000467774,0.5050801390205408,313.3148999950208,0.3137546283357805
dma_hardened2,xilinx_u280_xdma_201920_3,3,2,6,24,1024,Gather,205.16299999826515,0.9583014481249665,297.33090000263473,0.6612430796740527
dma_hardened2,xilinx_u280_xdma_201920_3,3,2,6,24,1024,Gather,192.44320000098014,1.0216417103799909,311.12120000216237,0.631933792999749
dma_hardened2,xilinx_u280_xdma_201920_3,3,2,6,24,1024,Gather,195.5205999934151,1.0055615623449474,302.0426000034604,0.6509280478904218
dma_hardened2,xilinx_u280_xdma_201920_3,3,2,6,24,1024,Gather,187.7483000043867,1.0471892421684048,332.08329999752095,0.5920442250527734
dma_hardened2,xilinx_u280_xdma_201920_3,3,2,6,24,1024,Gather,198.22120000299037,0.9918616172086233,480.1684999961253,0.4094562637940358
dma_hardened2,xilinx_u280_xdma_201920_3,3,2,6,24,1024,Gather,193.02559999232471,1.0185591963336351,321.38679999889064,0.611748833494962
dma_hardened2,xilinx_u280_xdma_201920_3,3,2,6,24,1024,Gather,184.17839999074204,1.0674867411698807,315.0075000007746,0.6241375205336905
dma_hardened2,xilinx_u280_xdma_201920_3,3,2,6,24,1024,Gather,196.1151000045902,1.0025133199605654,323.7649999960013,0.6072552623119493
dma_hardened2,xilinx_u280_xdma_201920_3,3,2,6,24,1024,Gather,190.99590000450917,1.0293833532309244,307.72459999752755,0.6389089465111976
dma_hardened2,xilinx_u280_xdma_201920_3,3,2,6,24,1024,Gather,180.63090000168813,1.0884516436454812,307.5369000043793,0.6392988938797274
dma_hardened2,xilinx_u280_xdma_201920_3,3,2,6,24,1024,Gather,194.79310000178884,1.009317065122915,305.3519999980381,0.643873300326388
dma_hardened2,xilinx_u280_xdma_201920_3,3,2,6,24,1024,Gather,180.91089999643373,1.0867670217984418,312.45850000232167,0.6292291616279895
dma_hardened2,xilinx_u280_xdma_201920_3,3,2,6,24,1024,Gather,217.08350000153587,0.905679151103649,310.01410000044416,0.6341905093985026
dma_hardened2,xilinx_u280_xdma_201920_3,3,2,6,24,1024,Gather,201.62259999096932,0.9751287802498633,295.44419999183447,0.6654657630964963
dma_hardened2,xilinx_u280_xdma_201920_3,3,2,6,24,1024,Gather,184.57200000057128,1.0652103244229432,329.7859999975117,0.5961684243766668
dma_hardened2,xilinx_u280_xdma_201920_3,3,2,6,24,1024,Gather,179.14969999992536,1.0974509027929262,284.7686999984944,0.6904129562028393
dma_hardened2,xilinx_u280_xdma_201920_3,3,2,6,24,1024,Gather,197.55759999497968,0.9951933006120554,287.31329999800437,0.684298290407599
dma_hardened2,xilinx_u280_xdma_201920_3,3,2,6,24,1024,Gather,198.814299994865,0.9889027097400842,310.31880000682577,0.6335678018723823
dma_hardened2,xilinx_u280_xdma_201920_3,3,2,6,24,1024,Gather,193.35619999765186,1.0168176660608124,305.14979999907155,0.6442999471099055
dma_hardened2,xilinx_u280_xdma_201920_3,3,2,6,24,1024,Gather,189.0096000010999,1.0402011326348286,294.41430000360924,0.6677936499605819
dma_hardened2,xilinx_u280_xdma_201920_3,3,2,6,48,1024,Gather,192.33570000096734,2.0444254498671977,331.3700999910907,1.1866369355912683
dma_hardened2,xilinx_u280_xdma_201920_3,3,2,6,48,1024,Gather,182.84920000724014,2.150493411972435,308.44520000528064,1.2748326120596722
dma_hardened2,xilinx_u280_xdma_201920_3,3,2,6,48,1024,Gather,199.61959999363899,1.9698266102753943,317.12490000472826,1.2399404776923455
dma_hardened2,xilinx_u280_xdma_201920_3,3,2,6,48,1024,Gather,193.3515000018815,2.033684765808249,331.5879999945537,1.1858571480465474
dma_hardened2,xilinx_u280_xdma_201920_3,3,2,6,48,1024,Gather,190.0356999954056,2.0691691088016966,322.62160000300355,1.2188148592541208
dma_hardened2,xilinx_u280_xdma_201920_3,3,2,6,48,1024,Gather,207.72630000465142,1.8929524089688936,316.0570999966694,1.2441296208949069
dma_hardened2,xilinx_u280_xdma_201920_3,3,2,6,48,1024,Gather,203.9819000060561,1.9277004478746675,319.0088999986074,1.232617647976958
dma_hardened2,xilinx_u280_xdma_201920_3,3,2,6,48,1024,Gather,191.5167999982259,2.053167137314546,316.28339999087984,1.243239449213391
dma_hardened2,xilinx_u280_xdma_201920_3,3,2,6,48,1024,Gather,209.68600000514925,1.875261104653357,346.25759999471484,1.1356169510965302
dma_hardened2,xilinx_u280_xdma_201920_3,3,2,6,48,1024,Gather,194.9151999951937,2.0173696048830267,321.9296999986909,1.2214343690613167
dma_hardened2,xilinx_u280_xdma_201920_3,3,2,6,48,1024,Gather,191.16600000188555,2.0569348105631837,298.6995000014758,1.3164267097804223
dma_hardened2,xilinx_u280_xdma_201920_3,3,2,6,48,1024,Gather,191.20879999263707,2.0564743882872634,319.01449999622855,1.2325960105407392
dma_hardened2,xilinx_u280_xdma_201920_3,3,2,6,48,1024,Gather,201.02189999988695,1.9560853817430892,302.8469000014411,1.2983986297965369
dma_hardened2,xilinx_u280_xdma_201920_3,3,2,6,48,1024,Gather,182.71159999585507,2.1521129474478924,343.47560000469457,1.1448149446267089
dma_hardened2,xilinx_u280_xdma_201920_3,3,2,6,48,1024,Gather,202.49899999953413,1.9418169966316112,311.6808999948262,1.2615979997700446
dma_hardened2,xilinx_u280_xdma_201920_3,3,2,6,48,1024,Gather,187.51989999827856,2.096929445907393,299.0083999975468,1.3150667339219437
dma_hardened2,xilinx_u280_xdma_201920_3,3,2,6,48,1024,Gather,190.105699994092,2.0684072072127253,308.48149999656016,1.2746825984844625
dma_hardened2,xilinx_u280_xdma_201920_3,3,2,6,48,1024,Gather,200.36500000060187,1.9624984403404728,313.101300002927,1.2558746961329257
dma_hardened2,xilinx_u280_xdma_201920_3,3,2,6,48,1024,Gather,206.63089999288786,1.902987404175921,323.5830999983591,1.215193253300293
dma_hardened2,xilinx_u280_xdma_201920_3,3,2,6,48,1024,Gather,185.1691999945615,2.123549704872889,302.87259999113303,1.2982884553159046
dma_hardened2,xilinx_u280_xdma_201920_3,3,2,6,96,1024,Gather,208.535700005541,3.7712103969684985,325.3223000001526,2.417393458731944
dma_hardened2,xilinx_u280_xdma_201920_3,3,2,6,96,1024,Gather,219.35330000815156,3.5852298550820745,312.1738999993795,2.5192112473258113
dma_hardened2,xilinx_u280_xdma_201920_3,3,2,6,96,1024,Gather,191.3561999913327,4.109780608287689,352.6863000047342,2.2298342747916307
dma_hardened2,xilinx_u280_xdma_201920_3,3,2,6,96,1024,Gather,213.66299999954208,3.6807121495143544,329.08650000536,2.389742514467142
dma_hardened2,xilinx_u280_xdma_201920_3,3,2,6,96,1024,Gather,197.9907000077219,3.9720653544299207,335.0520000026336,2.3471938683960056
dma_hardened2,xilinx_u280_xdma_201920_3,3,2,6,96,1024,Gather,198.6079000062091,3.9597216423687764,326.34519999419354,2.4098163540140702
dma_hardened2,xilinx_u280_xdma_201920_3,3,2,6,96,1024,Gather,200.3226000056202,3.9258276399065113,337.1654999909879,2.3324806364263857
dma_hardened2,xilinx_u280_xdma_201920_3,3,2,6,96,1024,Gather,203.13219999934518,3.871528000004604,333.33349999793427,2.359294820367211
dma_hardened2,xilinx_u280_xdma_201920_3,3,2,6,96,1024,Gather,197.99639999291685,3.971951005311884,338.39510000461814,2.324005282550685
dma_hardened2,xilinx_u280_xdma_201920_3,3,2,6,96,1024,Gather,222.70100000696402,3.531335737043874,351.91079999776775,2.234748123686424
dma_hardened2,xilinx_u280_xdma_201920_3,3,2,6,96,1024,Gather,192.46619999648829,4.086078490739409,342.7827999985311,2.2942574715049004
dma_hardened2,xilinx_u280_xdma_201920_3,3,2,6,96,1024,Gather,190.6850999944254,4.124244631714754,349.59000000753804,2.2495837981150566
dma_hardened2,xilinx_u280_xdma_201920_3,3,2,6,96,1024,Gather,209.30360000193104,3.7573744550630965,331.0221999981877,2.375768150910439
dma_hardened2,xilinx_u280_xdma_201920_3,3,2,6,96,1024,Gather,205.19040000408495,3.832693927124971,341.0397000038756,2.305983731486577
dma_hardened2,xilinx_u280_xdma_201920_3,3,2,6,96,1024,Gather,201.1014000004252,3.9106241925632403,340.6888999961666,2.3083581531680335
dma_hardened2,xilinx_u280_xdma_201920_3,3,2,6,96,1024,Gather,204.32879999816578,3.8488553743136538,321.143199994367,2.448851478137461
dma_hardened2,xilinx_u280_xdma_201920_3,3,2,6,96,1024,Gather,189.98520000650387,4.139438229783571,328.8222000037422,2.391663336572318
dma_hardened2,xilinx_u280_xdma_201920_3,3,2,6,96,1024,Gather,197.75830000980932,3.9767332140344602,318.74989999778336,2.4672384211115643
dma_hardened2,xilinx_u280_xdma_201920_3,3,2,6,96,1024,Gather,212.01619999828836,3.7093014590693967,313.71410000247124,2.506843014049432
dma_hardened2,xilinx_u280_xdma_201920_3,3,2,6,96,1024,Gather,197.84339999660006,3.9750226695129323,349.62639999776,2.249349591464027
dma_hardened2,xilinx_u280_xdma_201920_3,3,2,6,192,1024,Gather,247.47639999986856,6.355612090691619,375.3121000045212,4.1908161233838515
dma_hardened2,xilinx_u280_xdma_201920_3,3,2,6,192,1024,Gather,222.22359999659602,7.077844117474889,372.46279999862963,4.222875412002989
dma_hardened2,xilinx_u280_xdma_201920_3,3,2,6,192,1024,Gather,251.16270001035446,6.262331150028078,385.45439999779774,4.080544936078007
dma_hardened2,xilinx_u280_xdma_201920_3,3,2,6,192,1024,Gather,217.81019999025375,7.221259610754593,377.00889999996434,4.171954561285287
dma_hardened2,xilinx_u280_xdma_201920_3,3,2,6,192,1024,Gather,231.61960000379622,6.790720647018737,363.3754000020417,4.328482335323642
dma_hardened2,xilinx_u280_xdma_201920_3,3,2,6,192,1024,Gather,227.55429999961052,6.912038137722258,383.36979999940013,4.102733183475748
dma_hardened2,xilinx_u280_xdma_201920_3,3,2,6,192,1024,Gather,225.7564999922579,6.967081789689067,378.4929999937958,4.155596008448722
dma_hardened2,xilinx_u280_xdma_201920_3,3,2,6,192,1024,Gather,218.28320000167878,7.2056117923317204,377.2331999925882,4.1694739488223815
dma_hardened2,xilinx_u280_xdma_201920_3,3,2,6,192,1024,Gather,218.36460000486113,7.202925748793466,383.3092999911969,4.103380742486871
dma_hardened2,xilinx_u280_xdma_201920_3,3,2,6,192,1024,Gather,215.4012000005423,7.302020601538153,377.1186999983911,4.170739875818172
dma_hardened2,xilinx_u280_xdma_201920_3,3,2,6,192,1024,Gather,219.02869999621544,7.181086314383354,371.90880000252946,4.229165859988531
dma_hardened2,xilinx_u280_xdma_201920_3,3,2,6,192,1024,Gather,218.06219999689347,7.212914480466615,384.28440000188857,4.09296864507711
dma_hardened2,xilinx_u280_xdma_201920_3,3,2,6,192,1024,Gather,215.90740000192454,7.284900841684815,373.39140000085536,4.212373396913794
dma_hardened2,xilinx_u280_xdma_201920_3,3,2,6,192,1024,Gather,222.69930000220484,7.062725387930846,383.523100003913,4.1010932587475235
dma_hardened2,xilinx_u280_xdma_201920_3,3,2,6,192,1024,Gather,220.8213999892905,7.122787918545401,387.49349999989136,4.05907195862754
dma_hardened2,xilinx_u280_xdma_201920_3,3,2,6,192,1024,Gather,216.88150000045425,7.252181490798919,377.7130000003126,4.164177563384629
dma_hardened2,xilinx_u280_xdma_201920_3,3,2,6,192,1024,Gather,233.50830000481437,6.735794830280429,379.25679999943895,4.147226892180514
dma_hardened2,xilinx_u280_xdma_201920_3,3,2,6,192,1024,Gather,216.13350000961873,7.277280014111657,411.8507000043792,3.8190149973844307
dma_hardened2,xilinx_u280_xdma_201920_3,3,2,6,192,1024,Gather,224.0456000095037,7.020285155938262,402.4358000037864,3.9083600414903477
dma_hardened2,xilinx_u280_xdma_201920_3,3,2,6,192,1024,Gather,252.52829999544701,6.228466274981292,370.6516999955056,4.243509472691133
dma_hardened2,xilinx_u280_xdma_201920_3,3,2,6,384,1024,Gather,279.61660000528354,11.250147523217718,442.1635000085189,7.114399989911861
dma_hardened2,xilinx_u280_xdma_201920_3,3,2,6,384,1024,Gather,258.677700003318,12.160800872899559,455.21460000372826,6.910428619763593
dma_hardened2,xilinx_u280_xdma_201920_3,3,2,6,384,1024,Gather,267.00409999875774,11.781571893520123,438.81870000177514,7.168627954978388
dma_hardened2,xilinx_u280_xdma_201920_3,3,2,6,384,1024,Gather,259.975200003737,12.10010801012859,467.32040000279085,6.731415962113389
dma_hardened2,xilinx_u280_xdma_201920_3,3,2,6,384,1024,Gather,257.1386999989045,12.233584443000614,433.07429999686065,7.2637143326741
dma_hardened2,xilinx_u280_xdma_201920_3,3,2,6,384,1024,Gather,257.8493999976672,12.199865502996943,432.0992999964801,7.280104364958761
dma_hardened2,xilinx_u280_xdma_201920_3,3,2,6,384,1024,Gather,263.47780000151033,11.939252566941002,464.38000000534885,6.774038502872146
dma_hardened2,xilinx_u280_xdma_201920_3,3,2,6,384,1024,Gather,247.52799999987474,12.70857438351052,472.54050000447023,6.657054792065953
dma_hardened2,xilinx_u280_xdma_201920_3,3,2,6,384,1024,Gather,283.9805999997225,11.077263728589468,467.560799995681,6.727954952658687
dma_hardened2,xilinx_u280_xdma_201920_3,3,2,6,384,1024,Gather,252.5328999922749,12.45670564150742,496.6999999965083,6.333255486253501
dma_hardened2,xilinx_u280_xdma_201920_3,3,2,6,384,1024,Gather,257.44789999180284,12.218891667402065,428.3048000047529,7.344601321220522
dma_hardened2,xilinx_u280_xdma_201920_3,3,2,6,384,1024,Gather,258.80029999143517,12.15504000615187,440.1804000053744,7.1464517728676515
dma_hardened2,xilinx_u280_xdma_201920_3,3,2,6,384,1024,Gather,283.8179999912427,11.08360991937461,462.9413999964527,6.795088968115844
dma_hardened2,xilinx_u280_xdma_201920_3,3,2,6,384,1024,Gather,253.76980000828553,12.395990381429518,462.6074000043445,6.799994984884498
dma_hardened2,xilinx_u280_xdma_201920_3,3,2,6,384,1024,Gather,283.74659999599317,11.086398920883708,426.8621000051098,7.369424458068177
dma_hardened2,xilinx_u280_xdma_201920_3,3,2,6,384,1024,Gather,261.679200002618,12.021314647738636,440.5012999995961,7.141245667158949
dma_hardened2,xilinx_u280_xdma_201920_3,3,2,6,384,1024,Gather,255.08019999733736,12.332309603147703,434.8318999973344,7.2343542413040165
dma_hardened2,xilinx_u280_xdma_201920_3,3,2,6,384,1024,Gather,265.9415000039189,11.828646525471372,440.969800001767,7.133658586114956
dma_hardened2,xilinx_u280_xdma_201920_3,3,2,6,384,1024,Gather,260.6079999964095,12.070726915686933,443.4661999994205,7.093501150717035
dma_hardened2,xilinx_u280_xdma_201920_3,3,2,6,384,1024,Gather,253.04540000661294,12.431476722824408,442.0994999918548,7.115429897699401
dma_hardened2,xilinx_u280_xdma_201920_3,3,2,6,768,1024,Gather,427.5782000036088,14.71416456673165,586.5902999971695,10.725468866482037
dma_hardened2,xilinx_u280_xdma_201920_3,3,2,6,768,1024,Gather,398.2386999950904,15.798203439488836,633.159100004832,9.936611508785052
dma_hardened2,xilinx_u280_xdma_201920_3,3,2,6,768,1024,Gather,340.5452000038167,18.47465769574637,660.8877999951801,9.519703647193795
dma_hardened2,xilinx_u280_xdma_201920_3,3,2,6,768,1024,Gather,366.4899999989757,17.166787634089836,579.3112999981531,10.86023352214959
dma_hardened2,xilinx_u280_xdma_201920_3,3,2,6,768,1024,Gather,385.8622000052492,16.304929583448217,657.6956999992944,9.565907151296184
dma_hardened2,xilinx_u280_xdma_201920_3,3,2,6,768,1024,Gather,374.8772999983885,16.782707301901304,589.3527000012,10.675196703073032
dma_hardened2,xilinx_u280_xdma_201920_3,3,2,6,768,1024,Gather,398.8638999999239,15.773440514424095,572.3535000015545,10.992255660152184
dma_hardened2,xilinx_u280_xdma_201920_3,3,2,6,768,1024,Gather,380.22229999796764,16.546783289758725,607.9611000018303,10.348451570307802
dma_hardened2,xilinx_u280_xdma_201920_3,3,2,6,768,1024,Gather,388.71079999580616,16.185441721886498,632.5822999997399,9.945671891234683
dma_hardened2,xilinx_u280_xdma_201920_3,3,2,6,768,1024,Gather,385.6406999943829,16.31429462733482,598.0999000030351,10.519072148261642
dma_hardened2,xilinx_u280_xdma_201920_3,3,2,6,768,1024,Gather,402.76000000858403,15.62085609262566,642.7111999983026,9.788931638372905
dma_hardened2,xilinx_u280_xdma_201920_3,3,2,6,768,1024,Gather,404.05010000768016,15.570979935113028,615.7002000009015,10.218375761435173
dma_hardened2,xilinx_u280_xdma_201920_3,3,2,6,768,1024,Gather,387.9257999983565,16.218194304237187,582.8840999924978,10.793665498991954
dma_hardened2,xilinx_u280_xdma_201920_3,3,2,6,768,1024,Gather,393.8112000014371,15.97581785377623,595.9203999964302,10.557544262686239
dma_hardened2,xilinx_u280_xdma_201920_3,3,2,6,768,1024,Gather,350.0648999988698,17.972256001730855,637.0568000079402,9.875816410595704
dma_hardened2,xilinx_u280_xdma_201920_3,3,2,6,768,1024,Gather,390.62270000158605,16.10622219337088,597.6441000029808,10.527094637040038
dma_hardened2,xilinx_u280_xdma_201920_3,3,2,6,768,1024,Gather,397.2355999962929,15.83809708912976,621.2270999981229,10.12746546314385
dma_hardened2,xilinx_u280_xdma_201920_3,3,2,6,768,1024,Gather,415.5521000029694,15.139993276306493,610.1153000031445,10.311913174391092
dma_hardened2,xilinx_u280_xdma_201920_3,3,2,6,768,1024,Gather,376.99539999493936,16.68841582704843,618.321100000685,10.175062762685974
dma_hardened2,xilinx_u280_xdma_201920_3,3,2,6,768,1024,Gather,395.2279000031922,15.918552308552066,637.4479999976757,9.869755650692984
dma_hardened2,xilinx_u280_xdma_201920_3,3,2,6,1536,1024,Gather,586.4457999905426,21.456223235297994,863.9908000077412,14.563710631973464
dma_hardened2,xilinx_u280_xdma_201920_3,3,2,6,1536,1024,Gather,578.6896000017805,21.743801858476953,896.4577000028839,14.036258487109343
dma_hardened2,xilinx_u280_xdma_201920_3,3,2,6,1536,1024,Gather,601.7853000003015,20.909304364851874,883.9648000048328,14.234630157141106
dma_hardened2,xilinx_u280_xdma_201920_3,3,2,6,1536,1024,Gather,600.1728000001094,20.96548194119711,908.7201999932404,13.846849668460763
dma_hardened2,xilinx_u280_xdma_201920_3,3,2,6,1536,1024,Gather,608.4206000082304,20.681272132846562,905.1225999996859,13.901886882511128
dma_hardened2,xilinx_u280_xdma_201920_3,3,2,6,1536,1024,Gather,563.9438000002883,22.312350982480112,951.9264000005023,13.21836646193798
dma_hardened2,xilinx_u280_xdma_201920_3,3,2,6,1536,1024,Gather,552.7315000108501,22.76496273462431,928.0643000010969,13.558232980177266
dma_hardened2,xilinx_u280_xdma_201920_3,3,2,6,1536,1024,Gather,574.177700002565,21.914665094001023,894.1260000028706,14.072862214005188
dma_hardened2,xilinx_u280_xdma_201920_3,3,2,6,1536,1024,Gather,557.149799999479,22.584432409401863,919.4593999950484,13.685119756313071
dma_hardened2,xilinx_u280_xdma_201920_3,3,2,6,1536,1024,Gather,590.7471999989866,21.299994312324433,916.564199997083,13.72834767061603
dma_hardened2,xilinx_u280_xdma_201920_3,3,2,6,1536,1024,Gather,552.8139000034571,22.761569490060417,879.671400002735,14.304104919133302
dma_hardened2,xilinx_u280_xdma_201920_3,3,2,6,1536,1024,Gather,593.201100002716,21.211882445839006,884.6152000046459,14.224164359750903
dma_hardened2,xilinx_u280_xdma_201920_3,3,2,6,1536,1024,Gather,575.1674999942225,21.876952366269645,912.8914000029908,13.78358039078775
dma_hardened2,xilinx_u280_xdma_201920_3,3,2,6,1536,1024,Gather,611.4163000006556,20.579942013300116,904.2410999995809,13.915439145606003
dma_hardened2,xilinx_u280_xdma_201920_3,3,2,6,1536,1024,Gather,585.2824000044166,21.498873022501698,916.0070000007181,13.736698518668675
dma_hardened2,xilinx_u280_xdma_201920_3,3,2,6,1536,1024,Gather,576.3467999940985,21.832188536708877,883.6191999989751,14.240197587393524
dma_hardened2,xilinx_u280_xdma_201920_3,3,2,6,1536,1024,Gather,564.0872999947533,22.30667487127797,935.8470000051966,13.445479870032313
dma_hardened2,xilinx_u280_xdma_201920_3,3,2,6,1536,1024,Gather,562.3834000061834,22.374259268430844,926.7797999996219,13.577024445294484
dma_hardened2,xilinx_u280_xdma_201920_3,3,2,6,1536,1024,Gather,584.1951999968842,21.5388828940517,931.8832000076327,13.502670720855294
dma_hardened2,xilinx_u280_xdma_201920_3,3,2,6,1536,1024,Gather,580.2246999905947,21.686274300635542,919.6264000024712,13.682634600274838
dma_hardened2,xilinx_u280_xdma_201920_3,3,2,6,3072,1024,Gather,959.7333999977309,26.22168197966175,1665.4083000048558,15.110903434266916
dma_hardened2,xilinx_u280_xdma_201920_3,3,2,6,3072,1024,Gather,944.9666000023171,26.631442846697748,1644.8211000010815,15.300037189444767
dma_hardened2,xilinx_u280_xdma_201920_3,3,2,6,3072,1024,Gather,977.8190000020004,25.736689509969143,1694.0345999955753,14.855554898386213
dma_hardened2,xilinx_u280_xdma_201920_3,3,2,6,3072,1024,Gather,947.0071999999163,26.574057726279403,1681.1071999995875,14.969791337522185
dma_hardened2,xilinx_u280_xdma_201920_3,3,2,6,3072,1024,Gather,973.4483999977783,25.85224239934796,1741.7978000025869,14.448189106659008
dma_hardened2,xilinx_u280_xdma_201920_3,3,2,6,3072,1024,Gather,944.810500004678,26.635842848778033,1704.5203000066067,14.764167959690747
dma_hardened2,xilinx_u280_xdma_201920_3,3,2,6,3072,1024,Gather,957.732599999872,26.27646171802376,1689.9122000040734,14.891793786647224
dma_hardened2,xilinx_u280_xdma_201920_3,3,2,6,3072,1024,Gather,949.3707999922663,26.50789765200805,1701.6101999956845,14.789417693937086
dma_hardened2,xilinx_u280_xdma_201920_3,3,2,6,3072,1024,Gather,975.1423000011528,25.80733499097542,1677.51630000339,15.001835749643176
dma_hardened2,xilinx_u280_xdma_201920_3,3,2,6,3072,1024,Gather,937.731999999869,26.836904360737947,1714.0212000072097,14.682329483377536
dma_hardened2,xilinx_u280_xdma_201920_3,3,2,6,3072,1024,Gather,951.5741999962302,26.446517780851664,1688.3377999988625,14.905680604922164
dma_hardened2,xilinx_u280_xdma_201920_3,3,2,6,3072,1024,Gather,939.0631999963261,26.798860822251854,1665.5969999987974,15.10919147910219
dma_hardened2,xilinx_u280_xdma_201920_3,3,2,6,3072,1024,Gather,946.3468000035391,26.592602204504615,1687.9613000014615,14.909005319007141
dma_hardened2,xilinx_u280_xdma_201920_3,3,2,6,3072,1024,Gather,940.6689999991613,26.75311294410939,1679.1201999922123,14.987505957058177
dma_hardened2,xilinx_u280_xdma_201920_3,3,2,6,3072,1024,Gather,980.9200000063356,25.65532765142668,1678.777299991907,14.990567242076311
dma_hardened2,xilinx_u280_xdma_201920_3,3,2,6,3072,1024,Gather,966.2642999956006,26.044451813147376,1684.4401999946967,14.940170627653764
dma_hardened2,xilinx_u280_xdma_201920_3,3,2,6,3072,1024,Gather,969.9518000047647,25.945437701003677,1703.4207000051538,14.77369859361452
dma_hardened2,xilinx_u280_xdma_201920_3,3,2,6,3072,1024,Gather,969.7297000002436,25.951380059818398,1659.6053999933247,15.163739525131229
dma_hardened2,xilinx_u280_xdma_201920_3,3,2,6,3072,1024,Gather,954.6440999997685,26.361472301568828,1687.8601000030358,14.909899226810763
dma_hardened2,xilinx_u280_xdma_201920_3,3,2,6,3072,1024,Gather,970.8210999974654,25.922205440390307,1704.1076999930738,14.76774267266223
dma_hardened2,xilinx_u280_xdma_201920_3,3,2,6,6144,1024,Gather,1448.072100004083,34.75769473070994,2663.173200005531,18.899126801026487
dma_hardened2,xilinx_u280_xdma_201920_3,3,2,6,6144,1024,Gather,1480.5711999997584,33.99475013427805,2686.6688000040995,18.733849144309563
dma_hardened2,xilinx_u280_xdma_201920_3,3,2,6,6144,1024,Gather,1479.3613999927402,34.0225505412315,2636.636299996553,19.089340460064893
dma_hardened2,xilinx_u280_xdma_201920_3,3,2,6,6144,1024,Gather,1476.9214000011743,34.0787586935635,2697.387399996387,18.65940650574234
dma_hardened2,xilinx_u280_xdma_201920_3,3,2,6,6144,1024,Gather,1479.9222999954509,34.00965577730312,2600.7563000007394,19.352696752089265
dma_hardened2,xilinx_u280_xdma_201920_3,3,2,6,6144,1024,Gather,1485.531000002993,33.88125054266696,2674.343800003953,18.82018609571649
dma_hardened2,xilinx_u280_xdma_201920_3,3,2,6,6144,1024,Gather,1567.5386999987495,32.10871157441928,2695.2262000008886,18.674368778391738
dma_hardened2,xilinx_u280_xdma_201920_3,3,2,6,6144,1024,Gather,1535.6207000081668,32.776093731826045,2638.945100000001,19.072639290601376
dma_hardened2,xilinx_u280_xdma_201920_3,3,2,6,6144,1024,Gather,1535.622999995212,32.776044641267376,2698.2771000007233,18.653253959716185
dma_hardened2,xilinx_u280_xdma_201920_3,3,2,6,6144,1024,Gather,1555.2526999954353,32.362360149027694,2702.945600003659,18.621036250204913
dma_hardened2,xilinx_u280_xdma_201920_3,3,2,6,6144,1024,Gather,1527.1688999973776,32.95748623487974,2706.4520999942943,18.596910693563025
dma_hardened2,xilinx_u280_xdma_201920_3,3,2,6,6144,1024,Gather,1509.7448999995322,33.33784932806569,2672.72309999953,18.83159837994772
dma_hardened2,xilinx_u280_xdma_201920_3,3,2,6,6144,1024,Gather,1507.453199997144,33.388531066898366,2705.7709000018804,18.601592618194328
dma_hardened2,xilinx_u280_xdma_201920_3,3,2,6,6144,1024,Gather,1517.0825000041077,33.176605754705975,2750.7073000037963,18.29771128317816
dma_hardened2,xilinx_u280_xdma_201920_3,3,2,6,6144,1024,Gather,1523.1946000085372,33.04347848903738,2700.8845000068504,18.635246342400922
dma_hardened2,xilinx_u280_xdma_201920_3,3,2,6,6144,1024,Gather,1501.3008999972044,33.52535657581616,2631.5770999985943,19.126039666490062
dma_hardened2,xilinx_u280_xdma_201920_3,3,2,6,6144,1024,Gather,1517.3495999988518,33.17076565614021,2655.4139000040777,18.95435133480423
dma_hardened2,xilinx_u280_xdma_201920_3,3,2,6,6144,1024,Gather,1550.48330000227,32.461909134994436,2660.553999999138,18.91773217157641
dma_hardened2,xilinx_u280_xdma_201920_3,3,2,6,6144,1024,Gather,1491.0290999978315,33.75631501764332,2638.5140999991563,19.075754796995813
dma_hardened2,xilinx_u280_xdma_201920_3,3,2,6,6144,1024,Gather,1628.2341999954042,30.911798806426045,2735.498800007008,18.399440716212727
dma_hardened2,xilinx_u280_xdma_201920_3,3,2,6,12288,1024,Gather,2593.406200003301,38.815090362578715,4611.69189999282,21.827845004163596
dma_hardened2,xilinx_u280_xdma_201920_3,3,2,6,12288,1024,Gather,2577.0201999989695,39.0618963716467,4623.244999993403,21.77329905729496
dma_hardened2,xilinx_u280_xdma_201920_3,3,2,6,12288,1024,Gather,2621.5605999936997,38.39823347979899,4621.622299998762,21.780943890639215
dma_hardened2,xilinx_u280_xdma_201920_3,3,2,6,12288,1024,Gather,2660.57159999491,37.835214057081785,4586.895300008109,21.945845591858625
dma_hardened2,xilinx_u280_xdma_201920_3,3,2,6,12288,1024,Gather,2619.9905999988005,38.421243190737435,4599.134000000049,21.88744576696372
dma_hardened2,xilinx_u280_xdma_201920_3,3,2,6,12288,1024,Gather,2605.918599999768,38.62871848721942,4552.022999996552,22.11396910781783
dma_hardened2,xilinx_u280_xdma_201920_3,3,2,6,12288,1024,Gather,2628.311399996619,38.299607877563325,4554.349600005025,22.102672135641264
dma_hardened2,xilinx_u280_xdma_201920_3,3,2,6,12288,1024,Gather,2614.8849000037444,38.4962626843942,4600.954699992599,21.878784418408188
dma_hardened2,xilinx_u280_xdma_201920_3,3,2,6,12288,1024,Gather,2618.1632999964677,38.448058606633055,4633.704499997293,21.724150946625706
dma_hardened2,xilinx_u280_xdma_201920_3,3,2,6,12288,1024,Gather,2651.3524000051802,37.96677348503478,4577.499899994564,21.990889830520707
dma_hardened2,xilinx_u280_xdma_201920_3,3,2,6,12288,1024,Gather,2612.9160999971646,38.52526914282063,4617.637899991678,21.799737913659584
dma_hardened2,xilinx_u280_xdma_201920_3,3,2,6,12288,1024,Gather,2678.0696000059834,37.58800592776793,4629.111200006264,21.745707037641218
dma_hardened2,xilinx_u280_xdma_201920_3,3,2,6,12288,1024,Gather,2650.2673000095456,37.98231823621619,4584.075800005394,21.959343691455004
dma_hardened2,xilinx_u280_xdma_201920_3,3,2,6,12288,1024,Gather,2629.575199989631,38.28120070511653,4576.828199992633,21.994117236072356
dma_hardened2,xilinx_u280_xdma_201920_3,3,2,6,12288,1024,Gather,2614.968199998202,38.49503638326049,4596.487899993917,21.900045902466797
dma_hardened2,xilinx_u280_xdma_201920_3,3,2,6,12288,1024,Gather,2668.69139999244,37.72009607416023,4576.991900000849,21.993330597762547
dma_hardened2,xilinx_u280_xdma_201920_3,3,2,6,12288,1024,Gather,2622.6972000017668,38.381592812137136,4585.611200002404,21.95199104536975
dma_hardened2,xilinx_u280_xdma_201920_3,3,2,6,12288,1024,Gather,2646.909699990374,38.030498736079316,4604.433700001209,21.86225333203811
dma_hardened2,xilinx_u280_xdma_201920_3,3,2,6,12288,1024,Gather,2619.138800002929,38.43373860136294,4623.327199999494,21.772911940995872
dma_hardened2,xilinx_u280_xdma_201920_3,3,2,6,12288,1024,Gather,2625.4727000036837,38.34101798120345,4597.393000005923,21.895734386829737
dma_hardened2,xilinx_u280_xdma_201920_3,3,2,6,24576,1024,Gather,4591.7013999996925,43.845750074256465,7918.132800000421,25.426018618933654
dma_hardened2,xilinx_u280_xdma_201920_3,3,2,6,24576,1024,Gather,4583.7677000008625,43.92163939720639,7934.02930000866,25.375075436106627
dma_hardened2,xilinx_u280_xdma_201920_3,3,2,6,24576,1024,Gather,4546.854500006248,44.27821299311939,7894.279100003131,25.502846992060384
dma_hardened2,xilinx_u280_xdma_201920_3,3,2,6,24576,1024,Gather,4607.12550000153,43.69895979606658,7931.522799992763,25.38309440403849
dma_hardened2,xilinx_u280_xdma_201920_3,3,2,6,24576,1024,Gather,4599.917400003051,43.76743634567579,7907.196799999383,25.461183917923442
dma_hardened2,xilinx_u280_xdma_201920_3,3,2,6,24576,1024,Gather,4576.239400000759,43.99389420054524,7982.103300003018,25.222248376555573
dma_hardened2,xilinx_u280_xdma_201920_3,3,2,6,24576,1024,Gather,4589.830600002642,43.86362145911966,7901.024799991774,25.481073290671056
dma_hardened2,xilinx_u280_xdma_201920_3,3,2,6,24576,1024,Gather,4571.4914999962275,44.03958576761352,7954.161700001804,25.31084979073965
dma_hardened2,xilinx_u280_xdma_201920_3,3,2,6,24576,1024,Gather,4623.577999996087,43.54346179520934,7904.393500007245,25.47021374882405
dma_hardened2,xilinx_u280_xdma_201920_3,3,2,6,24576,1024,Gather,4583.09640000607,43.92807273260351,7947.198599993044,25.333026407591756
dma_hardened2,xilinx_u280_xdma_201920_3,3,2,6,24576,1024,Gather,4599.568100002216,43.770760128522284,7925.146399998084,25.403517088346614
dma_hardened2,xilinx_u280_xdma_201920_3,3,2,6,24576,1024,Gather,4632.8763000019535,43.45606896517291,7875.2428000029795,25.5644933258342
dma_hardened2,xilinx_u280_xdma_201920_3,3,2,6,24576,1024,Gather,4584.9396000107845,43.91041312725831,7905.16160000152,25.46773895172001
dma_hardened2,xilinx_u280_xdma_201920_3,3,2,6,24576,1024,Gather,4599.165100000846,43.77459552386214,7950.545800008513,25.322361139003114
dma_hardened2,xilinx_u280_xdma_201920_3,3,2,6,24576,1024,Gather,4632.925500004603,43.455607477348806,7940.275399994334,25.355114509018623
dma_hardened2,xilinx_u280_xdma_201920_3,3,2,6,24576,1024,Gather,4623.461500000303,43.544558984645334,7964.205899997977,25.27892856211203
dma_hardened2,xilinx_u280_xdma_201920_3,3,2,6,24576,1024,Gather,4618.608900000254,43.59030962764328,7914.695500005564,25.437060970931665
dma_hardened2,xilinx_u280_xdma_201920_3,3,2,6,24576,1024,Gather,4573.864999997568,44.01673245714665,7920.93829999203,25.41701303243362
dma_hardened2,xilinx_u280_xdma_201920_3,3,2,6,24576,1024,Gather,4613.915799995993,43.634648035877646,7920.780599999945,25.417519076339698
dma_hardened2,xilinx_u280_xdma_201920_3,3,2,6,24576,1024,Gather,4597.517500008053,43.79028290803622,7924.765400002799,25.40473841660081
experiment,board_instance,number of nodes,rank id,number of banks,buffer size[KB],segment_size[KB],collective name,execution_time[us],throughput[Gbps],execution_time_fullpath[us],throughput_fullpath[Gbps]
dma_hardened2,xilinx_u280_xdma_201920_3,3,2,6,1,1024,Allgather,242.70220000062181,0.10125989793226858,371.3651999987633,0.06617744473656079
dma_hardened2,xilinx_u280_xdma_201920_3,3,2,6,1,1024,Allgather,223.0565999980172,0.11017831348733219,355.923500001154,0.06904854554397312
dma_hardened2,xilinx_u280_xdma_201920_3,3,2,6,1,1024,Allgather,218.22580000616654,0.11261729822644959,310.97190000082264,0.07902964865936436
dma_hardened2,xilinx_u280_xdma_201920_3,3,2,6,1,1024,Allgather,205.25219999854016,0.11973562281025389,376.00510000856957,0.0653608155831926
dma_hardened2,xilinx_u280_xdma_201920_3,3,2,6,1,1024,Allgather,215.9286999926735,0.11381534738473333,303.57680000179244,0.08095480286983357
dma_hardened2,xilinx_u280_xdma_201920_3,3,2,6,1,1024,Allgather,204.82119999769566,0.11998757941207498,395.3731000024163,0.062159008794098046
dma_hardened2,xilinx_u280_xdma_201920_3,3,2,6,1,1024,Allgather,209.05600000560298,0.11755701821206438,306.2479000050189,0.08024871354088384
dma_hardened2,xilinx_u280_xdma_201920_3,3,2,6,1,1024,Allgather,211.83420000170372,0.11601526099091809,320.3184999961195,0.0767236360069672
dma_hardened2,xilinx_u280_xdma_201920_3,3,2,6,1,1024,Allgather,209.95520000042234,0.11705354285081086,317.0575000012832,0.07751275399541262
dma_hardened2,xilinx_u280_xdma_201920_3,3,2,6,1,1024,Allgather,201.52849999703903,0.12194801231766765,298.5819000059564,0.08230907499587126
dma_hardened2,xilinx_u280_xdma_201920_3,3,2,6,1,1024,Allgather,238.3713999961401,0.10309961681811641,316.41110000464323,0.0776711057217631
dma_hardened2,xilinx_u280_xdma_201920_3,3,2,6,1,1024,Allgather,210.92069999895102,0.11651772443445439,302.7225999971961,0.08118323508131745
dma_hardened2,xilinx_u280_xdma_201920_3,3,2,6,1,1024,Allgather,209.71559999907186,0.11718727648352706,314.7111999965091,0.0780906431047659
dma_hardened2,xilinx_u280_xdma_201920_3,3,2,6,1,1024,Allgather,209.25620000298295,0.11744454883367694,295.5844999974033,0.083143737239997
dma_hardened2,xilinx_u280_xdma_201920_3,3,2,6,1,1024,Allgather,205.29739999801677,0.11970926081010969,339.41850000474005,0.07240618881898538
dma_hardened2,xilinx_u280_xdma_201920_3,3,2,6,1,1024,Allgather,199.58720000659014,0.12313414887922937,344.9337999995805,0.07124845405126981
dma_hardened2,xilinx_u280_xdma_201920_3,3,2,6,1,1024,Allgather,209.9670999996306,0.11704690877781919,324.98880000275676,0.07562106755614818
dma_hardened2,xilinx_u280_xdma_201920_3,3,2,6,1,1024,Allgather,204.67609999741398,0.12007264160451811,369.87299999964307,0.06644442822272432
dma_hardened2,xilinx_u280_xdma_201920_3,3,2,6,1,1024,Allgather,195.84920000852435,0.1254843011813698,307.9458000001978,0.07980625161955193
dma_hardened2,xilinx_u280_xdma_201920_3,3,2,6,1,1024,Allgather,221.67650000710637,0.11086425489040182,338.0517000096006,0.07269893924302716
dma_hardened2,xilinx_u280_xdma_201920_3,3,2,6,6,1024,Allgather,207.48890000277243,0.7106693418203562,318.22559999454825,0.46336938323794874
dma_hardened2,xilinx_u280_xdma_201920_3,3,2,6,6,1024,Allgather,202.4375000019063,0.7284025933861633,380.43460000380946,0.3875988146149784
dma_hardened2,xilinx_u280_xdma_201920_3,3,2,6,6,1024,Allgather,215.46650000345835,0.6843569649928563,337.910300004296,0.4363761625440992
dma_hardened2,xilinx_u280_xdma_201920_3,3,2,6,6,1024,Allgather,207.38499999879423,0.7110253875683262,321.951099999751,0.4580074427455413
dma_hardened2,xilinx_u280_xdma_201920_3,3,2,6,6,1024,Allgather,201.83050000923686,0.7305932452887528,328.43409999259165,0.4489667790382488
dma_hardened2,xilinx_u280_xdma_201920_3,3,2,6,6,1024,Allgather,213.27709999923172,0.69138224404088,319.44070000236024,0.46160680213545263
dma_hardened2,xilinx_u280_xdma_201920_3,3,2,6,6,1024,Allgather,206.3231999954951,0.7146845337956158,386.2200000071425,0.3817927605957046
dma_hardened2,xilinx_u280_xdma_201920_3,3,2,6,6,1024,Allgather,197.0700000015313,0.7482417415073538,304.0211999973508,0.4850188079031492
dma_hardened2,xilinx_u280_xdma_201920_3,3,2,6,6,1024,Allgather,217.58400000635447,0.6776968894573755,314.9915999983932,0.46812676909718287
dma_hardened2,xilinx_u280_xdma_201920_3,3,2,6,6,1024,Allgather,212.37579999251466,0.6943163957720098,350.2842999978384,0.4209609166066248
dma_hardened2,xilinx_u280_xdma_201920_3,3,2,6,6,1024,Allgather,195.30679999206768,0.7549967538559276,303.77279999811435,0.4854154157347706
dma_hardened2,xilinx_u280_xdma_201920_3,3,2,6,6,1024,Allgather,206.43650000238267,0.714292288419432,355.5022000000463,0.41478224326032526
dma_hardened2,xilinx_u280_xdma_201920_3,3,2,6,6,1024,Allgather,202.72289999638815,0.7273771241563098,317.9840000029799,0.46372144509981056
dma_hardened2,xilinx_u280_xdma_201920_3,3,2,6,6,1024,Allgather,193.38690000267889,0.7624921853442884,320.8758000027956,0.4595422901905202
dma_hardened2,xilinx_u280_xdma_201920_3,3,2,6,6,1024,Allgather,245.9593999901699,0.5995135782811849,304.62739999848054,0.4840536340484654
dma_hardened2,xilinx_u280_xdma_201920_3,3,2,6,6,1024,Allgather,198.2415999918885,0.7438196625028929,319.70530000080544,0.4612247591754923
dma_hardened2,xilinx_u280_xdma_201920_3,3,2,6,6,1024,Allgather,197.14329999942493,0.7479635371855403,315.5070999923737,0.46736190723937504
dma_hardened2,xilinx_u280_xdma_201920_3,3,2,6,6,1024,Allgather,208.1450999980916,0.7084288796678468,312.098100005187,0.47246683013305535
dma_hardened2,xilinx_u280_xdma_201920_3,3,2,6,6,1024,Allgather,198.22079999585185,0.7438977140798837,345.8394000062981,0.42637131569542014
dma_hardened2,xilinx_u280_xdma_201920_3,3,2,6,6,1024,Allgather,200.6689000040751,0.7348223865133338,302.25560000189944,0.487852003400676
dma_hardened2,xilinx_u280_xdma_201920_3,3,2,6,12,1024,Allgather,208.14859999518376,1.4168339350196149,309.70529999194696,0.9522342691832151
dma_hardened2,xilinx_u280_xdma_201920_3,3,2,6,12,1024,Allgather,207.490399998278,1.4213284084586444,375.6663999979537,0.7850369370313832
dma_hardened2,xilinx_u280_xdma_201920_3,3,2,6,12,1024,Allgather,197.1531999970466,1.4958519567748219,317.65149999500863,0.9284136860824962
dma_hardened2,xilinx_u280_xdma_201920_3,3,2,6,12,1024,Allgather,227.08479999664632,1.2986866580429661,302.10959999976694,0.9761755336481447
dma_hardened2,xilinx_u280_xdma_201920_3,3,2,6,12,1024,Allgather,202.54159999240073,1.456056434880859,329.02389999662773,0.8963239448654723
dma_hardened2,xilinx_u280_xdma_201920_3,3,2,6,12,1024,Allgather,200.9422000014638,1.4676459200598564,353.39699999212826,0.834506235215831
dma_hardened2,xilinx_u280_xdma_201920_3,3,2,6,12,1024,Allgather,208.96490000268386,1.411299218175934,298.99600000362625,0.9863409543820764
dma_hardened2,xilinx_u280_xdma_201920_3,3,2,6,12,1024,Allgather,197.8673000053277,1.4904534503278677,368.0592000023353,0.8012624056079263
dma_hardened2,xilinx_u280_xdma_201920_3,3,2,6,12,1024,Allgather,198.6437000027763,1.484628004793901,323.72850000683684,0.9109855943908916
dma_hardened2,xilinx_u280_xdma_201920_3,3,2,6,12,1024,Allgather,207.47809999193123,1.421412669633417,309.0345999908095,0.9543009100235718
dma_hardened2,xilinx_u280_xdma_201920_3,3,2,6,12,1024,Allgather,213.0830000055539,1.3840240657035674,333.95719999589346,0.8830832214536066
dma_hardened2,xilinx_u280_xdma_201920_3,3,2,6,12,1024,Allgather,199.96430000901455,1.474823255884701,313.6831999995593,0.9401587333985827
dma_hardened2,xilinx_u280_xdma_201920_3,3,2,6,12,1024,Allgather,209.090600003492,1.4104507806428157,315.6040000021676,0.934436825889325
dma_hardened2,xilinx_u280_xdma_201920_3,3,2,6,12,1024,Allgather,201.98379999101235,1.4600774914281376,409.98099999569604,0.719330895829553
dma_hardened2,xilinx_u280_xdma_201920_3,3,2,6,12,1024,Allgather,198.1645999990178,1.4882173708193174,335.3117999949973,0.8795157223944996
dma_hardened2,xilinx_u280_xdma_201920_3,3,2,6,12,1024,Allgather,211.83889999747407,1.3921522440095586,298.7716999996337,0.987081440445536
dma_hardened2,xilinx_u280_xdma_201920_3,3,2,6,12,1024,Allgather,201.84979999839925,1.4610467783586547,339.1410000062933,0.8695852167521103
dma_hardened2,xilinx_u280_xdma_201920_3,3,2,6,12,1024,Allgather,213.3018999984415,1.3826037180266786,306.09599999706916,0.9634624431643137
dma_hardened2,xilinx_u280_xdma_201920_3,3,2,6,12,1024,Allgather,207.62310000463913,1.4204199821378762,338.5802000025251,0.8710255354500959
dma_hardened2,xilinx_u280_xdma_201920_3,3,2,6,12,1024,Allgather,257.1783000007599,1.1467219434887337,286.50589999870135,1.0293400589702926
dma_hardened2,xilinx_u280_xdma_201920_3,3,2,6,24,1024,Allgather,203.1034999959047,2.90405630632605,288.95269999793527,2.041247581366136
dma_hardened2,xilinx_u280_xdma_201920_3,3,2,6,24,1024,Allgather,198.7818000088737,2.967193173488066,345.75270000232194,1.705912925614287
dma_hardened2,xilinx_u280_xdma_201920_3,3,2,6,24,1024,Allgather,188.29480000022158,3.132449754317729,327.2581000032915,1.8023205536977318
dma_hardened2,xilinx_u280_xdma_201920_3,3,2,6,24,1024,Allgather,200.83919999933642,2.936797198962896,373.81470000354966,1.5778512722865075
dma_hardened2,xilinx_u280_xdma_201920_3,3,2,6,24,1024,Allgather,198.12070000853055,2.977094266144849,294.7079000023223,2.001385100281846
dma_hardened2,xilinx_u280_xdma_201920_3,3,2,6,24,1024,Allgather,225.67600000229504,2.6135876211648634,371.77390000806554,1.5865126626350154
dma_hardened2,xilinx_u280_xdma_201920_3,3,2,6,24,1024,Allgather,208.41000000473286,2.83011371808745,337.496600002396,1.7476442725521164
dma_hardened2,xilinx_u280_xdma_201920_3,3,2,6,24,1024,Allgather,201.75420000896338,2.9234781728152166,311.3640000037776,1.8943230431033902
dma_hardened2,xilinx_u280_xdma_201920_3,3,2,6,24,1024,Allgather,231.96260000304392,2.5427547371527135,309.9753000014971,1.9028096754714048
dma_hardened2,xilinx_u280_xdma_201920_3,3,2,6,24,1024,Allgather,200.23460000402338,2.9456647352063454,365.0357999958942,1.6157976834234729
dma_hardened2,xilinx_u280_xdma_201920_3,3,2,6,24,1024,Allgather,201.68720000128815,2.924449345304178,292.9479000044921,2.013409210275805
dma_hardened2,xilinx_u280_xdma_201920_3,3,2,6,24,1024,Allgather,208.95100000188904,2.8227862034384503,296.3516000022537,1.9902845133804392
dma_hardened2,xilinx_u280_xdma_201920_3,3,2,6,24,1024,Allgather,196.09309999850666,3.0078773807160566,357.4615000047743,1.6500350387163996
dma_hardened2,xilinx_u280_xdma_201920_3,3,2,6,24,1024,Allgather,196.3583000019753,3.0038149647560943,319.13069999518484,1.8482208073648179
dma_hardened2,xilinx_u280_xdma_201920_3,3,2,6,24,1024,Allgather,192.23109999302324,3.068306845361686,326.41589999684584,1.8069708001531157
dma_hardened2,xilinx_u280_xdma_201920_3,3,2,6,24,1024,Allgather,204.01689999971495,2.891054613616931,292.14659999752257,2.018931591211405
dma_hardened2,xilinx_u280_xdma_201920_3,3,2,6,24,1024,Allgather,207.46689999668888,2.8429788077491565,335.2294000023903,1.7594638178984132
dma_hardened2,xilinx_u280_xdma_201920_3,3,2,6,24,1024,Allgather,236.93939999702707,2.489345376950396,314.60039999728906,1.8748355056289903
dma_hardened2,xilinx_u280_xdma_201920_3,3,2,6,24,1024,Allgather,193.29300000663352,3.0514503886832847,302.6460999990377,1.9488901393471632
dma_hardened2,xilinx_u280_xdma_201920_3,3,2,6,24,1024,Allgather,198.016000001644,2.9786683904083664,337.5054999992244,1.7475981872928155
dma_hardened2,xilinx_u280_xdma_201920_3,3,2,6,48,1024,Allgather,208.43119999653936,5.659651722101039,305.5263000078412,3.861035858352374
dma_hardened2,xilinx_u280_xdma_201920_3,3,2,6,48,1024,Allgather,204.6613999937108,5.763900765050226,372.62099999679776,3.16581191078908
dma_hardened2,xilinx_u280_xdma_201920_3,3,2,6,48,1024,Allgather,201.21910000625576,5.8625050999797015,425.2317000009498,2.7741299625530393
dma_hardened2,xilinx_u280_xdma_201920_3,3,2,6,48,1024,Allgather,224.22920000053637,5.260902683491616,331.1304000021664,3.562487769145576
dma_hardened2,xilinx_u280_xdma_201920_3,3,2,6,48,1024,Allgather,194.78729999491406,6.056082711916027,326.50729999659234,3.612929940654655
dma_hardened2,xilinx_u280_xdma_201920_3,3,2,6,48,1024,Allgather,206.69720000796588,5.707131010746821,344.46779999370847,3.4245523094511174
dma_hardened2,xilinx_u280_xdma_201920_3,3,2,6,48,1024,Allgather,211.7315000077724,5.571433631541346,383.79110000050787,3.073672109640997
dma_hardened2,xilinx_u280_xdma_201920_3,3,2,6,48,1024,Allgather,198.88660000333402,5.9312593205385635,310.16899999940506,3.8032427483154754
dma_hardened2,xilinx_u280_xdma_201920_3,3,2,6,48,1024,Allgather,202.36330000216185,5.829357398240678,317.30079999761074,3.717759299720904
dma_hardened2,xilinx_u280_xdma_201920_3,3,2,6,48,1024,Allgather,200.2436999987367,5.89106174130543,322.6653000069746,3.6559493691280136
dma_hardened2,xilinx_u280_xdma_201920_3,3,2,6,48,1024,Allgather,194.21420000753642,6.073953397610597,311.71389999826715,3.784393317098011
dma_hardened2,xilinx_u280_xdma_201920_3,3,2,6,48,1024,Allgather,201.87669999813806,5.843408377543719,406.0487999936413,2.9051877508774147
dma_hardened2,xilinx_u280_xdma_201920_3,3,2,6,48,1024,Allgather,201.82230000500567,5.844983433301186,302.03099998971084,3.9057182873287393
dma_hardened2,xilinx_u280_xdma_201920_3,3,2,6,48,1024,Allgather,198.0390999960946,5.956641895581545,347.07670000670987,3.3988106950918753
dma_hardened2,xilinx_u280_xdma_201920_3,3,2,6,48,1024,Allgather,215.83650000138732,5.465470390746781,306.7969999960951,3.845044117168729
dma_hardened2,xilinx_u280_xdma_201920_3,3,2,6,48,1024,Allgather,192.65849999783313,6.123000023426258,319.35629999679804,3.693830370692006
dma_hardened2,xilinx_u280_xdma_201920_3,3,2,6,48,1024,Allgather,194.7763999964991,6.056421619976563,304.09120000740586,3.879257275354469
dma_hardened2,xilinx_u280_xdma_201920_3,3,2,6,48,1024,Allgather,207.70339999671705,5.679483340275823,325.49009999911505,3.6242208288461226
dma_hardened2,xilinx_u280_xdma_201920_3,3,2,6,48,1024,Allgather,197.91340000665514,5.960425115026736,340.38039999586545,3.465675461966462
dma_hardened2,xilinx_u280_xdma_201920_3,3,2,6,48,1024,Allgather,193.7129999987519,6.089668736778639,302.98120000225026,3.8934692977360927
dma_hardened2,xilinx_u280_xdma_201920_3,3,2,6,96,1024,Allgather,222.37869999344184,10.609361418470284,317.9923999937273,7.419347129197236
dma_hardened2,xilinx_u280_xdma_201920_3,3,2,6,96,1024,Allgather,252.67490000260298,9.337278851107472,346.1939000089842,6.814955433757709
dma_hardened2,xilinx_u280_xdma_201920_3,3,2,6,96,1024,Allgather,231.01389999737876,10.212788061786629,348.18050000922085,6.776071606357964
dma_hardened2,xilinx_u280_xdma_201920_3,3,2,6,96,1024,Allgather,217.33489999178346,10.855578188727145,402.75590000646844,5.857880666582684
dma_hardened2,xilinx_u280_xdma_201920_3,3,2,6,96,1024,Allgather,208.2643999983702,11.328369130866642,353.159400003733,6.680541421168632
dma_hardened2,xilinx_u280_xdma_201920_3,3,2,6,96,1024,Allgather,211.9040000025052,11.13379643599039,363.96650000369846,6.482178991681998
dma_hardened2,xilinx_u280_xdma_201920_3,3,2,6,96,1024,Allgather,213.55540000058681,11.047700034714726,340.2424000000792,6.934162232571399
dma_hardened2,xilinx_u280_xdma_201920_3,3,2,6,96,1024,Allgather,229.86689999697774,10.263748282293014,343.571900009465,6.866964381938697
dma_hardened2,xilinx_u280_xdma_201920_3,3,2,6,96,1024,Allgather,204.79890000615342,11.520061874986204,344.88399999190733,6.840839238861069
dma_hardened2,xilinx_u280_xdma_201920_3,3,2,6,96,1024,Allgather,215.29929999815067,10.958214913008382,311.21410000878313,7.5809418658518855
dma_hardened2,xilinx_u280_xdma_201920_3,3,2,6,96,1024,Allgather,235.86019999584096,10.00294242115288,334.57609999913984,7.051597528951008
dma_hardened2,xilinx_u280_xdma_201920_3,3,2,6,96,1024,Allgather,235.62950000268756,10.012736096172551,372.1071999962078,6.340366432103555
dma_hardened2,xilinx_u280_xdma_201920_3,3,2,6,96,1024,Allgather,240.28049999742507,9.818924132525456,320.5876000038188,7.359286510058082
dma_hardened2,xilinx_u280_xdma_201920_3,3,2,6,96,1024,Allgather,248.85349999976825,9.48066231739637,339.2926999936208,6.953571356072083
dma_hardened2,xilinx_u280_xdma_201920_3,3,2,6,96,1024,Allgather,207.95730000600088,11.345098248207298,361.3521999909608,6.5290760650108615
dma_hardened2,xilinx_u280_xdma_201920_3,3,2,6,96,1024,Allgather,212.4643999991349,11.104429730390628,322.67689999798677,7.311635881015096
dma_hardened2,xilinx_u280_xdma_201920_3,3,2,6,96,1024,Allgather,218.44389999614577,10.800466389959286,345.6902000039008,6.8248854030961175
dma_hardened2,xilinx_u280_xdma_201920_3,3,2,6,96,1024,Allgather,204.51809999713078,11.535878731677533,426.8491000061658,5.527236674426443
dma_hardened2,xilinx_u280_xdma_201920_3,3,2,6,96,1024,Allgather,219.1368000012517,10.766315835526138,346.63950000322075,6.806194908480075
dma_hardened2,xilinx_u280_xdma_201920_3,3,2,6,96,1024,Allgather,210.09609999964596,11.229603976484931,318.719200004125,7.402428218850527
dma_hardened2,xilinx_u280_xdma_201920_3,3,2,6,192,1024,Allgather,286.6757999981928,16.4596802381985,380.51379999615165,12.400580478415558
dma_hardened2,xilinx_u280_xdma_201920_3,3,2,6,192,1024,Allgather,254.7270000036406,18.524114051249224,378.8203000112844,12.456016744243751
dma_hardened2,xilinx_u280_xdma_201920_3,3,2,6,192,1024,Allgather,257.1701999954712,18.348128982607996,404.51529999927516,11.664804767603242
dma_hardened2,xilinx_u280_xdma_201920_3,3,2,6,192,1024,Allgather,250.71640000078332,18.820436158086416,365.7725000039136,12.900346526733184
dma_hardened2,xilinx_u280_xdma_201920_3,3,2,6,192,1024,Allgather,246.7838000029587,19.12034744559176,366.93410000907534,12.859508014881406
dma_hardened2,xilinx_u280_xdma_201920_3,3,2,6,192,1024,Allgather,240.14850000639854,19.648642401989925,372.04789999805143,12.682754021793196
dma_hardened2,xilinx_u280_xdma_201920_3,3,2,6,192,1024,Allgather,240.49419999983002,19.62039832978648,397.1502000013061,11.881127089913294
dma_hardened2,xilinx_u280_xdma_201920_3,3,2,6,192,1024,Allgather,264.4825000061246,17.840847692723457,397.1310999986599,11.88169851219389
dma_hardened2,xilinx_u280_xdma_201920_3,3,2,6,192,1024,Allgather,273.0663999955141,17.280016875300355,408.1165000002329,11.561875101833193
dma_hardened2,xilinx_u280_xdma_201920_3,3,2,6,192,1024,Allgather,268.68480000530326,17.561812204884184,373.8591000001179,12.621311076816138
dma_hardened2,xilinx_u280_xdma_201920_3,3,2,6,192,1024,Allgather,294.5909999994001,16.017434341203934,429.741000004924,10.980083352405131
dma_hardened2,xilinx_u280_xdma_201920_3,3,2,6,192,1024,Allgather,250.92530000847546,18.804767792807745,377.0243000076334,12.515352458460809
dma_hardened2,xilinx_u280_xdma_201920_3,3,2,6,192,1024,Allgather,240.33919999055797,19.633051954010732,387.40740000093865,12.179922221383915
dma_hardened2,xilinx_u280_xdma_201920_3,3,2,6,192,1024,Allgather,240.17249999133128,19.646678950214167,381.4781000073708,12.369234301808751
dma_hardened2,xilinx_u280_xdma_201920_3,3,2,6,192,1024,Allgather,256.44439999723545,18.400058648388764,422.84290000225155,11.159208301652633
dma_hardened2,xilinx_u280_xdma_201920_3,3,2,6,192,1024,Allgather,275.0594999952227,17.15480468801097,400.8631000033347,11.771080949982045
dma_hardened2,xilinx_u280_xdma_201920_3,3,2,6,192,1024,Allgather,249.44109999296415,18.91665808133902,367.54889999883744,12.837997882771313
dma_hardened2,xilinx_u280_xdma_201920_3,3,2,6,192,1024,Allgather,235.36950000107026,20.04759325222063,444.6577999942747,10.611737835388821
dma_hardened2,xilinx_u280_xdma_201920_3,3,2,6,192,1024,Allgather,232.24110000228393,20.317644034383218,367.30159999933676,12.846641561072754
dma_hardened2,xilinx_u280_xdma_201920_3,3,2,6,192,1024,Allgather,304.0863000023819,15.517279140701305,428.7637000061295,11.005110740327467
dma_hardened2,xilinx_u280_xdma_201920_3,3,2,6,384,1024,Allgather,336.0455999995793,28.083045872381057,530.1454000004924,17.8011239935143
dma_hardened2,xilinx_u280_xdma_201920_3,3,2,6,384,1024,Allgather,278.6851999985629,33.863240674598664,531.490000003032,17.756089484178748
dma_hardened2,xilinx_u280_xdma_201920_3,3,2,6,384,1024,Allgather,326.09500000262415,28.939983746834688,536.8113000031371,17.580077021375757
dma_hardened2,xilinx_u280_xdma_201920_3,3,2,6,384,1024,Allgather,292.94970000819376,32.21434942495604,526.9871999985298,17.9078049714041
dma_hardened2,xilinx_u280_xdma_201920_3,3,2,6,384,1024,Allgather,295.78810000430167,31.905218634092297,541.202300007626,17.437442523557312
dma_hardened2,xilinx_u280_xdma_201920_3,3,2,6,384,1024,Allgather,352.68579999865324,26.758049232591834,512.8913000021385,18.39996896020785
dma_hardened2,xilinx_u280_xdma_201920_3,3,2,6,384,1024,Allgather,303.00330000727627,31.145482573204244,540.9085999986019,17.44691062413205
dma_hardened2,xilinx_u280_xdma_201920_3,3,2,6,384,1024,Allgather,317.63700000055906,29.710594168763055,589.2107000022406,16.016654144203617
dma_hardened2,xilinx_u280_xdma_201920_3,3,2,6,384,1024,Allgather,389.3328999993173,24.239369444546167,518.8937000070837,18.187123875027137
dma_hardened2,xilinx_u280_xdma_201920_3,3,2,6,384,1024,Allgather,291.1074000053304,32.418220903443874,523.9377999942008,18.01203119932262
dma_hardened2,xilinx_u280_xdma_201920_3,3,2,6,384,1024,Allgather,374.45450000177516,25.202485215040177,531.1053000013999,17.768950902909697
dma_hardened2,xilinx_u280_xdma_201920_3,3,2,6,384,1024,Allgather,332.4383999938618,28.38776747864943,468.4522000047764,20.14545774340216
dma_hardened2,xilinx_u280_xdma_201920_3,3,2,6,384,1024,Allgather,332.41329999782465,28.389910993518484,567.7135999917482,16.623142373438245
dma_hardened2,xilinx_u280_xdma_201920_3,3,2,6,384,1024,Allgather,376.96869999308547,25.03439675541524,528.549299997394,17.854879384092516
dma_hardened2,xilinx_u280_xdma_201920_3,3,2,6,384,1024,Allgather,378.86909999542695,24.908824710471002,591.3972000030299,15.957437742268057
dma_hardened2,xilinx_u280_xdma_201920_3,3,2,6,384,1024,Allgather,375.2353999971092,25.150036483958345,493.08919999475614,19.138898195499642
dma_hardened2,xilinx_u280_xdma_201920_3,3,2,6,384,1024,Allgather,314.2250999985663,30.03319594788277,490.81590000241704,19.227543361886863
dma_hardened2,xilinx_u280_xdma_201920_3,3,2,6,384,1024,Allgather,382.52890000194384,24.670512476186886,530.775899994751,17.77997833001334
dma_hardened2,xilinx_u280_xdma_201920_3,3,2,6,384,1024,Allgather,402.21379999820783,23.463103454038748,540.9160999988671,17.4466687163125
dma_hardened2,xilinx_u280_xdma_201920_3,3,2,6,384,1024,Allgather,324.72809999717356,29.061802782334336,445.28270000228076,21.19369110893296
dma_hardened2,xilinx_u280_xdma_201920_3,3,2,6,768,1024,Allgather,487.62970000097994,38.706354432394235,746.047399991312,25.29915391464376
dma_hardened2,xilinx_u280_xdma_201920_3,3,2,6,768,1024,Allgather,489.6548999909101,38.54626595251142,759.1237999918121,24.863359573502475
dma_hardened2,xilinx_u280_xdma_201920_3,3,2,6,768,1024,Allgather,472.58299999839437,39.938736687659365,723.3844000097633,26.091754259208876
dma_hardened2,xilinx_u280_xdma_201920_3,3,2,6,768,1024,Allgather,490.16450000181067,38.506191288700585,749.0410000059455,25.198043898598588
dma_hardened2,xilinx_u280_xdma_201920_3,3,2,6,768,1024,Allgather,505.2503000001707,37.356470644339296,686.5351999977065,27.492207245983966
dma_hardened2,xilinx_u280_xdma_201920_3,3,2,6,768,1024,Allgather,487.4147000009543,38.723427914593145,738.7462999986383,25.54918786061574
dma_hardened2,xilinx_u280_xdma_201920_3,3,2,6,768,1024,Allgather,479.6933000079662,39.34674092735203,745.9444999994957,25.30264382941728
dma_hardened2,xilinx_u280_xdma_201920_3,3,2,6,768,1024,Allgather,508.70159999476533,37.10302464193984,721.0120000081588,26.17760592027098
dma_hardened2,xilinx_u280_xdma_201920_3,3,2,6,768,1024,Allgather,459.50290000291716,41.07562324390156,745.6654999941748,25.312111127774383
dma_hardened2,xilinx_u280_xdma_201920_3,3,2,6,768,1024,Allgather,516.3180000067769,36.5557040423775,696.0165999998935,27.117698054906864
dma_hardened2,xilinx_u280_xdma_201920_3,3,2,6,768,1024,Allgather,482.4876000043332,39.1188664741446,732.6324000018758,25.762398714487205
dma_hardened2,xilinx_u280_xdma_201920_3,3,2,6,768,1024,Allgather,499.236599989672,37.806458902232855,704.9086999927567,26.77562072959795
dma_hardened2,xilinx_u280_xdma_201920_3,3,2,6,768,1024,Allgather,491.9395000001714,38.36725450994162,746.7098999995869,25.276707862063223
dma_hardened2,xilinx_u280_xdma_201920_3,3,2,6,768,1024,Allgather,467.54890000784144,40.368757149644566,747.9009999997288,25.236452418176796
dma_hardened2,xilinx_u280_xdma_201920_3,3,2,6,768,1024,Allgather,463.9671000063572,40.68040169171777,743.4620000026371,25.387132092740522
dma_hardened2,xilinx_u280_xdma_201920_3,3,2,6,768,1024,Allgather,502.4119000040627,37.567517807295914,759.7046000000773,24.844351343927727
dma_hardened2,xilinx_u280_xdma_201920_3,3,2,6,768,1024,Allgather,489.96780000152285,38.5216497899277,720.5745999954161,26.193496135056755
dma_hardened2,xilinx_u280_xdma_201920_3,3,2,6,768,1024,Allgather,506.41000000268826,37.27092276988963,776.8406999957733,24.296317121518854
dma_hardened2,xilinx_u280_xdma_201920_3,3,2,6,768,1024,Allgather,469.33049999324794,40.21551550617643,749.447499993039,25.184376490915387
dma_hardened2,xilinx_u280_xdma_201920_3,3,2,6,768,1024,Allgather,475.8622000053947,39.66351603423434,782.224599993242,24.129090289621505
dma_hardened2,xilinx_u280_xdma_201920_3,3,2,6,1536,1024,Allgather,668.5326000024361,56.4650639323534,1041.91619999483,36.23010756545229
dma_hardened2,xilinx_u280_xdma_201920_3,3,2,6,1536,1024,Allgather,697.0348999971065,54.15616348644336,1011.7804999936197,37.309214795341525
dma_hardened2,xilinx_u280_xdma_201920_3,3,2,6,1536,1024,Allgather,682.2802999977284,55.32731342254156,1049.9240999934045,35.95377608746874
dma_hardened2,xilinx_u280_xdma_201920_3,3,2,6,1536,1024,Allgather,693.662400010453,54.419463992038715,1025.5335000010746,36.8088765505568
dma_hardened2,xilinx_u280_xdma_201920_3,3,2,6,1536,1024,Allgather,715.7789000075354,52.7379837539254,1017.7082000041083,37.09190512550416
dma_hardened2,xilinx_u280_xdma_201920_3,3,2,6,1536,1024,Allgather,699.6289999960936,53.95536205647675,1034.9011000016617,36.475694150812465
dma_hardened2,xilinx_u280_xdma_201920_3,3,2,6,1536,1024,Allgather,679.4082999931561,55.56119346846404,1055.9243999978207,35.74946842792714
dma_hardened2,xilinx_u280_xdma_201920_3,3,2,6,1536,1024,Allgather,689.212299994324,54.77083911635193,1026.0381999955825,36.790770558213644
dma_hardened2,xilinx_u280_xdma_201920_3,3,2,6,1536,1024,Allgather,677.3705000000518,55.728343646493485,1033.1630999985464,36.537054023757825
dma_hardened2,xilinx_u280_xdma_201920_3,3,2,6,1536,1024,Allgather,681.2710999952287,55.40927246182081,1049.5510999930957,35.9665537011474
dma_hardened2,xilinx_u280_xdma_201920_3,3,2,6,1536,1024,Allgather,707.6299999994262,53.345301923364765,1026.467400004094,36.77538711882076
dma_hardened2,xilinx_u280_xdma_201920_3,3,2,6,1536,1024,Allgather,686.3470999974197,54.999483497696595,1072.2986000018864,35.203567364476264
dma_hardened2,xilinx_u280_xdma_201920_3,3,2,6,1536,1024,Allgather,680.9776999944006,55.433145608601265,1020.1962999985882,37.00144374180953
dma_hardened2,xilinx_u280_xdma_201920_3,3,2,6,1536,1024,Allgather,687.376000007589,54.917157421241406,1041.0148000005393,36.2614787032619
dma_hardened2,xilinx_u280_xdma_201920_3,3,2,6,1536,1024,Allgather,680.0397999995766,55.50959811473314,1054.643199995553,35.792897541234005
dma_hardened2,xilinx_u280_xdma_201920_3,3,2,6,1536,1024,Allgather,679.5851999982006,55.54673056461494,1034.0175999999701,36.50686023139364
dma_hardened2,xilinx_u280_xdma_201920_3,3,2,6,1536,1024,Allgather,697.3690999984683,54.13021024315948,1052.0055999904798,35.88263788742342
dma_hardened2,xilinx_u280_xdma_201920_3,3,2,6,1536,1024,Allgather,698.9685000007739,54.006347925490495,1070.0546000066424,35.277392387047975
dma_hardened2,xilinx_u280_xdma_201920_3,3,2,6,1536,1024,Allgather,690.0460999986535,54.704658138164476,1011.5447999964999,37.317908213388684
dma_hardened2,xilinx_u280_xdma_201920_3,3,2,6,1536,1024,Allgather,690.220399997088,54.690843678568854,1011.8214000044644,37.30770667613221
dma_hardened2,xilinx_u280_xdma_201920_3,3,2,6,3072,1024,Allgather,1066.8187000078433,70.76879323491886,1770.8815999981198,42.63270452416478
dma_hardened2,xilinx_u280_xdma_201920_3,3,2,6,3072,1024,Allgather,1042.3430000059852,72.43054541505674,1745.3334000038012,43.25676228956346
dma_hardened2,xilinx_u280_xdma_201920_3,3,2,6,3072,1024,Allgather,1052.4073000055978,71.73788323170928,1787.455399994542,42.23740183963781
dma_hardened2,xilinx_u280_xdma_201920_3,3,2,6,3072,1024,Allgather,1072.3654999992505,70.40274234862345,1788.3875000052285,42.215387884213726
dma_hardened2,xilinx_u280_xdma_201920_3,3,2,6,3072,1024,Allgather,1055.9177999994063,71.4993837588896,1765.8374000006916,42.75448690800774
dma_hardened2,xilinx_u280_xdma_201920_3,3,2,6,3072,1024,Allgather,1118.0351999996674,67.52691865159743,1774.0639999942687,42.55622796034636
dma_hardened2,xilinx_u280_xdma_201920_3,3,2,6,3072,1024,Allgather,1073.0543000022408,70.35755040527059,1771.5740000085134,42.61604200537894
dma_hardened2,xilinx_u280_xdma_201920_3,3,2,6,3072,1024,Allgather,1051.105599992752,71.8267241659835,1708.5237999935998,44.18871542806885
dma_hardened2,xilinx_u280_xdma_201920_3,3,2,6,3072,1024,Allgather,1086.7787999927714,69.46903270518543,1702.8500000037639,44.33594973123477
dma_hardened2,xilinx_u280_xdma_201920_3,3,2,6,3072,1024,Allgather,1054.9794999974438,71.56297539448201,1751.5903999992588,43.10224125459465
dma_hardened2,xilinx_u280_xdma_201920_3,3,2,6,3072,1024,Allgather,1056.3402999991922,71.47078645021661,1715.2551999970456,44.01529988081659
dma_hardened2,xilinx_u280_xdma_201920_3,3,2,6,3072,1024,Allgather,1052.6217999995424,71.72326470916032,1698.5148999992816,44.449107864777595
dma_hardened2,xilinx_u280_xdma_201920_3,3,2,6,3072,1024,Allgather,1066.0168999947928,70.82202167748821,1797.88620000636,41.99235301974782
dma_hardened2,xilinx_u280_xdma_201920_3,3,2,6,3072,1024,Allgather,1037.4382999998488,72.77297551093979,1766.6852000047584,42.73396980956011
dma_hardened2,xilinx_u280_xdma_201920_3,3,2,6,3072,1024,Allgather,1110.4703000000882,67.98693490496234,1761.455299993031,42.86085034363273
dma_hardened2,xilinx_u280_xdma_201920_3,3,2,6,3072,1024,Allgather,1060.3952999986177,71.19747890253608,1796.79100000385,42.017948665058
dma_hardened2,xilinx_u280_xdma_201920_3,3,2,6,3072,1024,Allgather,1034.0922999944269,73.0084461516703,1725.7883999945989,43.746656310956936
dma_hardened2,xilinx_u280_xdma_201920_3,3,2,6,3072,1024,Allgather,1095.1083999998446,68.94063820532352,1797.5497000065843,42.000213957768985
dma_hardened2,xilinx_u280_xdma_201920_3,3,2,6,3072,1024,Allgather,1081.9686000104412,69.77787710222962,1787.4411999969197,42.23773738690263
dma_hardened2,xilinx_u280_xdma_201920_3,3,2,6,3072,1024,Allgather,1063.2523000026595,71.00616852633298,1749.7207000019444,43.1482990399074
dma_hardened2,xilinx_u280_xdma_201920_3,3,2,6,6144,1024,Allgather,2050.67599999893,73.63178971230892,3231.676400002925,46.72341079690508
dma_hardened2,xilinx_u280_xdma_201920_3,3,2,6,6144,1024,Allgather,2061.324099997819,73.25143290187107,3094.702500004587,48.791424700686484
dma_hardened2,xilinx_u280_xdma_201920_3,3,2,6,6144,1024,Allgather,2074.250900000152,72.79492755673334,3146.1755999998786,47.99317113768406
dma_hardened2,xilinx_u280_xdma_201920_3,3,2,6,6144,1024,Allgather,2032.373999998072,74.29486108370962,3160.2220000081616,47.77985344055261
dma_hardened2,xilinx_u280_xdma_201920_3,3,2,6,6144,1024,Allgather,1998.4548000024915,75.55584644687073,3132.223400007206,48.206952288158185
dma_hardened2,xilinx_u280_xdma_201920_3,3,2,6,6144,1024,Allgather,2086.658600001101,72.36207398753218,3209.9614000003385,47.03948901067287
dma_hardened2,xilinx_u280_xdma_201920_3,3,2,6,6144,1024,Allgather,2069.827599996188,72.95049307501654,3186.307700002544,47.38868879483279
dma_hardened2,xilinx_u280_xdma_201920_3,3,2,6,6144,1024,Allgather,2041.0880000099494,73.97767465158972,3201.6315000078066,47.16187481277337
dma_hardened2,xilinx_u280_xdma_201920_3,3,2,6,6144,1024,Allgather,2079.6848000031787,72.60472548521257,3196.2480999936815,47.24130895855628
dma_hardened2,xilinx_u280_xdma_201920_3,3,2,6,6144,1024,Allgather,2080.621599998267,72.57203520338622,3194.3033999937143,47.270069587095925
dma_hardened2,xilinx_u280_xdma_201920_3,3,2,6,6144,1024,Allgather,2035.5124000047908,74.18031155184543,3203.518800000893,47.13409017607698
dma_hardened2,xilinx_u280_xdma_201920_3,3,2,6,6144,1024,Allgather,2030.9706000034566,74.34619880747806,3123.444200002723,48.3424496585751
dma_hardened2,xilinx_u280_xdma_201920_3,3,2,6,6144,1024,Allgather,2064.206800002921,73.14913602638376,3229.5611000108693,46.7540137263518
dma_hardened2,xilinx_u280_xdma_201920_3,3,2,6,6144,1024,Allgather,2047.3084000059314,73.75290601042937,3171.8852999915725,47.604162735771425
dma_hardened2,xilinx_u280_xdma_201920_3,3,2,6,6144,1024,Allgather,2049.8686999985694,73.66078812760318,3159.7342999930333,47.787228185715776
dma_hardened2,xilinx_u280_xdma_201920_3,3,2,6,6144,1024,Allgather,2061.90039999683,73.2309591676844,3257.5941000004605,46.351675305397514
dma_hardened2,xilinx_u280_xdma_201920_3,3,2,6,6144,1024,Allgather,2023.4412000036173,74.62284745399573,3166.4397999975336,47.68603022237075
dma_hardened2,xilinx_u280_xdma_201920_3,3,2,6,6144,1024,Allgather,2076.5267000001586,72.715146884453,3183.242000000064,47.43432764458278
dma_hardened2,xilinx_u280_xdma_201920_3,3,2,6,6144,1024,Allgather,2071.795100005147,72.88121494235838,3219.2090000080498,46.90436190990471
dma_hardened2,xilinx_u280_xdma_201920_3,3,2,6,6144,1024,Allgather,2070.554700003413,72.92487563827756,3142.8241000071466,48.04435093890767
dma_hardened2,xilinx_u280_xdma_201920_3,3,2,6,12288,1024,Allgather,3593.7964000027023,84.03088388640295,5604.908800000885,53.879536452038664
dma_hardened2,xilinx_u280_xdma_201920_3,3,2,6,12288,1024,Allgather,3573.696499995549,84.5035072229486,5551.729900003011,54.39563765518136
dma_hardened2,xilinx_u280_xdma_201920_3,3,2,6,12288,1024,Allgather,3626.6812999997455,83.26893460421272,5528.414500008694,54.62504448599596
dma_hardened2,xilinx_u280_xdma_201920_3,3,2,6,12288,1024,Allgather,3616.2912000008873,83.50817766000866,5567.69649999751,54.239646144529445
dma_hardened2,xilinx_u280_xdma_201920_3,3,2,6,12288,1024,Allgather,3586.8365000055746,84.19393747095265,5630.212699998083,53.637385315851894
dma_hardened2,xilinx_u280_xdma_201920_3,3,2,6,12288,1024,Allgather,3602.098700002898,83.83720523808996,5579.856999997901,54.12143859602739
dma_hardened2,xilinx_u280_xdma_201920_3,3,2,6,12288,1024,Allgather,3617.4395999978515,83.48166697798614,5609.07799999768,53.83948805848749
dma_hardened2,xilinx_u280_xdma_201920_3,3,2,6,12288,1024,Allgather,3627.8739999943355,83.24155910609672,5586.41569999736,54.057897624794144
dma_hardened2,xilinx_u280_xdma_201920_3,3,2,6,12288,1024,Allgather,3614.088899996659,83.55906463736383,5548.848299997644,54.42388612428424
dma_hardened2,xilinx_u280_xdma_201920_3,3,2,6,12288,1024,Allgather,3586.109899993062,84.21099643393089,5568.03489999993,54.236349703915074
dma_hardened2,xilinx_u280_xdma_201920_3,3,2,6,12288,1024,Allgather,3577.607500005797,84.41112894567408,5571.613099994011,54.201518048754075
dma_hardened2,xilinx_u280_xdma_201920_3,3,2,6,12288,1024,Allgather,3614.7067999991123,83.54478100411191,5552.878299999975,54.38438800288517
dma_hardened2,xilinx_u280_xdma_201920_3,3,2,6,12288,1024,Allgather,3592.9531999954634,84.05060438871881,5652.394499998081,53.42689509730832
dma_hardened2,xilinx_u280_xdma_201920_3,3,2,6,12288,1024,Allgather,3571.7765000072177,84.5489318828851,5536.200300002747,54.54822290296291
dma_hardened2,xilinx_u280_xdma_201920_3,3,2,6,12288,1024,Allgather,3601.546199990935,83.85006639669376,5518.560799998795,54.7225805684819
dma_hardened2,xilinx_u280_xdma_201920_3,3,2,6,12288,1024,Allgather,3570.354999999381,84.5825941678215,5579.191399999672,54.127895307556166
dma_hardened2,xilinx_u280_xdma_201920_3,3,2,6,12288,1024,Allgather,3614.8598999943715,83.54124263584052,5637.359299998934,53.56938806438275
dma_hardened2,xilinx_u280_xdma_201920_3,3,2,6,12288,1024,Allgather,3634.191900005135,83.0968469220278,5609.156599996368,53.83873361642204
dma_hardened2,xilinx_u280_xdma_201920_3,3,2,6,12288,1024,Allgather,3602.0376999999826,83.83862500939439,5578.488899993772,54.134711642132544
dma_hardened2,xilinx_u280_xdma_201920_3,3,2,6,12288,1024,Allgather,3615.5770000050325,83.52467337843439,5588.939599999776,54.03348570809606
dma_hardened2,xilinx_u280_xdma_201920_3,3,2,6,24576,1024,Allgather,6647.324900006879,90.86057701187059,10023.72949999426,60.25499550844282
dma_hardened2,xilinx_u280_xdma_201920_3,3,2,6,24576,1024,Allgather,6611.895300000015,91.34745010254453,9951.895000006061,60.68992649134985
dma_hardened2,xilinx_u280_xdma_201920_3,3,2,6,24576,1024,Allgather,6605.186299998422,91.44023326036152,10000.15549999489,60.39703842608334
dma_hardened2,xilinx_u280_xdma_201920_3,3,2,6,24576,1024,Allgather,6612.6356999916425,91.33722216101567,10009.709500002373,60.33939106822798
dma_hardened2,xilinx_u280_xdma_201920_3,3,2,6,24576,1024,Allgather,6649.261799998385,90.83410973533132,9948.709999991934,60.70935588639027
dma_hardened2,xilinx_u280_xdma_201920_3,3,2,6,24576,1024,Allgather,6664.925800009769,90.6206301650222,9965.898600000855,60.60464793410082
dma_hardened2,xilinx_u280_xdma_201920_3,3,2,6,24576,1024,Allgather,6635.760599999685,91.01892193037052,9994.955900003788,60.42845831863762
dma_hardened2,xilinx_u280_xdma_201920_3,3,2,6,24576,1024,Allgather,6613.79370000077,91.32123005287113,9992.895899995347,60.4409154307593
dma_hardened2,xilinx_u280_xdma_201920_3,3,2,6,24576,1024,Allgather,6657.228299991402,90.7254113548697,10021.37269999821,60.26916611933891
dma_hardened2,xilinx_u280_xdma_201920_3,3,2,6,24576,1024,Allgather,6609.928700004275,91.37462798949849,10009.284000000207,60.341956127929585
dma_hardened2,xilinx_u280_xdma_201920_3,3,2,6,24576,1024,Allgather,6622.089199993297,91.2068318259155,9989.52109999891,60.46133442774008
dma_hardened2,xilinx_u280_xdma_201920_3,3,2,6,24576,1024,Allgather,6662.797299998147,90.64957986942932,9987.874299997657,60.47130328824239
dma_hardened2,xilinx_u280_xdma_201920_3,3,2,6,24576,1024,Allgather,6643.620300008024,90.91124247411769,10023.793400000613,60.254611392924666
dma_hardened2,xilinx_u280_xdma_201920_3,3,2,6,24576,1024,Allgather,6627.904499998749,91.12680727371887,9933.374100000947,60.80308361686915
dma_hardened2,xilinx_u280_xdma_201920_3,3,2,6,24576,1024,Allgather,6628.467399991678,91.11906864032525,10014.071499995225,60.31310801009239
dma_hardened2,xilinx_u280_xdma_201920_3,3,2,6,24576,1024,Allgather,6618.51200000001,91.25612766132315,9955.88719999887,60.665590506094574
dma_hardened2,xilinx_u280_xdma_201920_3,3,2,6,24576,1024,Allgather,6658.688999993956,90.70550914760372,9951.4316000068,60.69275258844037
dma_hardened2,xilinx_u280_xdma_201920_3,3,2,6,24576,1024,Allgather,6618.391699998938,91.25778638941799,9996.032100002594,60.42195242648763
dma_hardened2,xilinx_u280_xdma_201920_3,3,2,6,24576,1024,Allgather,6645.570000000589,90.88457062373077,9965.720299999248,60.605732231923625
dma_hardened2,xilinx_u280_xdma_201920_3,3,2,6,24576,1024,Allgather,6629.893100000572,91.09947428864997,9957.88210000228,60.65343713999805
experiment,board_instance,number of nodes,rank id,number of banks,buffer size[KB],segment_size[KB],collective name,execution_time[us],throughput[Gbps],execution_time_fullpath[us],throughput_fullpath[Gbps]
dma_hardened2,xilinx_u280_xdma_201920_3,3,2,6,1,256,Send/recv,197.33259999838992,0.041513667787617656,315.39949999341843,0.02597340832870992
dma_hardened2,xilinx_u280_xdma_201920_3,3,2,6,1,256,Send/recv,199.77710001057858,0.04100570085143001,328.8575999931709,0.02491047797031334
dma_hardened2,xilinx_u280_xdma_201920_3,3,2,6,1,256,Send/recv,203.91060000974903,0.040174468613246875,335.07760000475173,0.02444806814864327
dma_hardened2,xilinx_u280_xdma_201920_3,3,2,6,1,256,Send/recv,179.68430000792068,0.045591072785095235,316.8949000041721,0.02585084202961975
dma_hardened2,xilinx_u280_xdma_201920_3,3,2,6,1,256,Send/recv,188.54549999787196,0.043448398397694245,293.83469999402223,0.027879620753323748
dma_hardened2,xilinx_u280_xdma_201920_3,3,2,6,1,256,Send/recv,189.79230000013558,0.0431629734188065,337.3886000076709,0.024280606990911207
dma_hardened2,xilinx_u280_xdma_201920_3,3,2,6,1,256,Send/recv,194.06169999456324,0.042213378529764006,333.01119999578077,0.024599773221152296
dma_hardened2,xilinx_u280_xdma_201920_3,3,2,6,1,256,Send/recv,185.66650001048401,0.04412212218971879,294.890200007103,0.027779831272123252
dma_hardened2,xilinx_u280_xdma_201920_3,3,2,6,1,256,Send/recv,184.51149999236804,0.044398316637926885,340.3886999990391,0.0240666038561889
dma_hardened2,xilinx_u280_xdma_201920_3,3,2,6,1,256,Send/recv,189.83590000516415,0.04315306008914621,313.8395999940258,0.026102505866550756
dma_hardened2,xilinx_u280_xdma_201920_3,3,2,6,1,256,Send/recv,179.68610000025365,0.04559061607986614,329.59339999933945,0.02485486663269476
dma_hardened2,xilinx_u280_xdma_201920_3,3,2,6,1,256,Send/recv,192.22070000068925,0.042617678532908404,294.2378000057033,0.027841426220020712
dma_hardened2,xilinx_u280_xdma_201920_3,3,2,6,1,256,Send/recv,176.6210000027968,0.04638180057790568,328.98849999583035,0.02490056643348879
dma_hardened2,xilinx_u280_xdma_201920_3,3,2,6,1,256,Send/recv,191.13429999606524,0.042859915777380846,297.0002999973076,0.02758246372166716
dma_hardened2,xilinx_u280_xdma_201920_3,3,2,6,1,256,Send/recv,182.7182000056382,0.044834066884126576,301.2758000068061,0.027191032269485087
dma_hardened2,xilinx_u280_xdma_201920_3,3,2,6,1,256,Send/recv,189.12510000745897,0.04331524477542596,296.6873999980635,0.027611553439928594
dma_hardened2,xilinx_u280_xdma_201920_3,3,2,6,1,256,Send/recv,200.1503999963461,0.040929221226385516,286.03619999785224,0.02863973161460512
dma_hardened2,xilinx_u280_xdma_201920_3,3,2,6,1,256,Send/recv,183.94350000789927,0.04453541440522879,326.3140000058229,0.025104653799266408
dma_hardened2,xilinx_u280_xdma_201920_3,3,2,6,1,256,Send/recv,191.5256999950543,0.042772327683499076,310.4076999989047,0.026391097901337195
dma_hardened2,xilinx_u280_xdma_201920_3,3,2,6,1,256,Send/recv,177.49150000554437,0.0461543228816259,307.6852000049257,0.026624615028180927
dma_hardened2,xilinx_u280_xdma_201920_3,3,2,6,6,256,Send/recv,194.32089999327218,0.25294242668545563,303.57609999782653,0.16190997908053997
dma_hardened2,xilinx_u280_xdma_201920_3,3,2,6,6,256,Send/recv,185.4371000035826,0.26506022796436307,289.18410000642325,0.16996785092578828
dma_hardened2,xilinx_u280_xdma_201920_3,3,2,6,6,256,Send/recv,171.07369999393995,0.2873147655176754,315.69840000429394,0.15569290183077097
dma_hardened2,xilinx_u280_xdma_201920_3,3,2,6,6,256,Send/recv,205.1445999995849,0.23959685022223084,308.38480000738855,0.15938528746819677
dma_hardened2,xilinx_u280_xdma_201920_3,3,2,6,6,256,Send/recv,182.24739999368467,0.26969932082270165,330.5880999960209,0.14868048789593943
dma_hardened2,xilinx_u280_xdma_201920_3,3,2,6,6,256,Send/recv,181.027600001471,0.27151660851494797,297.3786000097789,0.16528425380435482
dma_hardened2,xilinx_u280_xdma_201920_3,3,2,6,6,256,Send/recv,191.86950000857905,0.256174118334609,299.7039999968365,0.16400181512598702
dma_hardened2,xilinx_u280_xdma_201920_3,3,2,6,6,256,Send/recv,193.7698000006094,0.253661819333278,314.99730000632553,0.15603943271581366
dma_hardened2,xilinx_u280_xdma_201920_3,3,2,6,6,256,Send/recv,190.60130000525533,0.25787861886904634,302.3651000034988,0.16255844341635736
dma_hardened2,xilinx_u280_xdma_201920_3,3,2,6,6,256,Send/recv,174.36690000067756,0.2818883629852283,322.3984999976892,0.15245728500707137
dma_hardened2,xilinx_u280_xdma_201920_3,3,2,6,6,256,Send/recv,187.3244999956114,0.26238959666862327,290.181399998346,0.169383702746903
dma_hardened2,xilinx_u280_xdma_201920_3,3,2,6,6,256,Send/recv,188.16939999624083,0.26121144033504884,306.1519999960183,0.16054770179727476
dma_hardened2,xilinx_u280_xdma_201920_3,3,2,6,6,256,Send/recv,220.34670000721235,0.22306664905075121,301.8579000013233,0.1628315839995724
dma_hardened2,xilinx_u280_xdma_201920_3,3,2,6,6,256,Send/recv,186.47360000159097,0.2635869098874084,310.0048999954197,0.15855233256224732
dma_hardened2,xilinx_u280_xdma_201920_3,3,2,6,6,256,Send/recv,184.38930000002074,0.2665664439313695,288.2208999949398,0.1705358632939629
dma_hardened2,xilinx_u280_xdma_201920_3,3,2,6,6,256,Send/recv,179.29619999677016,0.2741385483958133,335.0904000058108,0.14668280559260324
dma_hardened2,xilinx_u280_xdma_201920_3,3,2,6,6,256,Send/recv,181.92169999338148,0.27018217179032633,305.7990999991489,0.16073297795885208
dma_hardened2,xilinx_u280_xdma_201920_3,3,2,6,6,256,Send/recv,182.74669999982507,0.2689624491169857,307.6933999977882,0.15974343291196144
dma_hardened2,xilinx_u280_xdma_201920_3,3,2,6,6,256,Send/recv,182.1996999979092,0.26976992827410823,330.56029999443126,0.14869299187115945
dma_hardened2,xilinx_u280_xdma_201920_3,3,2,6,6,256,Send/recv,181.00649999723828,0.27154825932079757,291.7072999935044,0.16849766872853195
dma_hardened2,xilinx_u280_xdma_201920_3,3,2,6,12,256,Send/recv,183.52030000414743,0.5356573632332685,298.09210000166786,0.32977727353207276
dma_hardened2,xilinx_u280_xdma_201920_3,3,2,6,12,256,Send/recv,176.8761999983326,0.5557785615075782,274.85399999704896,0.3576589753143686
dma_hardened2,xilinx_u280_xdma_201920_3,3,2,6,12,256,Send/recv,178.29859999665132,0.551344766598539,286.1649999999827,0.3435220938968985
dma_hardened2,xilinx_u280_xdma_201920_3,3,2,6,12,256,Send/recv,179.78209999682804,0.5467952593819653,315.2833000058308,0.31179577224097177
dma_hardened2,xilinx_u280_xdma_201920_3,3,2,6,12,256,Send/recv,180.5970999953388,0.5443276774795234,286.2154000013106,0.34346160269346043
dma_hardened2,xilinx_u280_xdma_201920_3,3,2,6,12,256,Send/recv,173.7856999966425,0.5656621920094645,280.5037000030097,0.350455270283227
dma_hardened2,xilinx_u280_xdma_201920_3,3,2,6,12,256,Send/recv,186.71730000505704,0.5264857621513247,291.52879999401193,0.3372016761363515
dma_hardened2,xilinx_u280_xdma_201920_3,3,2,6,12,256,Send/recv,191.91650000038862,0.5122227635445672,313.0782000084764,0.3139918397299412
dma_hardened2,xilinx_u280_xdma_201920_3,3,2,6,12,256,Send/recv,183.94050000551943,0.5344336891388805,296.7637999972794,0.33125334020153807
dma_hardened2,xilinx_u280_xdma_201920_3,3,2,6,12,256,Send/recv,181.6192999967825,0.5412640617034726,305.5443999983254,0.3217339280331722
dma_hardened2,xilinx_u280_xdma_201920_3,3,2,6,12,256,Send/recv,179.4356000004882,0.5478511510521465,294.57379999939803,0.3337160331305801
dma_hardened2,xilinx_u280_xdma_201920_3,3,2,6,12,256,Send/recv,181.00600000252598,0.5430980188426248,304.2934000063724,0.32305662889152825
dma_hardened2,xilinx_u280_xdma_201920_3,3,2,6,12,256,Send/recv,177.52889999655963,0.553735194674811,303.7711999922976,0.32361198165755206
dma_hardened2,xilinx_u280_xdma_201920_3,3,2,6,12,256,Send/recv,180.9272999935274,0.5433342563754435,282.09500000002663,0.3484783494921594
dma_hardened2,xilinx_u280_xdma_201920_3,3,2,6,12,256,Send/recv,182.973900007255,0.537256953019541,285.84010000258786,0.3439125581019248
dma_hardened2,xilinx_u280_xdma_201920_3,3,2,6,12,256,Send/recv,185.34460000410036,0.5303850233447601,300.26570000245556,0.3273900415505203
dma_hardened2,xilinx_u280_xdma_201920_3,3,2,6,12,256,Send/recv,174.44790000809007,0.5635149520025241,300.06420000745493,0.3276098914750833
dma_hardened2,xilinx_u280_xdma_201920_3,3,2,6,12,256,Send/recv,184.35800000133895,0.5332234022894913,290.0479000004452,0.3389233295598731
dma_hardened2,xilinx_u280_xdma_201920_3,3,2,6,12,256,Send/recv,182.72099999876446,0.5380005582317562,297.57959999869854,0.3303452252789839
dma_hardened2,xilinx_u280_xdma_201920_3,3,2,6,12,256,Send/recv,187.02659999689786,0.5256150729448674,323.350799999389,0.3040165665283208
dma_hardened2,xilinx_u280_xdma_201920_3,3,2,6,24,256,Send/recv,183.8861999999608,1.0691830055765028,287.7098999988448,0.6833550044707861
dma_hardened2,xilinx_u280_xdma_201920_3,3,2,6,24,256,Send/recv,183.98670000578932,1.0685989802187525,295.5449000069166,0.6652390211957601
dma_hardened2,xilinx_u280_xdma_201920_3,3,2,6,24,256,Send/recv,191.48839999161282,1.026735823207105,334.75169999519494,0.5873248739373755
dma_hardened2,xilinx_u280_xdma_201920_3,3,2,6,24,256,Send/recv,177.98439999978655,1.1046361366515032,292.15119999435046,0.6729666008690088
dma_hardened2,xilinx_u280_xdma_201920_3,3,2,6,24,256,Send/recv,185.0274999924295,1.062587993720092,312.9128000068704,0.6283156201845473
dma_hardened2,xilinx_u280_xdma_201920_3,3,2,6,24,256,Send/recv,187.91919999330275,1.046236893340366,317.030300004717,0.6201552343642698
dma_hardened2,xilinx_u280_xdma_201920_3,3,2,6,24,256,Send/recv,180.574900002739,1.088789194938044,297.24529999839433,0.6614335029050487
dma_hardened2,xilinx_u280_xdma_201920_3,3,2,6,24,256,Send/recv,177.99180000110937,1.104590211452295,296.0131999998339,0.6641865970845569
dma_hardened2,xilinx_u280_xdma_201920_3,3,2,6,24,256,Send/recv,181.29229999885865,1.0844806977529535,298.69610000332614,0.6582208472015894
dma_hardened2,xilinx_u280_xdma_201920_3,3,2,6,24,256,Send/recv,185.27869999616087,1.061147341837318,290.601599999718,0.6765551187611863
dma_hardened2,xilinx_u280_xdma_201920_3,3,2,6,24,256,Send/recv,179.89340000212906,1.0929139145609184,303.89350000632476,0.6469634921309871
dma_hardened2,xilinx_u280_xdma_201920_3,3,2,6,24,256,Send/recv,194.09840000434997,1.0129295243834766,335.27599999843005,0.5864064233673769
dma_hardened2,xilinx_u280_xdma_201920_3,3,2,6,24,256,Send/recv,178.4869999937655,1.1015256013427728,297.9644999982156,0.6598369940082709
dma_hardened2,xilinx_u280_xdma_201920_3,3,2,6,24,256,Send/recv,180.52520000537697,1.0890889471062433,303.64509999571965,0.6474927472986441
dma_hardened2,xilinx_u280_xdma_201920_3,3,2,6,24,256,Send/recv,178.86800000042058,1.0991792830441314,303.8560999925721,0.6470431233890193
dma_hardened2,xilinx_u280_xdma_201920_3,3,2,6,24,256,Send/recv,191.44670000059705,1.0269594618208977,302.7367999948183,0.6494354171787678
dma_hardened2,xilinx_u280_xdma_201920_3,3,2,6,24,256,Send/recv,178.2031000061579,1.1032804703914023,272.8349999983948,0.720611358517627
dma_hardened2,xilinx_u280_xdma_201920_3,3,2,6,24,256,Send/recv,177.05740000337755,1.1104195588337427,328.66880000028686,0.5981949001542841
dma_hardened2,xilinx_u280_xdma_201920_3,3,2,6,24,256,Send/recv,194.76559999702658,1.0094595760391032,356.42689999804134,0.551608197925242
dma_hardened2,xilinx_u280_xdma_201920_3,3,2,6,24,256,Send/recv,186.09140000762636,1.0565130897609596,294.7468000002118,0.6670403207086852
dma_hardened2,xilinx_u280_xdma_201920_3,3,2,6,48,256,Send/recv,196.74249999752647,1.9986327306247693,349.8371999967276,1.1239971049496114
dma_hardened2,xilinx_u280_xdma_201920_3,3,2,6,48,256,Send/recv,199.11560000309692,1.9748126213811683,313.714699996126,1.2534191097989853
dma_hardened2,xilinx_u280_xdma_201920_3,3,2,6,48,256,Send/recv,180.65149999983987,2.1766550513023613,371.43140000353014,1.0586503994984344
dma_hardened2,xilinx_u280_xdma_201920_3,3,2,6,48,256,Send/recv,193.0390999973497,2.036975928738782,330.7254999981524,1.1889497483629075
dma_hardened2,xilinx_u280_xdma_201920_3,3,2,6,48,256,Send/recv,176.8247000086376,2.223761725487401,303.85960000103296,1.294071340838543
dma_hardened2,xilinx_u280_xdma_201920_3,3,2,6,48,256,Send/recv,196.3602000046194,2.002523933010608,335.2130999928704,1.1730329155046841
dma_hardened2,xilinx_u280_xdma_201920_3,3,2,6,48,256,Send/recv,189.98409999539945,2.0697310985999455,302.24209999687446,1.3009967837176433
dma_hardened2,xilinx_u280_xdma_201920_3,3,2,6,48,256,Send/recv,189.08570000348845,2.0795649802853706,325.97330000498914,1.206282845846521
dma_hardened2,xilinx_u280_xdma_201920_3,3,2,6,48,256,Send/recv,191.44600000799983,2.0539264334776854,339.09740000126476,1.1595960334657045
dma_hardened2,xilinx_u280_xdma_201920_3,3,2,6,48,256,Send/recv,186.23390000129803,2.1114093620831618,361.9770999989669,1.0863007632281774
dma_hardened2,xilinx_u280_xdma_201920_3,3,2,6,48,256,Send/recv,192.94739998940713,2.0379440200883123,318.834400002288,1.2332922670739987
dma_hardened2,xilinx_u280_xdma_201920_3,3,2,6,48,256,Send/recv,195.46680000530614,2.0116766631945975,365.37940000016533,1.0761854663941701
dma_hardened2,xilinx_u280_xdma_201920_3,3,2,6,48,256,Send/recv,197.88500000004206,1.9870935139091717,315.57189998920876,1.2460425025594684
dma_hardened2,xilinx_u280_xdma_201920_3,3,2,6,48,256,Send/recv,199.6685999984038,1.9693432017009358,304.30290000822424,1.2921861736755476
dma_hardened2,xilinx_u280_xdma_201920_3,3,2,6,48,256,Send/recv,182.1910000103344,2.158262482656639,299.33109999547014,1.31364899940551
dma_hardened2,xilinx_u280_xdma_201920_3,3,2,6,48,256,Send/recv,198.3182999993005,1.9827519699462275,358.31300000381816,1.097409248327049
dma_hardened2,xilinx_u280_xdma_201920_3,3,2,6,48,256,Send/recv,196.83220000388246,1.9977219174110938,382.1761999915907,1.028886675854363
dma_hardened2,xilinx_u280_xdma_201920_3,3,2,6,48,256,Send/recv,194.0838999985317,2.0260104006719506,350.5710000013096,1.1216444029840777
dma_hardened2,xilinx_u280_xdma_201920_3,3,2,6,48,256,Send/recv,182.08650000133275,2.1595011162119206,311.65089999376505,1.2617194431585685
dma_hardened2,xilinx_u280_xdma_201920_3,3,2,6,48,256,Send/recv,188.67909999471522,2.0840464047741043,305.65650000653477,1.2864637264105074
dma_hardened2,xilinx_u280_xdma_201920_3,3,2,6,96,256,Send/recv,200.57640000459287,3.9208600811560683,354.8959999989165,2.2159505883481385
dma_hardened2,xilinx_u280_xdma_201920_3,3,2,6,96,256,Send/recv,195.41289999551736,4.024463072898668,347.7537000094344,2.2614626385820324
dma_hardened2,xilinx_u280_xdma_201920_3,3,2,6,96,256,Send/recv,196.67520000439254,3.9986332795514423,327.8908000083902,2.3984570472238818
dma_hardened2,xilinx_u280_xdma_201920_3,3,2,6,96,256,Send/recv,193.50869999925635,4.064065336612887,372.1947000030923,2.112958620833306
dma_hardened2,xilinx_u280_xdma_201920_3,3,2,6,96,256,Send/recv,202.74700000300072,3.878883534594152,397.0260000073722,1.9808073022557642
dma_hardened2,xilinx_u280_xdma_201920_3,3,2,6,96,256,Send/recv,192.99760000421884,4.074827873418162,332.31779999596256,2.3665057965885508
dma_hardened2,xilinx_u280_xdma_201920_3,3,2,6,96,256,Send/recv,205.43550000411415,3.828121235055531,387.81920000019454,2.027831525617106
dma_hardened2,xilinx_u280_xdma_201920_3,3,2,6,96,256,Send/recv,207.62479999802963,3.787755605339359,396.35870000438445,1.9841421419317922
dma_hardened2,xilinx_u280_xdma_201920_3,3,2,6,96,256,Send/recv,213.4211999987201,3.684882289129272,360.417799993229,2.182000999991605
dma_hardened2,xilinx_u280_xdma_201920_3,3,2,6,96,256,Send/recv,195.3740999965703,4.02526230454193,391.5140000003703,2.008694452814602
dma_hardened2,xilinx_u280_xdma_201920_3,3,2,6,96,256,Send/recv,200.94510000490118,3.9136659713564472,359.5557000039662,2.1872327430529537
dma_hardened2,xilinx_u280_xdma_201920_3,3,2,6,96,256,Send/recv,214.7000999912052,3.6629326210477533,371.7429999937849,2.1155260489455032
dma_hardened2,xilinx_u280_xdma_201920_3,3,2,6,96,256,Send/recv,198.37159999269716,3.9644384580703673,382.2415000058754,2.057421813141461
dma_hardened2,xilinx_u280_xdma_201920_3,3,2,6,96,256,Send/recv,210.4344000031233,3.737183654328036,362.9817999922125,2.1665879667158863
dma_hardened2,xilinx_u280_xdma_201920_3,3,2,6,96,256,Send/recv,198.40740000063306,3.9637231272497435,380.2209000014045,2.068355527003105
dma_hardened2,xilinx_u280_xdma_201920_3,3,2,6,96,256,Send/recv,192.17860000253495,4.092193407536669,406.3631000008172,1.9352938295785678
dma_hardened2,xilinx_u280_xdma_201920_3,3,2,6,96,256,Send/recv,191.5334000045732,4.105978382784531,399.8126999931628,1.9670010482744764
dma_hardened2,xilinx_u280_xdma_201920_3,3,2,6,96,256,Send/recv,199.1286000020409,3.9493673936940232,387.704100000974,2.028433539903303
dma_hardened2,xilinx_u280_xdma_201920_3,3,2,6,96,256,Send/recv,199.38010000259965,3.9443856231878005,354.83990000102494,2.2163009289477547
dma_hardened2,xilinx_u280_xdma_201920_3,3,2,6,96,256,Send/recv,207.11339999479605,3.7971082509376988,342.7722000083122,2.2943284198103844
dma_hardened2,xilinx_u280_xdma_201920_3,3,2,6,192,256,Send/recv,220.7752000003893,7.12427845155265,418.96860000179004,3.7541333646322896
dma_hardened2,xilinx_u280_xdma_201920_3,3,2,6,192,256,Send/recv,223.6345999904188,7.033187172590406,416.25889999750143,3.778571461197445
dma_hardened2,xilinx_u280_xdma_201920_3,3,2,6,192,256,Send/recv,231.1501999997745,6.804510660174789,427.7526000009857,3.6770413552047976
dma_hardened2,xilinx_u280_xdma_201920_3,3,2,6,192,256,Send/recv,224.43369999791685,7.008145389995349,393.83609999958935,3.993701948606641
dma_hardened2,xilinx_u280_xdma_201920_3,3,2,6,192,256,Send/recv,211.6605999958665,7.431066528351126,400.0881000024492,3.9312941324432575
dma_hardened2,xilinx_u280_xdma_201920_3,3,2,6,192,256,Send/recv,301.5725999944152,5.21554013869008,392.6718999991863,4.0055425407401435
dma_hardened2,xilinx_u280_xdma_201920_3,3,2,6,192,256,Send/recv,210.1460000062616,7.484624974794354,441.4539999970657,3.562917087647761
dma_hardened2,xilinx_u280_xdma_201920_3,3,2,6,192,256,Send/recv,217.16749999995955,7.242630688294947,366.2261000044964,4.294789475629096
dma_hardened2,xilinx_u280_xdma_201920_3,3,2,6,192,256,Send/recv,225.3905999964445,6.9783921779560085,429.91889999939303,3.658513268437886
dma_hardened2,xilinx_u280_xdma_201920_3,3,2,6,192,256,Send/recv,228.76570000107677,6.875436308819883,429.7381000014866,3.6600524831160164
dma_hardened2,xilinx_u280_xdma_201920_3,3,2,6,192,256,Send/recv,228.90860000188695,6.871144203350308,396.1556000035671,3.9703187333104406
dma_hardened2,xilinx_u280_xdma_201920_3,3,2,6,192,256,Send/recv,222.55110000060085,7.067428559084873,380.15559999848847,4.137421624214543
dma_hardened2,xilinx_u280_xdma_201920_3,3,2,6,192,256,Send/recv,225.41409999803363,6.9776646625642345,414.2660000070464,3.796748948678498
dma_hardened2,xilinx_u280_xdma_201920_3,3,2,6,192,256,Send/recv,225.96439999915674,6.960671681051837,383.00339999750577,4.10665806102568
dma_hardened2,xilinx_u280_xdma_201920_3,3,2,6,192,256,Send/recv,223.69719999915105,7.031218987121739,403.7192999930994,3.8959346259316416
dma_hardened2,xilinx_u280_xdma_201920_3,3,2,6,192,256,Send/recv,223.2253999977729,7.046079881660834,449.07989999956044,3.5024146037298474
dma_hardened2,xilinx_u280_xdma_201920_3,3,2,6,192,256,Send/recv,223.42830000070535,7.039681186291237,401.31920000021637,3.919234365061906
dma_hardened2,xilinx_u280_xdma_201920_3,3,2,6,192,256,Send/recv,250.00650000492894,6.2912924262728795,410.6331999992108,3.8303381217179298
dma_hardened2,xilinx_u280_xdma_201920_3,3,2,6,192,256,Send/recv,223.77469999810273,7.028783861684701,410.9529999936967,3.827357386426489
dma_hardened2,xilinx_u280_xdma_201920_3,3,2,6,192,256,Send/recv,221.54989999307872,7.099366779443984,431.73069999511426,3.643159960637035
dma_hardened2,xilinx_u280_xdma_201920_3,3,2,6,384,256,Send/recv,266.9198000035067,11.785292810644517,527.3205999969832,5.965494236367775
dma_hardened2,xilinx_u280_xdma_201920_3,3,2,6,384,256,Send/recv,255.05749999865657,12.33340717295735,511.55699999299037,6.149320603653365
dma_hardened2,xilinx_u280_xdma_201920_3,3,2,6,384,256,Send/recv,281.0971000030804,11.19089453418597,549.9921000023278,5.719587608597807
dma_hardened2,xilinx_u280_xdma_201920_3,3,2,6,384,256,Send/recv,256.74820000176624,12.252191057146106,489.12790000485984,6.431299461692422
dma_hardened2,xilinx_u280_xdma_201920_3,3,2,6,384,256,Send/recv,277.2879999952238,11.344623640598165,529.4392999985575,5.941621636339748
dma_hardened2,xilinx_u280_xdma_201920_3,3,2,6,384,256,Send/recv,278.141300009338,11.309819864559447,531.9951999922523,5.913075907537912
dma_hardened2,xilinx_u280_xdma_201920_3,3,2,6,384,256,Send/recv,267.4422000040977,11.762272371195728,545.9668999947098,5.761755886722219
dma_hardened2,xilinx_u280_xdma_201920_3,3,2,6,384,256,Send/recv,250.9372999952575,12.535912357626593,517.5280999992538,6.078371396653701
dma_hardened2,xilinx_u280_xdma_201920_3,3,2,6,384,256,Send/recv,252.78679999019005,12.44419408023709,541.7908000026728,5.806167251242512
dma_hardened2,xilinx_u280_xdma_201920_3,3,2,6,384,256,Send/recv,248.30370000472612,12.668872835725466,542.7705999977661,5.795686059659361
dma_hardened2,xilinx_u280_xdma_201920_3,3,2,6,384,256,Send/recv,277.8192999926432,11.322928248985225,523.3972000041831,6.010211747359096
dma_hardened2,xilinx_u280_xdma_201920_3,3,2,6,384,256,Send/recv,285.70200000785917,11.010521452119573,553.7903999993432,5.680358489428006
dma_hardened2,xilinx_u280_xdma_201920_3,3,2,6,384,256,Send/recv,249.84489999724246,12.590723284864808,528.0757000036829,5.956964124609524
dma_hardened2,xilinx_u280_xdma_201920_3,3,2,6,384,256,Send/recv,262.3916999937137,11.988671898064474,530.7191000042621,5.927293741594634
dma_hardened2,xilinx_u280_xdma_201920_3,3,2,6,384,256,Send/recv,258.72280000385217,12.158681028317423,518.4452999969835,6.067617933884834
dma_hardened2,xilinx_u280_xdma_201920_3,3,2,6,384,256,Send/recv,258.4314000046106,12.172390816069091,530.3530999981376,5.931384204242506
dma_hardened2,xilinx_u280_xdma_201920_3,3,2,6,384,256,Send/recv,303.5167999996702,10.364263197303801,482.9636999943432,6.5133839252035814
dma_hardened2,xilinx_u280_xdma_201920_3,3,2,6,384,256,Send/recv,293.95830000567,10.701272935444663,521.7968000010842,6.028645633690095
dma_hardened2,xilinx_u280_xdma_201920_3,3,2,6,384,256,Send/recv,259.56900000210226,12.119043491227853,562.082300007205,5.596561215252067
dma_hardened2,xilinx_u280_xdma_201920_3,3,2,6,384,256,Send/recv,262.4421000064103,11.986369564651264,553.3367000111866,5.685016012739447
dma_hardened2,xilinx_u280_xdma_201920_3,3,2,6,768,256,Send/recv,321.5124000007563,19.568315250003423,705.0904000038827,8.922906906639708
dma_hardened2,xilinx_u280_xdma_201920_3,3,2,6,768,256,Send/recv,406.6818000069361,15.47021774737079,706.067599992366,8.910557572770685
dma_hardened2,xilinx_u280_xdma_201920_3,3,2,6,768,256,Send/recv,383.39669999913895,16.409781304883765,658.0374999998639,9.560938396369966
dma_hardened2,xilinx_u280_xdma_201920_3,3,2,6,768,256,Send/recv,358.009400008541,17.57343801545408,612.690500008739,10.268571162618422
dma_hardened2,xilinx_u280_xdma_201920_3,3,2,6,768,256,Send/recv,345.33470000042144,18.218429830516083,675.9490000035839,9.307589773735359
dma_hardened2,xilinx_u280_xdma_201920_3,3,2,6,768,256,Send/recv,390.6493000044975,16.105125492167954,680.0214000008964,9.251850015296146
dma_hardened2,xilinx_u280_xdma_201920_3,3,2,6,768,256,Send/recv,385.69749999624037,16.311892091759283,696.058300002278,9.038691155581954
dma_hardened2,xilinx_u280_xdma_201920_3,3,2,6,768,256,Send/recv,369.17120000907744,17.042109459907223,680.5106000001615,9.24519911960006
dma_hardened2,xilinx_u280_xdma_201920_3,3,2,6,768,256,Send/recv,337.52759999288173,18.63982678789137,684.6304999953645,9.189564297884184
dma_hardened2,xilinx_u280_xdma_201920_3,3,2,6,768,256,Send/recv,406.1042999978781,15.492217147252251,641.5007999976297,9.80740164318306
dma_hardened2,xilinx_u280_xdma_201920_3,3,2,6,768,256,Send/recv,323.455600005218,19.45075614674319,654.5429000084368,9.611984179981029
dma_hardened2,xilinx_u280_xdma_201920_3,3,2,6,768,256,Send/recv,379.3952000023637,16.582856082419607,656.4928999978292,9.583433423302527
dma_hardened2,xilinx_u280_xdma_201920_3,3,2,6,768,256,Send/recv,349.9078999993799,17.98031996422816,652.0821999970394,9.648256002124524
dma_hardened2,xilinx_u280_xdma_201920_3,3,2,6,768,256,Send/recv,353.2975999974042,17.80780848793263,633.3229000006213,9.934041544990443
dma_hardened2,xilinx_u280_xdma_201920_3,3,2,6,768,256,Send/recv,370.88469999844165,16.963374331770588,674.8063000031834,9.323351011942716
dma_hardened2,xilinx_u280_xdma_201920_3,3,2,6,768,256,Send/recv,312.2532999896066,20.148565284047958,650.8599999961007,9.666373720980998
dma_hardened2,xilinx_u280_xdma_201920_3,3,2,6,768,256,Send/recv,354.3551000007028,17.754664741632116,650.6551000029503,9.669417791348247
dma_hardened2,xilinx_u280_xdma_201920_3,3,2,6,768,256,Send/recv,323.31860001022505,19.458998027954564,704.3310000085512,8.932527462121667
dma_hardened2,xilinx_u280_xdma_201920_3,3,2,6,768,256,Send/recv,367.01299999322146,17.14232465911616,688.2759999939481,9.140891154210404
dma_hardened2,xilinx_u280_xdma_201920_3,3,2,6,768,256,Send/recv,303.62659999809694,20.72103037098671,670.0359999967986,9.389728313150428
dma_hardened2,xilinx_u280_xdma_201920_3,3,2,6,1536,256,Send/recv,507.6654999925268,24.785832403787985,932.4047999939467,13.495117142341707
dma_hardened2,xilinx_u280_xdma_201920_3,3,2,6,1536,256,Send/recv,533.7091999990662,23.576344571204725,932.2463999978936,13.497410126795266
dma_hardened2,xilinx_u280_xdma_201920_3,3,2,6,1536,256,Send/recv,490.77569999553816,25.638824416356385,957.8076000025249,13.137202085227587
dma_hardened2,xilinx_u280_xdma_201920_3,3,2,6,1536,256,Send/recv,506.600599999274,24.837933472676568,967.919700008224,12.999954438258762
dma_hardened2,xilinx_u280_xdma_201920_3,3,2,6,1536,256,Send/recv,488.4027999992214,25.763390381914398,998.3842999986338,12.603275111615055
dma_hardened2,xilinx_u280_xdma_201920_3,3,2,6,1536,256,Send/recv,514.6537999962675,24.44927444447366,919.1127000008237,13.690281942561258
dma_hardened2,xilinx_u280_xdma_201920_3,3,2,6,1536,256,Send/recv,549.6089000075699,22.89430174770949,940.7861999989109,13.374890065367207
dma_hardened2,xilinx_u280_xdma_201920_3,3,2,6,1536,256,Send/recv,508.63549998894086,24.738564257260034,919.7180999990451,13.681270380579729
dma_hardened2,xilinx_u280_xdma_201920_3,3,2,6,1536,256,Send/recv,512.0654000052127,24.57286120068239,930.6094000066878,13.52115291325187
dma_hardened2,xilinx_u280_xdma_201920_3,3,2,6,1536,256,Send/recv,535.6231999940064,23.492096683154877,931.5226000012444,13.507897714970298
dma_hardened2,xilinx_u280_xdma_201920_3,3,2,6,1536,256,Send/recv,514.7710999949595,24.44370323066545,975.1607999987755,12.903422697072935
dma_hardened2,xilinx_u280_xdma_201920_3,3,2,6,1536,256,Send/recv,471.39289999904577,26.693045228355096,1008.9855000046555,12.470855131160896
dma_hardened2,xilinx_u280_xdma_201920_3,3,2,6,1536,256,Send/recv,534.522400005244,23.5404765073953,919.6223999992981,13.682694114464377
dma_hardened2,xilinx_u280_xdma_201920_3,3,2,6,1536,256,Send/recv,528.5516999947504,23.80639774713614,1050.8358000038243,11.974194255614632
dma_hardened2,xilinx_u280_xdma_201920_3,3,2,6,1536,256,Send/recv,449.7276999927635,27.97895704490177,955.8185000059893,13.164541175883448
dma_hardened2,xilinx_u280_xdma_201920_3,3,2,6,1536,256,Send/recv,509.071600004063,24.717371780118107,982.7851000068222,12.803319871162733
dma_hardened2,xilinx_u280_xdma_201920_3,3,2,6,1536,256,Send/recv,499.4453999984216,25.193768928575107,944.1459000072427,13.327296130718222
dma_hardened2,xilinx_u280_xdma_201920_3,3,2,6,1536,256,Send/recv,476.30990000016027,26.41748995768462,954.6217999968576,13.181044053300921
dma_hardened2,xilinx_u280_xdma_201920_3,3,2,6,1536,256,Send/recv,518.8278000105129,24.252578600732335,938.5363999967922,13.406951504537284
dma_hardened2,xilinx_u280_xdma_201920_3,3,2,6,1536,256,Send/recv,530.8409000008396,23.70373496085192,973.572400005196,12.924474851518845
dma_hardened2,xilinx_u280_xdma_201920_3,3,2,6,3072,256,Send/recv,768.5180000066794,32.74591356322335,1676.484100005382,15.011072279134178
dma_hardened2,xilinx_u280_xdma_201920_3,3,2,6,3072,256,Send/recv,745.8827000050405,33.73965370135269,1667.314400003761,15.093628412219815
dma_hardened2,xilinx_u280_xdma_201920_3,3,2,6,3072,256,Send/recv,717.2480999997788,35.086637385317246,1611.29709999841,15.618363615266754
dma_hardened2,xilinx_u280_xdma_201920_3,3,2,6,3072,256,Send/recv,749.3797000051927,33.58220672354164,1642.601300000024,15.320713553556564
dma_hardened2,xilinx_u280_xdma_201920_3,3,2,6,3072,256,Send/recv,728.8274000075035,34.52919580100983,1651.0610000068482,15.242213340328199
dma_hardened2,xilinx_u280_xdma_201920_3,3,2,6,3072,256,Send/recv,815.7590999985587,30.849578018859326,1645.7998000078078,15.2909387884727
dma_hardened2,xilinx_u280_xdma_201920_3,3,2,6,3072,256,Send/recv,807.0130999954017,31.18391014983944,1631.0590999978558,15.42913067958916
dma_hardened2,xilinx_u280_xdma_201920_3,3,2,6,3072,256,Send/recv,750.9187000096063,33.51338034287608,1664.8190999944745,15.116251369343086
dma_hardened2,xilinx_u280_xdma_201920_3,3,2,6,3072,256,Send/recv,759.2605000013464,33.145177445626864,1642.1953999952166,15.324500360963928
dma_hardened2,xilinx_u280_xdma_201920_3,3,2,6,3072,256,Send/recv,739.1575999918132,34.04662821606479,1682.0911999957389,14.961034217445373
dma_hardened2,xilinx_u280_xdma_201920_3,3,2,6,3072,256,Send/recv,772.1435000007659,32.59215935894693,1663.32250000778,15.129852448868027
dma_hardened2,xilinx_u280_xdma_201920_3,3,2,6,3072,256,Send/recv,754.5009000068603,33.354266376317355,1905.3235000001223,13.208163338140944
dma_hardened2,xilinx_u280_xdma_201920_3,3,2,6,3072,256,Send/recv,742.60650000042,33.888504881098896,1653.6859999973785,15.218018414644554
dma_hardened2,xilinx_u280_xdma_201920_3,3,2,6,3072,256,Send/recv,707.8106999983902,35.55445544982187,1664.869199998975,15.115796484201578
dma_hardened2,xilinx_u280_xdma_201920_3,3,2,6,3072,256,Send/recv,740.1027000014437,34.00315118422201,1673.6422999997558,15.036560679664747
dma_hardened2,xilinx_u280_xdma_201920_3,3,2,6,3072,256,Send/recv,798.3072999991236,31.5239808029159,1715.6240999952388,14.668611848055667
dma_hardened2,xilinx_u280_xdma_201920_3,3,2,6,3072,256,Send/recv,768.6702999990302,32.73942547283503,1722.7987000069334,14.607524372928028
dma_hardened2,xilinx_u280_xdma_201920_3,3,2,6,3072,256,Send/recv,781.0555999981261,32.22027215483811,1653.1785000097443,15.222690108691628
dma_hardened2,xilinx_u280_xdma_201920_3,3,2,6,3072,256,Send/recv,739.8115000000871,34.01653529310782,1611.5010000021357,15.616387454904867
dma_hardened2,xilinx_u280_xdma_201920_3,3,2,6,3072,256,Send/recv,752.9045999945083,33.42498372328122,1674.226299996917,15.031315659087626
dma_hardened2,xilinx_u280_xdma_201920_3,3,2,6,6144,256,Send/recv,1241.9224999916878,40.52720520027367,2841.115700005048,17.71545171494092
dma_hardened2,xilinx_u280_xdma_201920_3,3,2,6,6144,256,Send/recv,1235.444499991445,40.739707854418825,2852.7381000003516,17.64327682236017
dma_hardened2,xilinx_u280_xdma_201920_3,3,2,6,6144,256,Send/recv,1132.032900000013,44.46129436697416,2864.257400005954,17.572320141302725
dma_hardened2,xilinx_u280_xdma_201920_3,3,2,6,6144,256,Send/recv,1236.8531999982224,40.693307823492994,2913.5285000052136,17.275152105054037
dma_hardened2,xilinx_u280_xdma_201920_3,3,2,6,6144,256,Send/recv,1131.6733999933604,44.475418438124734,2828.5098000083053,17.794404671976817
dma_hardened2,xilinx_u280_xdma_201920_3,3,2,6,6144,256,Send/recv,1203.9710000067316,41.804701275793676,2887.9470999982004,17.42817519061598
dma_hardened2,xilinx_u280_xdma_201920_3,3,2,6,6144,256,Send/recv,1200.12110000971,41.93880767498611,2871.534899998096,17.527785575593516
dma_hardened2,xilinx_u280_xdma_201920_3,3,2,6,6144,256,Send/recv,1259.6153999993476,39.95794906923659,2837.0894999966367,17.740592251340562
dma_hardened2,xilinx_u280_xdma_201920_3,3,2,6,6144,256,Send/recv,1232.7006000077745,40.83039141838867,2976.4920000047823,16.909720570362403
dma_hardened2,xilinx_u280_xdma_201920_3,3,2,6,6144,256,Send/recv,1168.7241999993603,43.06546232210093,2889.544999993632,17.418537520651498
dma_hardened2,xilinx_u280_xdma_201920_3,3,2,6,6144,256,Send/recv,1187.4851000015951,42.385077505336604,2842.960399993899,17.703956762854666
dma_hardened2,xilinx_u280_xdma_201920_3,3,2,6,6144,256,Send/recv,1187.6628999971217,42.378732214437264,2853.542999991987,17.63830017635667
dma_hardened2,xilinx_u280_xdma_201920_3,3,2,6,6144,256,Send/recv,1249.562700002116,40.27940974863828,2846.5977999985626,17.681334539085714
dma_hardened2,xilinx_u280_xdma_201920_3,3,2,6,6144,256,Send/recv,1180.203100000199,42.646598708299884,2887.643199994727,17.43000935852875
dma_hardened2,xilinx_u280_xdma_201920_3,3,2,6,6144,256,Send/recv,1210.9235000025365,41.56468017995734,2832.568700000593,17.76890636403257
dma_hardened2,xilinx_u280_xdma_201920_3,3,2,6,6144,256,Send/recv,1215.7190000039009,41.40072500293119,2778.560300009758,18.114290339433424
dma_hardened2,xilinx_u280_xdma_201920_3,3,2,6,6144,256,Send/recv,1224.862000003668,41.09168869623621,2845.1266000047326,17.690477464136844
dma_hardened2,xilinx_u280_xdma_201920_3,3,2,6,6144,256,Send/recv,1179.4301000009,42.67454934375644,2829.715699999724,17.786821481749882
dma_hardened2,xilinx_u280_xdma_201920_3,3,2,6,6144,256,Send/recv,1207.3697000005268,41.687022624452176,2786.02220000721,18.06577420663401
dma_hardened2,xilinx_u280_xdma_201920_3,3,2,6,6144,256,Send/recv,1204.571899995699,41.78384702497188,2896.4007000013225,17.377308326150114
dma_hardened2,xilinx_u280_xdma_201920_3,3,2,6,12288,256,Send/recv,2251.7610000022614,44.70425413705048,4864.316399994095,20.694232801164457
dma_hardened2,xilinx_u280_xdma_201920_3,3,2,6,12288,256,Send/recv,2252.1631000017805,44.696272663343265,4873.769300002095,20.65409538361956
dma_hardened2,xilinx_u280_xdma_201920_3,3,2,6,12288,256,Send/recv,2306.140200005302,43.650119797473096,4927.405000000817,20.429271797220505
dma_hardened2,xilinx_u280_xdma_201920_3,3,2,6,12288,256,Send/recv,2241.516000003685,44.90857794449583,4948.044200000368,20.344057557123786
dma_hardened2,xilinx_u280_xdma_201920_3,3,2,6,12288,256,Send/recv,2223.7115000052654,45.26814562040159,4855.917099996532,20.73002770168212
dma_hardened2,xilinx_u280_xdma_201920_3,3,2,6,12288,256,Send/recv,2217.80450000324,45.388714830298596,4837.22270000726,20.810142977260263
dma_hardened2,xilinx_u280_xdma_201920_3,3,2,6,12288,256,Send/recv,2227.9088000004776,45.18286206328482,4901.05640000138,20.539101733245033
dma_hardened2,xilinx_u280_xdma_201920_3,3,2,6,12288,256,Send/recv,2205.266800001482,45.64676528025196,4915.277399993556,20.479677505105197
dma_hardened2,xilinx_u280_xdma_201920_3,3,2,6,12288,256,Send/recv,2148.9313000074617,46.843422123196994,4902.4848000044585,20.533117410156674
dma_hardened2,xilinx_u280_xdma_201920_3,3,2,6,12288,256,Send/recv,2233.339699989756,45.072989120491485,4862.482600003659,20.702037267942977
dma_hardened2,xilinx_u280_xdma_201920_3,3,2,6,12288,256,Send/recv,2212.3240000041733,45.50115444203024,4900.689900000543,20.540637757959107
dma_hardened2,xilinx_u280_xdma_201920_3,3,2,6,12288,256,Send/recv,2197.9521000048408,45.798675958306056,4881.8552000057025,20.619885653282466
dma_hardened2,xilinx_u280_xdma_201920_3,3,2,6,12288,256,Send/recv,2199.7573000021475,45.76109191677724,4929.88470000455,20.41899600611493
dma_hardened2,xilinx_u280_xdma_201920_3,3,2,6,12288,256,Send/recv,2228.72599999846,45.1662950044418,4921.456699992177,20.45396355923644
dma_hardened2,xilinx_u280_xdma_201920_3,3,2,6,12288,256,Send/recv,2223.195100009434,45.27866042866541,4857.347699999082,20.723922234354156
dma_hardened2,xilinx_u280_xdma_201920_3,3,2,6,12288,256,Send/recv,2245.5272999991394,44.82835546022468,4916.606599999795,20.474140843402882
dma_hardened2,xilinx_u280_xdma_201920_3,3,2,6,12288,256,Send/recv,2224.1457000063747,45.259308326658406,4913.45169999704,20.487287175339617
dma_hardened2,xilinx_u280_xdma_201920_3,3,2,6,12288,256,Send/recv,2245.225800004391,44.8343752329067,4915.052499995909,20.480614601793935
dma_hardened2,xilinx_u280_xdma_201920_3,3,2,6,12288,256,Send/recv,2246.8147000040517,44.80266930771748,4895.341399992503,20.56307982935657
dma_hardened2,xilinx_u280_xdma_201920_3,3,2,6,12288,256,Send/recv,2238.7173999959487,44.96471774426829,4908.278400000654,20.5088806698468
dma_hardened2,xilinx_u280_xdma_201920_3,3,2,6,24576,256,Send/recv,3891.501300006439,51.73494147353025,8760.492099997919,22.981196684150635
dma_hardened2,xilinx_u280_xdma_201920_3,3,2,6,24576,256,Send/recv,3879.9879999942277,51.88845738705881,8752.277299993239,23.00276660568736
dma_hardened2,xilinx_u280_xdma_201920_3,3,2,6,24576,256,Send/recv,3907.1077000016885,51.52829342275694,8768.572700000732,22.960018567215986
dma_hardened2,xilinx_u280_xdma_201920_3,3,2,6,24576,256,Send/recv,3891.1190000021634,51.74002439912222,8761.008500005119,22.979842103780904
dma_hardened2,xilinx_u280_xdma_201920_3,3,2,6,24576,256,Send/recv,3910.0671000028337,51.489293367843764,8651.934200008782,23.269547288026722
dma_hardened2,xilinx_u280_xdma_201920_3,3,2,6,24576,256,Send/recv,3874.4629999996505,51.96245053831155,8753.964999993968,22.99833184164418
dma_hardened2,xilinx_u280_xdma_201920_3,3,2,6,24576,256,Send/recv,3864.7210000021914,52.09343494650347,8725.735999996687,23.072734724048086
dma_hardened2,xilinx_u280_xdma_201920_3,3,2,6,24576,256,Send/recv,3878.0448000011347,51.91445751218271,8735.690599996815,23.04644260181026
dma_hardened2,xilinx_u280_xdma_201920_3,3,2,6,24576,256,Send/recv,3857.52089999869,52.19066784578364,8693.385099991247,23.158595838599478
dma_hardened2,xilinx_u280_xdma_201920_3,3,2,6,24576,256,Send/recv,3857.4713000002703,52.19133892194762,8788.471000002573,22.90803394582983
dma_hardened2,xilinx_u280_xdma_201920_3,3,2,6,24576,256,Send/recv,3856.1956999956237,52.20860341715242,8760.010599996804,22.982459861415403
dma_hardened2,xilinx_u280_xdma_201920_3,3,2,6,24576,256,Send/recv,3876.043499997195,51.94126226915299,8718.692499996905,23.091374308713316
dma_hardened2,xilinx_u280_xdma_201920_3,3,2,6,24576,256,Send/recv,3895.643100008783,51.67993751777366,8741.563099999894,23.030960218087593
dma_hardened2,xilinx_u280_xdma_201920_3,3,2,6,24576,256,Send/recv,3878.1038999900375,51.91366636683385,8719.236599995384,23.08993335495754
dma_hardened2,xilinx_u280_xdma_201920_3,3,2,6,24576,256,Send/recv,3855.5367000071783,52.21752706948041,8739.217400000143,23.037141975664397
dma_hardened2,xilinx_u280_xdma_201920_3,3,2,6,24576,256,Send/recv,3885.976899994148,51.80848913443186,8736.952300000667,23.04311447368033
dma_hardened2,xilinx_u280_xdma_201920_3,3,2,6,24576,256,Send/recv,3854.4018000038704,52.232902132776566,8759.820399995988,22.982958874372837
dma_hardened2,xilinx_u280_xdma_201920_3,3,2,6,24576,256,Send/recv,3861.058799998318,52.14284537704727,8777.24430000626,22.937334899047578
dma_hardened2,xilinx_u280_xdma_201920_3,3,2,6,24576,256,Send/recv,3859.9059000034686,52.15841971686903,8778.667700005371,22.93361576949505
dma_hardened2,xilinx_u280_xdma_201920_3,3,2,6,24576,256,Send/recv,3900.507399998787,51.61548776963289,8809.065599996302,22.854477550954385
experiment,board_instance,number of nodes,rank id,number of banks,buffer size[KB],segment_size[KB],collective name,execution_time[us],throughput[Gbps],execution_time_fullpath[us],throughput_fullpath[Gbps]
dma_hardened2,xilinx_u280_xdma_201920_3,3,2,6,1,256,Broadcast,188.41969999812136,0.08695481417369498,312.1082000006936,0.05249461564919983
dma_hardened2,xilinx_u280_xdma_201920_3,3,2,6,1,256,Broadcast,186.47660000397082,0.08786088978269188,366.03880000711797,0.04476028224243276
dma_hardened2,xilinx_u280_xdma_201920_3,3,2,6,1,256,Broadcast,182.88719999191017,0.08958527442447985,283.6010000009992,0.05777130546063757
dma_hardened2,xilinx_u280_xdma_201920_3,3,2,6,1,256,Broadcast,175.32159999973373,0.09345112068350325,345.58629999992263,0.047409286768612266
dma_hardened2,xilinx_u280_xdma_201920_3,3,2,6,1,256,Broadcast,180.07529999977123,0.090984160515189,329.00940000217815,0.04979796929781195
dma_hardened2,xilinx_u280_xdma_201920_3,3,2,6,1,256,Broadcast,184.9952999918969,0.08856441218083727,354.05339999670105,0.04627550533380744
dma_hardened2,xilinx_u280_xdma_201920_3,3,2,6,1,256,Broadcast,181.8463999939013,0.09009801679081622,350.74660000873337,0.04671178565834152
dma_hardened2,xilinx_u280_xdma_201920_3,3,2,6,1,256,Broadcast,180.50099999982194,0.09076958022402182,362.8881000054207,0.045148904027867705
dma_hardened2,xilinx_u280_xdma_201920_3,3,2,6,1,256,Broadcast,181.00649999723828,0.09051608644026585,345.8383999941361,0.04737472761925165
dma_hardened2,xilinx_u280_xdma_201920_3,3,2,6,1,256,Broadcast,178.176400004304,0.0919538165526087,292.25299999779963,0.05606101562729332
dma_hardened2,xilinx_u280_xdma_201920_3,3,2,6,1,256,Broadcast,178.34980000088763,0.09186441476199278,326.7453000034948,0.050143031896173446
dma_hardened2,xilinx_u280_xdma_201920_3,3,2,6,1,256,Broadcast,188.4547000031489,0.08693866483418157,316.584100005457,0.05175244113560216
dma_hardened2,xilinx_u280_xdma_201920_3,3,2,6,1,256,Broadcast,175.0944000036725,0.09357238152480238,296.1007999942922,0.0553325083901017
dma_hardened2,xilinx_u280_xdma_201920_3,3,2,6,1,256,Broadcast,180.44439999584938,0.090798051922791,320.90639999751147,0.051055385620626614
dma_hardened2,xilinx_u280_xdma_201920_3,3,2,6,1,256,Broadcast,181.14900000227863,0.09044488238849736,284.9238999942827,0.05750307362888393
dma_hardened2,xilinx_u280_xdma_201920_3,3,2,6,1,256,Broadcast,156.54459999723258,0.10466026934362245,350.9144999952696,0.04668943574637372
dma_hardened2,xilinx_u280_xdma_201920_3,3,2,6,1,256,Broadcast,179.12929999965854,0.09146465709423993,284.22739999314217,0.05764398506405544
dma_hardened2,xilinx_u280_xdma_201920_3,3,2,6,1,256,Broadcast,179.2071000068063,0.0914249491196372,290.0323000062599,0.056490259876732264
dma_hardened2,xilinx_u280_xdma_201920_3,3,2,6,1,256,Broadcast,180.29289999503817,0.09087434946384967,334.2019000001528,0.04902425749223002
dma_hardened2,xilinx_u280_xdma_201920_3,3,2,6,1,256,Broadcast,178.59649999536487,0.09173752005456555,329.2498999940108,0.04976159446152613
dma_hardened2,xilinx_u280_xdma_201920_3,3,2,6,6,256,Broadcast,193.19550000318486,0.5088317274386797,362.9595999996127,0.27084006043676734
dma_hardened2,xilinx_u280_xdma_201920_3,3,2,6,6,256,Broadcast,182.03629999788973,0.5400241600226966,304.11819999471845,0.3232427391774226
dma_hardened2,xilinx_u280_xdma_201920_3,3,2,6,6,256,Broadcast,179.95639999526247,0.5462656510276264,309.08950000139157,0.3180438028453164
dma_hardened2,xilinx_u280_xdma_201920_3,3,2,6,6,256,Broadcast,178.71800000648363,0.5500509181863812,306.6849999981969,0.32053735918149884
dma_hardened2,xilinx_u280_xdma_201920_3,3,2,6,6,256,Broadcast,192.80330000128743,0.5098667916957002,321.1071999999149,0.3061407529947197
dma_hardened2,xilinx_u280_xdma_201920_3,3,2,6,6,256,Broadcast,179.26880000231904,0.5483608971484627,331.3441000045714,0.2966825122241312
dma_hardened2,xilinx_u280_xdma_201920_3,3,2,6,6,256,Broadcast,182.5400000029731,0.5385340199320635,330.0591999959579,0.2978374788559261
dma_hardened2,xilinx_u280_xdma_201920_3,3,2,6,6,256,Broadcast,179.3282999983603,0.5481789544700911,360.2346999969086,0.2728887583590465
dma_hardened2,xilinx_u280_xdma_201920_3,3,2,6,6,256,Broadcast,169.3090999992819,0.5806185255276707,293.35479999872405,0.3351027493002589
dma_hardened2,xilinx_u280_xdma_201920_3,3,2,6,6,256,Broadcast,188.5136000055354,0.5214690080562541,340.44489999587313,0.2887515718437599
dma_hardened2,xilinx_u280_xdma_201920_3,3,2,6,6,256,Broadcast,178.2812999977068,0.5513982678007422,291.84240000859063,0.3368393351929203
dma_hardened2,xilinx_u280_xdma_201920_3,3,2,6,6,256,Broadcast,166.79359999898224,0.5893751319031416,298.8496000057239,0.3289413805409717
dma_hardened2,xilinx_u280_xdma_201920_3,3,2,6,6,256,Broadcast,190.02380000756602,0.5173246719415457,396.83059999333636,0.24772283186238847
dma_hardened2,xilinx_u280_xdma_201920_3,3,2,6,6,256,Broadcast,176.18460000221603,0.5579602303422861,305.01700000513665,0.3222902329979788
dma_hardened2,xilinx_u280_xdma_201920_3,3,2,6,6,256,Broadcast,191.6101000006165,0.5130418490449288,302.43190000192044,0.32504507626138573
dma_hardened2,xilinx_u280_xdma_201920_3,3,2,6,6,256,Broadcast,175.59049999817944,0.5598480555668971,384.81099999216895,0.2554604728087308
dma_hardened2,xilinx_u280_xdma_201920_3,3,2,6,6,256,Broadcast,194.01850000804188,0.506673332676654,291.81979999748364,0.33686542174604905
dma_hardened2,xilinx_u280_xdma_201920_3,3,2,6,6,256,Broadcast,179.74879999655968,0.5468965578734406,304.56649999450747,0.32276694909575676
dma_hardened2,xilinx_u280_xdma_201920_3,3,2,6,6,256,Broadcast,175.7488999942325,0.5593434724383823,310.8253000050354,0.3162676912027672
dma_hardened2,xilinx_u280_xdma_201920_3,3,2,6,6,256,Broadcast,190.40690000338145,0.5162838111342299,290.8595000008063,0.3379776146205556
dma_hardened2,xilinx_u280_xdma_201920_3,3,2,6,12,256,Broadcast,171.87050000302406,1.1439310410834942,313.18249999685577,0.6277745404100609
dma_hardened2,xilinx_u280_xdma_201920_3,3,2,6,12,256,Broadcast,174.11170000514176,1.129206136027584,319.071800004167,0.6161873283613041
dma_hardened2,xilinx_u280_xdma_201920_3,3,2,6,12,256,Broadcast,179.7071000055439,1.09404692410002,322.1522999979243,0.6102951926814331
dma_hardened2,xilinx_u280_xdma_201920_3,3,2,6,12,256,Broadcast,177.05690000866525,1.1104226945709426,306.4874999950007,0.6414878257782357
dma_hardened2,xilinx_u280_xdma_201920_3,3,2,6,12,256,Broadcast,186.68449999950099,1.0531565287987248,293.8012999948114,0.6691869641266807
dma_hardened2,xilinx_u280_xdma_201920_3,3,2,6,12,256,Broadcast,178.04090000481665,1.104285588281575,352.5910999996995,0.557609083156573
dma_hardened2,xilinx_u280_xdma_201920_3,3,2,6,12,256,Broadcast,179.25390000073094,1.0968129563663513,332.3722999994061,0.5915294385252662
dma_hardened2,xilinx_u280_xdma_201920_3,3,2,6,12,256,Broadcast,177.05599999544575,1.1104283390851322,317.5671000008151,0.6191069540877986
dma_hardened2,xilinx_u280_xdma_201920_3,3,2,6,12,256,Broadcast,177.4642999976095,1.107873527253923,333.5609000032491,0.5894216018666604
dma_hardened2,xilinx_u280_xdma_201920_3,3,2,6,12,256,Broadcast,181.98230000052718,1.0803688050949485,289.90060000069207,0.6781910765259908
dma_hardened2,xilinx_u280_xdma_201920_3,3,2,6,12,256,Broadcast,175.90820000350504,1.1176738776025366,306.72429999185624,0.6409925786943522
dma_hardened2,xilinx_u280_xdma_201920_3,3,2,6,12,256,Broadcast,168.76490000186095,1.1649815808727528,282.0885999994971,0.6969725114745883
dma_hardened2,xilinx_u280_xdma_201920_3,3,2,6,12,256,Broadcast,172.3343999969984,1.1408517394288336,341.9235000023946,0.575005812699692
dma_hardened2,xilinx_u280_xdma_201920_3,3,2,6,12,256,Broadcast,180.2514000019073,1.090743261899323,298.3669000059308,0.6589470882865758
dma_hardened2,xilinx_u280_xdma_201920_3,3,2,6,12,256,Broadcast,170.0862000006964,1.1559315217765755,318.1360000098721,0.6179998491019534
dma_hardened2,xilinx_u280_xdma_201920_3,3,2,6,12,256,Broadcast,178.80240000067715,1.0995825559346821,304.31780000981234,0.6460614528419324
dma_hardened2,xilinx_u280_xdma_201920_3,3,2,6,12,256,Broadcast,175.80069999212355,1.118357321721749,318.6360999961835,0.6170298971219987
dma_hardened2,xilinx_u280_xdma_201920_3,3,2,6,12,256,Broadcast,175.7343999997829,1.1187792486857604,298.7062999977752,0.6581983707791377
dma_hardened2,xilinx_u280_xdma_201920_3,3,2,6,12,256,Broadcast,179.11940000203685,1.0976365485690789,341.85239999260375,0.5751254050117939
dma_hardened2,xilinx_u280_xdma_201920_3,3,2,6,12,256,Broadcast,175.94879999478508,1.1174159755896445,364.33740000347825,0.539631671077751
dma_hardened2,xilinx_u280_xdma_201920_3,3,2,6,24,256,Broadcast,180.29289999503817,2.1809843871323924,334.4116999983271,1.1758440269941726
dma_hardened2,xilinx_u280_xdma_201920_3,3,2,6,24,256,Broadcast,168.20189999862123,2.3377619396880966,285.83409999782816,1.3756791089761082
dma_hardened2,xilinx_u280_xdma_201920_3,3,2,6,24,256,Broadcast,177.61670000027152,2.2138458827317415,285.93849999651866,1.375176829999414
dma_hardened2,xilinx_u280_xdma_201920_3,3,2,6,24,256,Broadcast,167.9438999985905,2.34135327334485,304.49529999714287,1.2913696861780448
dma_hardened2,xilinx_u280_xdma_201920_3,3,2,6,24,256,Broadcast,178.44999999852007,2.2035079854483666,306.5918999936912,1.2825387755126318
dma_hardened2,xilinx_u280_xdma_201920_3,3,2,6,24,256,Broadcast,184.42759999288683,2.132088689627615,321.46250000550936,1.2232095500820808
dma_hardened2,xilinx_u280_xdma_201920_3,3,2,6,24,256,Broadcast,165.9044999996695,2.3701346256477875,316.57700000096156,1.2420864434207337
dma_hardened2,xilinx_u280_xdma_201920_3,3,2,6,24,256,Broadcast,178.32139999427454,2.20509708881057,331.2194999921303,1.18717647967388
dma_hardened2,xilinx_u280_xdma_201920_3,3,2,6,24,256,Broadcast,177.01709999755622,2.2213447175749037,324.824400001944,1.210549453789945
dma_hardened2,xilinx_u280_xdma_201920_3,3,2,6,24,256,Broadcast,173.2548999939354,2.2695808315595354,311.3575000043056,1.262908393067655
dma_hardened2,xilinx_u280_xdma_201920_3,3,2,6,24,256,Broadcast,198.16640000271946,1.9842718038709077,286.7111999989902,1.3714706645620574
dma_hardened2,xilinx_u280_xdma_201920_3,3,2,6,24,256,Broadcast,182.55339999768694,2.153977959353166,333.95309999377787,1.1774587509663073
dma_hardened2,xilinx_u280_xdma_201920_3,3,2,6,24,256,Broadcast,177.20920000101614,2.2189367143339354,315.2268999997432,1.2474062334157405
dma_hardened2,xilinx_u280_xdma_201920_3,3,2,6,24,256,Broadcast,183.7034000004678,2.1404938612948845,307.83979999569056,1.2773397072292296
dma_hardened2,xilinx_u280_xdma_201920_3,3,2,6,24,256,Broadcast,177.68150000847527,2.2130384985563714,319.8291999979119,1.2294562222666574
dma_hardened2,xilinx_u280_xdma_201920_3,3,2,6,24,256,Broadcast,171.2816000008388,2.295728204302589,285.1354999961586,1.3790496097655234
dma_hardened2,xilinx_u280_xdma_201920_3,3,2,6,24,256,Broadcast,178.53470000090965,2.2024626024968623,297.3971999949754,1.3221913320187397
dma_hardened2,xilinx_u280_xdma_201920_3,3,2,6,24,256,Broadcast,177.20260000260168,2.2190193597285073,335.6100000019069,1.1716456601345782
dma_hardened2,xilinx_u280_xdma_201920_3,3,2,6,24,256,Broadcast,201.10829999566704,1.9552450098204401,324.4521999931749,1.2119381530107414
dma_hardened2,xilinx_u280_xdma_201920_3,3,2,6,24,256,Broadcast,182.17140000160725,2.158494692342106,337.46240000027683,1.1652142579430402
dma_hardened2,xilinx_u280_xdma_201920_3,3,2,6,48,256,Broadcast,184.1527000010501,4.270542870104622,354.44279999410355,2.218783961793223
dma_hardened2,xilinx_u280_xdma_201920_3,3,2,6,48,256,Broadcast,187.75610000147935,4.188582954129339,408.6411000002954,1.9245053911597032
dma_hardened2,xilinx_u280_xdma_201920_3,3,2,6,48,256,Broadcast,189.1156999931809,4.158470185332878,330.74579999947673,2.377753549708701
dma_hardened2,xilinx_u280_xdma_201920_3,3,2,6,48,256,Broadcast,173.1754999923396,4.541242843443719,301.55900000181646,2.6078876770226156
dma_hardened2,xilinx_u280_xdma_201920_3,3,2,6,48,256,Broadcast,181.8150999952195,4.325449316479642,310.3958999986389,2.533641713706426
dma_hardened2,xilinx_u280_xdma_201920_3,3,2,6,48,256,Broadcast,179.33230000153344,4.385333818800492,334.4141000070522,2.351671176494698
dma_hardened2,xilinx_u280_xdma_201920_3,3,2,6,48,256,Broadcast,183.96880000182136,4.27481181587429,306.0429000015574,2.5696789567606304
dma_hardened2,xilinx_u280_xdma_201920_3,3,2,6,48,256,Broadcast,179.91309999842997,4.371176973810483,318.9456000086466,2.4657245623663715
dma_hardened2,xilinx_u280_xdma_201920_3,3,2,6,48,256,Broadcast,185.26119999933144,4.244990316390253,291.5399999892543,2.697509775773433
dma_hardened2,xilinx_u280_xdma_201920_3,3,2,6,48,256,Broadcast,185.54279999989376,4.23854765585326,322.6073000064389,2.437737769679433
dma_hardened2,xilinx_u280_xdma_201920_3,3,2,6,48,256,Broadcast,209.42209999930128,3.755248371602729,311.66029999667444,2.5233627767424713
dma_hardened2,xilinx_u280_xdma_201920_3,3,2,6,48,256,Broadcast,187.20820000908134,4.200841629596624,329.1750999892429,2.389099297078363
dma_hardened2,xilinx_u280_xdma_201920_3,3,2,6,48,256,Broadcast,211.41739999848141,3.7198073574154673,366.28569999948013,2.147045325550837
dma_hardened2,xilinx_u280_xdma_201920_3,3,2,6,48,256,Broadcast,185.51609999803986,4.239157679620849,314.4564000081118,2.5009254064465307
dma_hardened2,xilinx_u280_xdma_201920_3,3,2,6,48,256,Broadcast,210.0517000030777,3.74399255035059,339.62489999339596,2.3155899347052946
dma_hardened2,xilinx_u280_xdma_201920_3,3,2,6,48,256,Broadcast,188.84200000002238,4.164497304624537,353.20720000981964,2.226545778166855
dma_hardened2,xilinx_u280_xdma_201920_3,3,2,6,48,256,Broadcast,185.68210000466934,4.235367867878614,341.83100000291233,2.30064564066249
dma_hardened2,xilinx_u280_xdma_201920_3,3,2,6,48,256,Broadcast,179.00990000043748,4.393231882695192,331.25209999980143,2.374119288603669
dma_hardened2,xilinx_u280_xdma_201920_3,3,2,6,48,256,Broadcast,178.58859999932974,4.403595750249185,349.5489999977508,2.2498476608574487
dma_hardened2,xilinx_u280_xdma_201920_3,3,2,6,48,256,Broadcast,183.79030000232888,4.278963579634152,355.2054000010685,2.2140203949535517
dma_hardened2,xilinx_u280_xdma_201920_3,3,2,6,96,256,Broadcast,198.999700000968,7.903851111294887,371.6422000024977,4.232199680201627
dma_hardened2,xilinx_u280_xdma_201920_3,3,2,6,96,256,Broadcast,201.58370000444847,7.802535621507546,360.10039999609944,4.367848522292775
dma_hardened2,xilinx_u280_xdma_201920_3,3,2,6,96,256,Broadcast,233.0325000002631,6.749547809847228,356.02950000566125,4.4177912222863265
dma_hardened2,xilinx_u280_xdma_201920_3,3,2,6,96,256,Broadcast,205.06630000909354,7.670026717848093,351.44420000960963,4.475430238874315
dma_hardened2,xilinx_u280_xdma_201920_3,3,2,6,96,256,Broadcast,204.64689999926122,7.685745545159384,344.712100002198,4.562833738618316
dma_hardened2,xilinx_u280_xdma_201920_3,3,2,6,96,256,Broadcast,193.65140000218162,8.122141125663335,347.57949999857374,4.5251920783776205
dma_hardened2,xilinx_u280_xdma_201920_3,3,2,6,96,256,Broadcast,196.02570000643027,8.023764230651414,367.7863999996589,4.276569226054739
dma_hardened2,xilinx_u280_xdma_201920_3,3,2,6,96,256,Broadcast,227.26550000697898,6.920821681916964,345.1763000043684,4.556697548412491
dma_hardened2,xilinx_u280_xdma_201920_3,3,2,6,96,256,Broadcast,197.97649999873101,7.9447005074343755,354.8185999989073,4.432867950002745
dma_hardened2,xilinx_u280_xdma_201920_3,3,2,6,96,256,Broadcast,199.25880000073448,7.8935735836721,374.60679999412605,4.198706483770884
dma_hardened2,xilinx_u280_xdma_201920_3,3,2,6,96,256,Broadcast,229.2463999992833,6.861019409704655,348.044099996514,4.519151452404318
dma_hardened2,xilinx_u280_xdma_201920_3,3,2,6,96,256,Broadcast,207.55400000780355,7.578095338759378,392.4096999980975,4.008218960967646
dma_hardened2,xilinx_u280_xdma_201920_3,3,2,6,96,256,Broadcast,195.67959999449158,8.037955924093653,364.7415999921577,4.31226928881657
dma_hardened2,xilinx_u280_xdma_201920_3,3,2,6,96,256,Broadcast,198.96560000915997,7.905205723640612,355.4415999929006,4.425098244075582
dma_hardened2,xilinx_u280_xdma_201920_3,3,2,6,96,256,Broadcast,201.60930000656663,7.801544868955798,364.52620000773095,4.314817425926154
dma_hardened2,xilinx_u280_xdma_201920_3,3,2,6,96,256,Broadcast,204.92560000775484,7.675292886493827,384.65369999585164,4.0890390499739455
dma_hardened2,xilinx_u280_xdma_201920_3,3,2,6,96,256,Broadcast,199.1497999938474,7.897893947413417,353.9304000014454,4.443992378144338
dma_hardened2,xilinx_u280_xdma_201920_3,3,2,6,96,256,Broadcast,192.0875999985583,8.188264104563778,328.96469999741385,4.781254645292838
dma_hardened2,xilinx_u280_xdma_201920_3,3,2,6,96,256,Broadcast,191.14599999738857,8.228600127763533,345.8753000018078,4.54748864689609
dma_hardened2,xilinx_u280_xdma_201920_3,3,2,6,96,256,Broadcast,208.2213999983651,7.553805708790498,354.9683999949593,4.430997238126929
dma_hardened2,xilinx_u280_xdma_201920_3,3,2,6,192,256,Broadcast,274.4326999959412,11.462657329270616,419.0036000068176,7.507639552378108
dma_hardened2,xilinx_u280_xdma_201920_3,3,2,6,192,256,Broadcast,242.5165000090601,12.971191650392775,397.4501000016062,7.914774710051117
dma_hardened2,xilinx_u280_xdma_201920_3,3,2,6,192,256,Broadcast,230.1414000044133,13.668674996935259,437.8320000000713,7.1847832045156315
dma_hardened2,xilinx_u280_xdma_201920_3,3,2,6,192,256,Broadcast,233.22849999658501,13.487751282738003,438.4049000009327,7.175394253105537
dma_hardened2,xilinx_u280_xdma_201920_3,3,2,6,192,256,Broadcast,240.8564999996088,13.060590019389593,440.6011000014587,7.139628112570726
dma_hardened2,xilinx_u280_xdma_201920_3,3,2,6,192,256,Broadcast,227.67550000253323,13.816717213600054,412.56199999679666,7.624861233037519
dma_hardened2,xilinx_u280_xdma_201920_3,3,2,6,192,256,Broadcast,245.80560000231344,12.79762544047163,430.161200006296,7.3129050224751975
dma_hardened2,xilinx_u280_xdma_201920_3,3,2,6,192,256,Broadcast,259.9789999976565,12.099931148394125,418.6101000072995,7.514696850231628
dma_hardened2,xilinx_u280_xdma_201920_3,3,2,6,192,256,Broadcast,263.15900000781767,11.953716194036875,443.6761999954797,7.090143667909277
dma_hardened2,xilinx_u280_xdma_201920_3,3,2,6,192,256,Broadcast,247.8977000009763,12.689621565620056,438.25029999879916,7.177925491456867
dma_hardened2,xilinx_u280_xdma_201920_3,3,2,6,192,256,Broadcast,235.32120000027135,13.367805365587005,427.11920000328973,7.364988509005849
dma_hardened2,xilinx_u280_xdma_201920_3,3,2,6,192,256,Broadcast,287.89489999780926,10.926654136714257,420.98870000017996,7.472238566020075
dma_hardened2,xilinx_u280_xdma_201920_3,3,2,6,192,256,Broadcast,237.58810000344965,13.240259086857995,439.4095999941783,7.15898787837516
dma_hardened2,xilinx_u280_xdma_201920_3,3,2,6,192,256,Broadcast,276.4374999969732,11.379527017985778,453.61969999930807,6.9347252775944215
dma_hardened2,xilinx_u280_xdma_201920_3,3,2,6,192,256,Broadcast,232.62489999069658,13.522748425150565,402.843999995639,7.808799436094503
dma_hardened2,xilinx_u280_xdma_201920_3,3,2,6,192,256,Broadcast,231.83989999324695,13.568535873642238,398.5886999998911,7.892165533044111
dma_hardened2,xilinx_u280_xdma_201920_3,3,2,6,192,256,Broadcast,231.3962000016545,13.59455341089226,408.7178999952812,7.696575070571459
dma_hardened2,xilinx_u280_xdma_201920_3,3,2,6,192,256,Broadcast,257.4385999992046,12.21933307596343,439.8002000016277,7.152629762306515
dma_hardened2,xilinx_u280_xdma_201920_3,3,2,6,192,256,Broadcast,244.47570000347696,12.867242020189577,451.82019999856493,6.9623447557457405
dma_hardened2,xilinx_u280_xdma_201920_3,3,2,6,192,256,Broadcast,244.64939999688792,12.858106335188296,414.2376000004333,7.594018505313641
dma_hardened2,xilinx_u280_xdma_201920_3,3,2,6,384,256,Broadcast,295.21160000740565,21.31168287371558,588.5114000079739,10.690457313001508
dma_hardened2,xilinx_u280_xdma_201920_3,3,2,6,384,256,Broadcast,331.05750000004264,19.004118619874767,609.7888999988754,10.317432803403936
dma_hardened2,xilinx_u280_xdma_201920_3,3,2,6,384,256,Broadcast,347.9475999938586,18.0816191866564,571.9712999962212,10.999600854171469
dma_hardened2,xilinx_u280_xdma_201920_3,3,2,6,384,256,Broadcast,344.38940000427465,18.268436833194947,547.2080000004098,11.497375769351487
dma_hardened2,xilinx_u280_xdma_201920_3,3,2,6,384,256,Broadcast,362.7149999942958,17.34545304191705,547.7839000036511,11.485288267796967
dma_hardened2,xilinx_u280_xdma_201920_3,3,2,6,384,256,Broadcast,310.2951999949255,20.275711645242623,556.4110000022993,11.307209958059785
dma_hardened2,xilinx_u280_xdma_201920_3,3,2,6,384,256,Broadcast,298.1292999947982,21.103111972254233,574.9444000002768,10.942720722207177
dma_hardened2,xilinx_u280_xdma_201920_3,3,2,6,384,256,Broadcast,341.7488999957641,18.409586687998065,576.7730999991727,10.90802605046772
dma_hardened2,xilinx_u280_xdma_201920_3,3,2,6,384,256,Broadcast,363.66919999863967,17.299941815318796,558.2755999967048,11.269444697273416
dma_hardened2,xilinx_u280_xdma_201920_3,3,2,6,384,256,Broadcast,326.5166999995017,19.268404954507997,556.8462000042018,11.298372871993246
dma_hardened2,xilinx_u280_xdma_201920_3,3,2,6,384,256,Broadcast,350.21249999545034,17.96468144364274,532.8457000018716,11.807275539575343
dma_hardened2,xilinx_u280_xdma_201920_3,3,2,6,384,256,Broadcast,311.52150000934853,20.195896590800952,594.1749000044183,10.588559025218359
dma_hardened2,xilinx_u280_xdma_201920_3,3,2,6,384,256,Broadcast,347.6733999946191,18.095879639044497,500.3667000096357,12.57369045517786
dma_hardened2,xilinx_u280_xdma_201920_3,3,2,6,384,256,Broadcast,332.00969999143126,18.94961502679703,557.7253999945242,11.2805620831717
dma_hardened2,xilinx_u280_xdma_201920_3,3,2,6,384,256,Broadcast,373.6814000035338,16.83641733289509,552.7448000066215,11.382207485126287
dma_hardened2,xilinx_u280_xdma_201920_3,3,2,6,384,256,Broadcast,349.21579999718233,18.015954604719383,584.7807999998622,10.758656918971147
dma_hardened2,xilinx_u280_xdma_201920_3,3,2,6,384,256,Broadcast,301.0021000022789,20.90170135009811,562.9078999959347,11.176705816431848
dma_hardened2,xilinx_u280_xdma_201920_3,3,2,6,384,256,Broadcast,339.0056999933222,18.558555210499204,587.7118999933373,10.705000188138653
dma_hardened2,xilinx_u280_xdma_201920_3,3,2,6,384,256,Broadcast,300.1794999931917,20.958979544381595,579.0788000012981,10.864593903257893
dma_hardened2,xilinx_u280_xdma_201920_3,3,2,6,384,256,Broadcast,320.0495999976738,19.657753048420396,595.8820000046217,10.558224614858652
dma_hardened2,xilinx_u280_xdma_201920_3,3,2,6,768,256,Broadcast,492.8859999949964,25.52905134276027,841.2791000068864,14.956881729139594
dma_hardened2,xilinx_u280_xdma_201920_3,3,2,6,768,256,Broadcast,489.1464000024825,25.724224894502218,813.8114000075802,15.461705254906478
dma_hardened2,xilinx_u280_xdma_201920_3,3,2,6,768,256,Broadcast,523.5853999920437,24.032205634823292,774.2820999965261,16.251069216318516
dma_hardened2,xilinx_u280_xdma_201920_3,3,2,6,768,256,Broadcast,489.66040000095745,25.697221992988194,821.2173999936567,15.322266673961359
dma_hardened2,xilinx_u280_xdma_201920_3,3,2,6,768,256,Broadcast,482.25660000298376,26.09173622491045,797.2260000087772,15.783368831249188
dma_hardened2,xilinx_u280_xdma_201920_3,3,2,6,768,256,Broadcast,515.8166000001074,24.3941586990364,828.4506999984842,15.188486170659306
dma_hardened2,xilinx_u280_xdma_201920_3,3,2,6,768,256,Broadcast,515.3503999963505,24.41622631919779,784.5879000001332,16.03760649380122
dma_hardened2,xilinx_u280_xdma_201920_3,3,2,6,768,256,Broadcast,493.7943999948402,25.482087281936536,813.1790999982513,15.473727743404938
dma_hardened2,xilinx_u280_xdma_201920_3,3,2,6,768,256,Broadcast,457.94939999268536,27.47664261641348,813.3685000075275,15.470124549799445
dma_hardened2,xilinx_u280_xdma_201920_3,3,2,6,768,256,Broadcast,479.534800001602,26.23983076923294,765.3530999959912,16.44066248646005
dma_hardened2,xilinx_u280_xdma_201920_3,3,2,6,768,256,Broadcast,525.8497999989231,23.92871880910817,812.4371000008068,15.48785992169425
dma_hardened2,xilinx_u280_xdma_201920_3,3,2,6,768,256,Broadcast,510.63150000345564,24.641864044648337,813.1090999995649,15.475059865898356
dma_hardened2,xilinx_u280_xdma_201920_3,3,2,6,768,256,Broadcast,522.6515000003928,24.075147588767166,821.0810000036872,15.324812046489315
dma_hardened2,xilinx_u280_xdma_201920_3,3,2,6,768,256,Broadcast,470.05349999835744,26.76910606993453,807.1456000038779,15.589395519147407
dma_hardened2,xilinx_u280_xdma_201920_3,3,2,6,768,256,Broadcast,467.0795000038197,26.939550975577173,784.7603000072922,16.034083273431484
dma_hardened2,xilinx_u280_xdma_201920_3,3,2,6,768,256,Broadcast,515.0848999960544,24.428811638812135,774.4135000052665,16.248311786809538
dma_hardened2,xilinx_u280_xdma_201920_3,3,2,6,768,256,Broadcast,529.9631000070804,23.74299644603915,788.5359000056269,15.957310250440353
dma_hardened2,xilinx_u280_xdma_201920_3,3,2,6,768,256,Broadcast,523.4421999944061,24.038780213239342,806.9551000062347,15.59307574845587
dma_hardened2,xilinx_u280_xdma_201920_3,3,2,6,768,256,Broadcast,504.008900009012,24.96565437589497,801.6710999982024,15.695853324422217
dma_hardened2,xilinx_u280_xdma_201920_3,3,2,6,768,256,Broadcast,514.3984000028468,24.461413565692204,755.7278000035694,16.650058393962176
dma_hardened2,xilinx_u280_xdma_201920_3,3,2,6,1536,256,Broadcast,814.0997999930732,30.91245569672677,1113.6293999925329,22.598024082489868
dma_hardened2,xilinx_u280_xdma_201920_3,3,2,6,1536,256,Broadcast,759.5724999987397,33.13156281993063,1262.7725000015744,19.929024428365857
dma_hardened2,xilinx_u280_xdma_201920_3,3,2,6,1536,256,Broadcast,744.6198000025106,33.79687727873359,1289.8625999923752,19.510468789581747
dma_hardened2,xilinx_u280_xdma_201920_3,3,2,6,1536,256,Broadcast,745.9316999984367,33.73743735526019,1293.5652999999547,19.454622043433666
dma_hardened2,xilinx_u280_xdma_201920_3,3,2,6,1536,256,Broadcast,721.0966999991797,34.899374799563816,1165.5804000042735,21.590809179622212
dma_hardened2,xilinx_u280_xdma_201920_3,3,2,6,1536,256,Broadcast,780.3504000094108,32.24938950463344,1302.2467000041615,19.32492821822438
dma_hardened2,xilinx_u280_xdma_201920_3,3,2,6,1536,256,Broadcast,759.5984999966277,33.13042877271575,1127.4470999978803,22.321068545076137
dma_hardened2,xilinx_u280_xdma_201920_3,3,2,6,1536,256,Broadcast,726.5415999995639,34.63782940992657,1304.843200000505,19.286473654451555
dma_hardened2,xilinx_u280_xdma_201920_3,3,2,6,1536,256,Broadcast,731.564599993817,34.40000240609332,1278.658399996857,19.681428597396973
dma_hardened2,xilinx_u280_xdma_201920_3,3,2,6,1536,256,Broadcast,753.3115000001089,33.40692927161786,1259.4874000001255,19.981004970750398
dma_hardened2,xilinx_u280_xdma_201920_3,3,2,6,1536,256,Broadcast,702.5681999948574,35.81975956239438,1214.283299998442,20.72483744117397
dma_hardened2,xilinx_u280_xdma_201920_3,3,2,6,1536,256,Broadcast,735.3794999971797,34.221546834112885,1266.600600001766,19.868792103813085
dma_hardened2,xilinx_u280_xdma_201920_3,3,2,6,1536,256,Broadcast,731.9492999954491,34.38192235467193,1218.5709999926075,20.651914414632113
dma_hardened2,xilinx_u280_xdma_201920_3,3,2,6,1536,256,Broadcast,729.9266000018179,34.477198118190685,1136.7542000016329,22.138316269219725
dma_hardened2,xilinx_u280_xdma_201920_3,3,2,6,1536,256,Broadcast,726.0892999966018,34.65940621920441,1220.3392999936113,20.621989310785736
dma_hardened2,xilinx_u280_xdma_201920_3,3,2,6,1536,256,Broadcast,740.8109999914814,33.97064028515962,1196.55739999871,21.031856892136666
dma_hardened2,xilinx_u280_xdma_201920_3,3,2,6,1536,256,Broadcast,726.0720999965997,34.66022726960291,1237.8769999941142,20.329825984423056
dma_hardened2,xilinx_u280_xdma_201920_3,3,2,6,1536,256,Broadcast,726.4168999995491,34.64377549588345,1251.5376000010292,20.107924843791594
dma_hardened2,xilinx_u280_xdma_201920_3,3,2,6,1536,256,Broadcast,743.251300002612,33.8591052580891,1189.2213999999512,21.16159699110782
dma_hardened2,xilinx_u280_xdma_201920_3,3,2,6,1536,256,Broadcast,725.1665000012508,34.703511538324776,1231.6929000007804,20.431898243453425
dma_hardened2,xilinx_u280_xdma_201920_3,3,2,6,3072,256,Broadcast,1144.2970999951285,43.9847728358433,2202.468999996654,22.85237522075292
dma_hardened2,xilinx_u280_xdma_201920_3,3,2,6,3072,256,Broadcast,1164.264200008347,43.23043515349794,2224.288299998989,22.62820336735255
dma_hardened2,xilinx_u280_xdma_201920_3,3,2,6,3072,256,Broadcast,1207.0761000018138,41.69716225838981,2245.1052999940657,22.4183907989229
dma_hardened2,xilinx_u280_xdma_201920_3,3,2,6,3072,256,Broadcast,1207.2957999976097,41.68957433638023,2167.1544000014364,23.22476331172649
dma_hardened2,xilinx_u280_xdma_201920_3,3,2,6,3072,256,Broadcast,1217.517999998563,41.3395514481588,2149.055900008534,23.4203530954221
dma_hardened2,xilinx_u280_xdma_201920_3,3,2,6,3072,256,Broadcast,1243.6909000030028,40.46957970013167,2243.046199998844,22.438970717600885
dma_hardened2,xilinx_u280_xdma_201920_3,3,2,6,3072,256,Broadcast,1173.6190999954488,42.885846012726944,2195.3083999960654,22.92691450553836
dma_hardened2,xilinx_u280_xdma_201920_3,3,2,6,3072,256,Broadcast,1168.4029999969425,43.07730123949674,2210.3458999936265,22.770937345211504
dma_hardened2,xilinx_u280_xdma_201920_3,3,2,6,3072,256,Broadcast,1161.6901000024882,43.32622615953446,2245.749999997315,22.41195502618732
dma_hardened2,xilinx_u280_xdma_201920_3,3,2,6,3072,256,Broadcast,1233.1601000028058,40.815177201958996,2218.1777000014335,22.69053917545356
dma_hardened2,xilinx_u280_xdma_201920_3,3,2,6,3072,256,Broadcast,1213.626700007353,41.4721001109279,2195.4468999979326,22.92546815869124
dma_hardened2,xilinx_u280_xdma_201920_3,3,2,6,3072,256,Broadcast,1156.518299990239,43.519975430068676,2184.1531999939434,23.044009916584407
dma_hardened2,xilinx_u280_xdma_201920_3,3,2,6,3072,256,Broadcast,1221.1289000106262,41.21730965466628,2241.274699997575,22.456706444798783
dma_hardened2,xilinx_u280_xdma_201920_3,3,2,6,3072,256,Broadcast,1160.5470000063178,43.36890104384054,2303.651500005799,21.84863812945374
dma_hardened2,xilinx_u280_xdma_201920_3,3,2,6,3072,256,Broadcast,1161.569500004589,43.3307245066276,2258.305299994845,22.28735326446557
dma_hardened2,xilinx_u280_xdma_201920_3,3,2,6,3072,256,Broadcast,1171.7323999960172,42.95489994146367,2185.9663999975965,23.024895533643765
dma_hardened2,xilinx_u280_xdma_201920_3,3,2,6,3072,256,Broadcast,1138.6454999978923,44.203088669909256,2209.0028999969036,22.78478131471468
dma_hardened2,xilinx_u280_xdma_201920_3,3,2,6,3072,256,Broadcast,1223.7591999905817,41.12871878747662,2270.453800008454,22.16810049154605
dma_hardened2,xilinx_u280_xdma_201920_3,3,2,6,3072,256,Broadcast,1170.152899999266,43.012881479020024,2237.7992000087943,22.491583695177926
dma_hardened2,xilinx_u280_xdma_201920_3,3,2,6,3072,256,Broadcast,1177.1177000014177,42.75838176585008,2215.509400002702,22.717867051224705
dma_hardened2,xilinx_u280_xdma_201920_3,3,2,6,6144,256,Broadcast,2282.1568000040315,44.10884300317234,3775.895199999013,26.659451777164342
dma_hardened2,xilinx_u280_xdma_201920_3,3,2,6,6144,256,Broadcast,2263.144299990927,44.47939797758524,3740.655700005391,26.910601796325423
dma_hardened2,xilinx_u280_xdma_201920_3,3,2,6,6144,256,Broadcast,2254.509500005497,44.64975463609914,3734.5285000014883,26.954753725928157
dma_hardened2,xilinx_u280_xdma_201920_3,3,2,6,6144,256,Broadcast,2280.9569999935775,44.1320445761509,3768.385599994417,26.712578458040262
dma_hardened2,xilinx_u280_xdma_201920_3,3,2,6,6144,256,Broadcast,2274.969199993393,44.24820169006787,3759.6620000044823,26.774560053504807
dma_hardened2,xilinx_u280_xdma_201920_3,3,2,6,6144,256,Broadcast,2259.46829999657,44.55176290818191,3781.3827000036326,26.620763880869106
dma_hardened2,xilinx_u280_xdma_201920_3,3,2,6,6144,256,Broadcast,2250.7444999973814,44.72444384518862,4029.689899994082,24.9804075495109
dma_hardened2,xilinx_u280_xdma_201920_3,3,2,6,6144,256,Broadcast,2229.798300004404,45.1445747356616,3730.781299998398,26.981827104162665
dma_hardened2,xilinx_u280_xdma_201920_3,3,2,6,6144,256,Broadcast,2234.1745000062474,45.056147583690766,3741.2484000014956,26.906338536612473
dma_hardened2,xilinx_u280_xdma_201920_3,3,2,6,6144,256,Broadcast,2243.2984000033684,44.872896089012876,3791.019300001608,26.55309510029593
dma_hardened2,xilinx_u280_xdma_201920_3,3,2,6,6144,256,Broadcast,2247.298600002523,44.79302216442754,3750.466700000743,26.840205246984343
dma_hardened2,xilinx_u280_xdma_201920_3,3,2,6,6144,256,Broadcast,2260.132500009604,44.538670188394825,3775.5701000037334,26.66174732125897
dma_hardened2,xilinx_u280_xdma_201920_3,3,2,6,6144,256,Broadcast,2228.7346999974034,45.1661186951131,3761.645600002339,26.760441228152224
dma_hardened2,xilinx_u280_xdma_201920_3,3,2,6,6144,256,Broadcast,2275.2117000095495,44.24348556205891,3730.818899998667,26.981555175469914
dma_hardened2,xilinx_u280_xdma_201920_3,3,2,6,6144,256,Broadcast,2231.5566999964176,45.10900215986518,3786.8153999966125,26.582572786645486
dma_hardened2,xilinx_u280_xdma_201920_3,3,2,6,6144,256,Broadcast,2225.2299000001585,45.23725660885324,3751.3472000000547,26.83390543002752
dma_hardened2,xilinx_u280_xdma_201920_3,3,2,6,6144,256,Broadcast,2291.662899995117,43.92587408916665,3723.652399992261,27.03348357655758
dma_hardened2,xilinx_u280_xdma_201920_3,3,2,6,6144,256,Broadcast,2280.921099998068,44.13273918158996,3670.6323999965207,27.423965418083114
dma_hardened2,xilinx_u280_xdma_201920_3,3,2,6,6144,256,Broadcast,2274.458199997298,44.25814288436674,3746.6991999963284,26.86719446282174
dma_hardened2,xilinx_u280_xdma_201920_3,3,2,6,6144,256,Broadcast,2244.8789999998553,44.84130146881257,3763.310499994077,26.748602327700155
dma_hardened2,xilinx_u280_xdma_201920_3,3,2,6,12288,256,Broadcast,3917.5132999957896,51.39142526975374,6556.226899999729,30.707691339969998
dma_hardened2,xilinx_u280_xdma_201920_3,3,2,6,12288,256,Broadcast,3917.0678000004955,51.39727017234028,6543.86930000328,30.765680482019878
dma_hardened2,xilinx_u280_xdma_201920_3,3,2,6,12288,256,Broadcast,3928.139899994676,51.2523986226338,6583.2003000082295,30.581872467065647
dma_hardened2,xilinx_u280_xdma_201920_3,3,2,6,12288,256,Broadcast,3941.5351000002374,51.07821873766591,6589.2727000004925,30.55368948381586
dma_hardened2,xilinx_u280_xdma_201920_3,3,2,6,12288,256,Broadcast,3964.1265000000208,50.7871259910598,6578.543499995249,30.603520672949173
dma_hardened2,xilinx_u280_xdma_201920_3,3,2,6,12288,256,Broadcast,3956.1617000003935,50.889373910065395,6568.0729000064275,30.65230777201072
dma_hardened2,xilinx_u280_xdma_201920_3,3,2,6,12288,256,Broadcast,3929.9936000020357,51.22822388308615,6539.306899992425,30.78714534719776
dma_hardened2,xilinx_u280_xdma_201920_3,3,2,6,12288,256,Broadcast,3922.7837999987973,51.32237774614592,6596.732700006669,30.519137451150094
dma_hardened2,xilinx_u280_xdma_201920_3,3,2,6,12288,256,Broadcast,3955.9686999950827,50.891856652013004,6506.282099996952,30.943415748925847
dma_hardened2,xilinx_u280_xdma_201920_3,3,2,6,12288,256,Broadcast,3950.583599998936,50.96122810818488,6558.350299997073,30.6977490970694
dma_hardened2,xilinx_u280_xdma_201920_3,3,2,6,12288,256,Broadcast,3933.334800001376,51.1847076938199,6519.360100003269,30.881342480207383
dma_hardened2,xilinx_u280_xdma_201920_3,3,2,6,12288,256,Broadcast,3970.7419000023947,50.70251279738896,6569.679300002917,30.64481275363176
dma_hardened2,xilinx_u280_xdma_201920_3,3,2,6,12288,256,Broadcast,3929.1471000069578,51.23926055088228,6632.176100004017,30.356038344620863
dma_hardened2,xilinx_u280_xdma_201920_3,3,2,6,12288,256,Broadcast,3930.634799996824,51.21986708105334,6486.047400005646,31.039950771840605
dma_hardened2,xilinx_u280_xdma_201920_3,3,2,6,12288,256,Broadcast,3947.5587999959316,51.00027693069638,6537.165600002481,30.79722991871639
dma_hardened2,xilinx_u280_xdma_201920_3,3,2,6,12288,256,Broadcast,3948.0596000089463,50.993807692149275,6598.421099999996,30.511328232749516
dma_hardened2,xilinx_u280_xdma_201920_3,3,2,6,12288,256,Broadcast,3920.648500002244,51.35032941613735,6577.465999998822,30.60853404639964
dma_hardened2,xilinx_u280_xdma_201920_3,3,2,6,12288,256,Broadcast,3930.67190000238,51.21938363766208,6530.195599998478,30.830101321933896
dma_hardened2,xilinx_u280_xdma_201920_3,3,2,6,12288,256,Broadcast,3930.1316999967635,51.22642378629851,6579.335300000366,30.599837646211586
dma_hardened2,xilinx_u280_xdma_201920_3,3,2,6,12288,256,Broadcast,3932.5430000076267,51.19501350642817,6554.184800006624,30.717258994558183
dma_hardened2,xilinx_u280_xdma_201920_3,3,2,6,24576,256,Broadcast,7243.276799999876,55.589920849084066,12002.539499997056,33.54733254575824
dma_hardened2,xilinx_u280_xdma_201920_3,3,2,6,24576,256,Broadcast,7234.48889999645,55.657447204072376,12036.297999998169,33.45324151994752
dma_hardened2,xilinx_u280_xdma_201920_3,3,2,6,24576,256,Broadcast,7243.837700002587,55.585616447460744,12012.845799995375,33.5185509498636
dma_hardened2,xilinx_u280_xdma_201920_3,3,2,6,24576,256,Broadcast,7268.141999998079,55.39974095169115,12026.391099993816,33.48079907364787
dma_hardened2,xilinx_u280_xdma_201920_3,3,2,6,24576,256,Broadcast,7221.626199998354,55.75658069924635,12031.49550000262,33.46659473877643
dma_hardened2,xilinx_u280_xdma_201920_3,3,2,6,24576,256,Broadcast,7232.08340000383,55.675959710280274,12030.604699998548,33.469072755756706
dma_hardened2,xilinx_u280_xdma_201920_3,3,2,6,24576,256,Broadcast,7243.1111000014425,55.591192574682424,12012.014499998713,33.520870624993265
dma_hardened2,xilinx_u280_xdma_201920_3,3,2,6,24576,256,Broadcast,7233.530400003474,55.66482225606,12000.276799994936,33.55365802896896
dma_hardened2,xilinx_u280_xdma_201920_3,3,2,6,24576,256,Broadcast,7259.20600000336,55.467937402494655,12020.27619999626,33.49783127280597
dma_hardened2,xilinx_u280_xdma_201920_3,3,2,6,24576,256,Broadcast,7250.202699992769,55.53681747413787,12042.677300007654,33.43552052164879
dma_hardened2,xilinx_u280_xdma_201920_3,3,2,6,24576,256,Broadcast,7243.612199999916,55.58734687646651,12033.572599989384,33.460818111518705
dma_hardened2,xilinx_u280_xdma_201920_3,3,2,6,24576,256,Broadcast,7227.732900003048,55.709472053101216,12070.188799998505,33.359311165045725
dma_hardened2,xilinx_u280_xdma_201920_3,3,2,6,24576,256,Broadcast,7240.290599997934,55.61284846772792,12020.983599995816,33.49586002264741
dma_hardened2,xilinx_u280_xdma_201920_3,3,2,6,24576,256,Broadcast,7234.899900004166,55.65428541724097,12048.44049999565,33.41952711640526
dma_hardened2,xilinx_u280_xdma_201920_3,3,2,6,24576,256,Broadcast,7256.553899992468,55.488209630802565,12022.250699999404,33.49232968499151
dma_hardened2,xilinx_u280_xdma_201920_3,3,2,6,24576,256,Broadcast,7276.659599995128,55.334893499796195,12044.256000001496,33.431137963187595
dma_hardened2,xilinx_u280_xdma_201920_3,3,2,6,24576,256,Broadcast,7231.01300000053,55.68420136984548,12016.862400002992,33.50734747531933
dma_hardened2,xilinx_u280_xdma_201920_3,3,2,6,24576,256,Broadcast,7236.761000001479,55.63997263415466,12023.983000005956,33.487504431751155
dma_hardened2,xilinx_u280_xdma_201920_3,3,2,6,24576,256,Broadcast,7229.3335000040315,55.69713777899103,12009.630900001866,33.52752364770323
dma_hardened2,xilinx_u280_xdma_201920_3,3,2,6,24576,256,Broadcast,7225.140499997451,55.729460762755004,12023.687899989,33.488326322938605
experiment,board_instance,number of nodes,rank id,number of banks,buffer size[KB],segment_size[KB],collective name,execution_time[us],throughput[Gbps],execution_time_fullpath[us],throughput_fullpath[Gbps]
dma_hardened2,xilinx_u280_xdma_201920_3,3,2,6,1,256,Scatter,198.41600000063409,0.0412869929843048,357.9944999955842,0.02288303311950616
dma_hardened2,xilinx_u280_xdma_201920_3,3,2,6,1,256,Scatter,195.92639999927997,0.041811619057105655,313.3880000063982,0.026140120233808413
dma_hardened2,xilinx_u280_xdma_201920_3,3,2,6,1,256,Scatter,191.65259999454065,0.04274400660483267,303.8996999976007,0.026956262214357818
dma_hardened2,xilinx_u280_xdma_201920_3,3,2,6,1,256,Scatter,197.64520000080665,0.041448008856104605,334.69100000047547,0.024476307997491308
dma_hardened2,xilinx_u280_xdma_201920_3,3,2,6,1,256,Scatter,194.4778999927621,0.04212303814626177,319.5096000013109,0.02563929221521478
dma_hardened2,xilinx_u280_xdma_201920_3,3,2,6,1,256,Scatter,199.79280000370636,0.0410024785670356,306.4037999934044,0.0267359608470141
dma_hardened2,xilinx_u280_xdma_201920_3,3,2,6,1,256,Scatter,197.3066999994444,0.04151911719177843,313.5970000016641,0.02612269887772054
dma_hardened2,xilinx_u280_xdma_201920_3,3,2,6,1,256,Scatter,208.06820000416337,0.03937170600714612,314.34449999778735,0.026060580032600103
dma_hardened2,xilinx_u280_xdma_201920_3,3,2,6,1,256,Scatter,194.72799999675772,0.04206893718487531,302.9583000056846,0.027040024979828207
dma_hardened2,xilinx_u280_xdma_201920_3,3,2,6,1,256,Scatter,204.37599999922895,0.04008298430359194,350.91309999870646,0.02334481100885147
dma_hardened2,xilinx_u280_xdma_201920_3,3,2,6,1,256,Scatter,211.12769999263037,0.038801161573237195,334.062400008861,0.024522364683312783
dma_hardened2,xilinx_u280_xdma_201920_3,3,2,6,1,256,Scatter,192.69289999783723,0.04251324257454191,331.8379000006644,0.024686752176239054
dma_hardened2,xilinx_u280_xdma_201920_3,3,2,6,1,256,Scatter,198.12969999293273,0.04134665322913328,331.7832999982784,0.024690814757832923
dma_hardened2,xilinx_u280_xdma_201920_3,3,2,6,1,256,Scatter,197.80320000108986,0.04141490127538312,312.6455000028727,0.026202200255320253
dma_hardened2,xilinx_u280_xdma_201920_3,3,2,6,1,256,Scatter,201.19650000651745,0.04071641405160941,307.06530000088605,0.026678364504150617
dma_hardened2,xilinx_u280_xdma_201920_3,3,2,6,1,256,Scatter,183.61359999516935,0.04461543153783555,274.3275999932848,0.029862106474888163
dma_hardened2,xilinx_u280_xdma_201920_3,3,2,6,1,256,Scatter,203.80359999307984,0.04019556082560936,324.3269999984477,0.02525845828450671
dma_hardened2,xilinx_u280_xdma_201920_3,3,2,6,1,256,Scatter,191.56260000272596,0.042764088605413725,315.8361000032528,0.02593750366065067
dma_hardened2,xilinx_u280_xdma_201920_3,3,2,6,1,256,Scatter,198.09770000165372,0.04135333221905965,282.0216999907643,0.0290474101825082
dma_hardened2,xilinx_u280_xdma_201920_3,3,2,6,1,256,Scatter,196.46279999960825,0.04169746130064488,293.0907999939336,0.027950382612383456
dma_hardened2,xilinx_u280_xdma_201920_3,3,2,6,6,256,Scatter,191.4420000048267,0.2567461685458821,319.693799997367,0.15374711677362782
dma_hardened2,xilinx_u280_xdma_201920_3,3,2,6,6,256,Scatter,202.57859999901484,0.24263174886310315,295.0831000021026,0.16657002722165307
dma_hardened2,xilinx_u280_xdma_201920_3,3,2,6,6,256,Scatter,192.53659999094452,0.2552865273527825,329.21319999559273,0.14930142533974342
dma_hardened2,xilinx_u280_xdma_201920_3,3,2,6,6,256,Scatter,193.46739999264173,0.25405830647369754,278.9097999993828,0.17622901741031963
dma_hardened2,xilinx_u280_xdma_201920_3,3,2,6,6,256,Scatter,189.24449999531134,0.2597274953893919,320.04419999793754,0.15357878693104499
dma_hardened2,xilinx_u280_xdma_201920_3,3,2,6,6,256,Scatter,196.8280000028244,0.2497205682082564,294.7121000033803,0.16677971484522092
dma_hardened2,xilinx_u280_xdma_201920_3,3,2,6,6,256,Scatter,193.44140000612242,0.25409245383069157,301.1045999983253,0.16323895417165124
dma_hardened2,xilinx_u280_xdma_201920_3,3,2,6,6,256,Scatter,193.42690000030416,0.25411150155393436,313.9643999929831,0.15655278114683868
dma_hardened2,xilinx_u280_xdma_201920_3,3,2,6,6,256,Scatter,188.81639999790423,0.2603163708266102,295.52339999554533,0.16632185471858035
dma_hardened2,xilinx_u280_xdma_201920_3,3,2,6,6,256,Scatter,193.62130000217803,0.253856368072351,328.66640000293046,0.14954981707762569
dma_hardened2,xilinx_u280_xdma_201920_3,3,2,6,6,256,Scatter,194.82659999994212,0.25228587882770936,320.04270000243196,0.15357950673340307
dma_hardened2,xilinx_u280_xdma_201920_3,3,2,6,6,256,Scatter,186.90290000904497,0.2629814732549433,344.02640000053,0.1428727562766238
dma_hardened2,xilinx_u280_xdma_201920_3,3,2,6,6,256,Scatter,194.60949999938748,0.252567320712271,353.9493999937804,0.13886730702429131
dma_hardened2,xilinx_u280_xdma_201920_3,3,2,6,6,256,Scatter,184.48869999474482,0.26642282156793395,360.83439999856637,0.13621761118173678
dma_hardened2,xilinx_u280_xdma_201920_3,3,2,6,6,256,Scatter,191.72889999481413,0.2563619777786732,338.07639999849926,0.1453872556623834
dma_hardened2,xilinx_u280_xdma_201920_3,3,2,6,6,256,Scatter,199.73079999999754,0.24609123880743783,296.829000001253,0.16559028935782055
dma_hardened2,xilinx_u280_xdma_201920_3,3,2,6,6,256,Scatter,199.96969999738212,0.24579723828481748,291.58240000697333,0.16856984508949963
dma_hardened2,xilinx_u280_xdma_201920_3,3,2,6,6,256,Scatter,201.4361999954417,0.2440077801364018,315.52429999237575,0.1557788100668877
dma_hardened2,xilinx_u280_xdma_201920_3,3,2,6,6,256,Scatter,192.746800007626,0.2550081246384132,328.0191000044397,0.14984493280828687
dma_hardened2,xilinx_u280_xdma_201920_3,3,2,6,6,256,Scatter,191.17019999157492,0.25711120248954167,337.9756999947858,0.14543057385710956
dma_hardened2,xilinx_u280_xdma_201920_3,3,2,6,12,256,Scatter,191.77880000142977,0.5125905470222314,330.70700000052966,0.29725406477589694
dma_hardened2,xilinx_u280_xdma_201920_3,3,2,6,12,256,Scatter,195.22149999602334,0.5035510945362188,325.9830000047259,0.30156173787766494
dma_hardened2,xilinx_u280_xdma_201920_3,3,2,6,12,256,Scatter,188.52240000342135,0.5214446665129234,308.2684999981211,0.31889083704821986
dma_hardened2,xilinx_u280_xdma_201920_3,3,2,6,12,256,Scatter,192.15979999671617,0.5115742210476901,294.6948999920096,0.3335788980490175
dma_hardened2,xilinx_u280_xdma_201920_3,3,2,6,12,256,Scatter,203.700999998091,0.4825896780129762,307.0636999950693,0.32014204219378106
dma_hardened2,xilinx_u280_xdma_201920_3,3,2,6,12,256,Scatter,185.88500000760177,0.5288431018962254,301.17850000124236,0.3263978006384735
dma_hardened2,xilinx_u280_xdma_201920_3,3,2,6,12,256,Scatter,192.9690999986633,0.5094287116469992,314.5312999890848,0.31254123199634326
dma_hardened2,xilinx_u280_xdma_201920_3,3,2,6,12,256,Scatter,193.34050000452407,0.50845011778546,336.6750000054708,0.29198485185535783
dma_hardened2,xilinx_u280_xdma_201920_3,3,2,6,12,256,Scatter,197.54909999392112,0.49761806053798757,345.5560000020341,0.28448066304570413
dma_hardened2,xilinx_u280_xdma_201920_3,3,2,6,12,256,Scatter,183.6837000041669,0.5351808570807859,344.9463000038122,0.28498348873118395
dma_hardened2,xilinx_u280_xdma_201920_3,3,2,6,12,256,Scatter,205.66419999568097,0.4779830422701881,345.53570000070977,0.28449737610266634
dma_hardened2,xilinx_u280_xdma_201920_3,3,2,6,12,256,Scatter,186.89620000031937,0.5259818016622704,301.1029000049348,0.32647975160115994
dma_hardened2,xilinx_u280_xdma_201920_3,3,2,6,12,256,Scatter,198.07190000165065,0.4963046247306194,322.4997999950574,0.3048187936907452
dma_hardened2,xilinx_u280_xdma_201920_3,3,2,6,12,256,Scatter,194.64590000097814,0.5050401780849533,357.63480000241543,0.27487257951221766
dma_hardened2,xilinx_u280_xdma_201920_3,3,2,6,12,256,Scatter,196.02920000352242,0.5014763106630726,296.8393000060132,0.3311690871054089
dma_hardened2,xilinx_u280_xdma_201920_3,3,2,6,12,256,Scatter,198.07230000878917,0.4963036224431074,313.8677000038115,0.31320202747465326
dma_hardened2,xilinx_u280_xdma_201920_3,3,2,6,12,256,Scatter,188.60279999444174,0.5212223784742172,336.64530000123705,0.29201061176151505
dma_hardened2,xilinx_u280_xdma_201920_3,3,2,6,12,256,Scatter,197.35580000315167,0.4981054521753611,338.17940000062663,0.29068594952802523
dma_hardened2,xilinx_u280_xdma_201920_3,3,2,6,12,256,Scatter,187.49759999536764,0.5242947109852538,303.75430000049164,0.3236299864720956
dma_hardened2,xilinx_u280_xdma_201920_3,3,2,6,12,256,Scatter,196.03270000061457,0.501467357230155,341.53269999706026,0.2878318825718479
dma_hardened2,xilinx_u280_xdma_201920_3,3,2,6,24,256,Scatter,187.43709999853309,1.0489278803478004,317.4783999952524,0.6192799258246864
dma_hardened2,xilinx_u280_xdma_201920_3,3,2,6,24,256,Scatter,198.0666999997993,0.9926353092175475,362.21049999767274,0.5428003881755588
dma_hardened2,xilinx_u280_xdma_201920_3,3,2,6,24,256,Scatter,203.36679999672924,0.9667654700922769,309.774999993806,0.6346800096971389
dma_hardened2,xilinx_u280_xdma_201920_3,3,2,6,24,256,Scatter,198.35250000141968,0.9912050516055648,320.3350000035243,0.6137574726390713
dma_hardened2,xilinx_u280_xdma_201920_3,3,2,6,24,256,Scatter,193.31099999817525,1.0170554184803549,313.4200999966197,0.6272986320983257
dma_hardened2,xilinx_u280_xdma_201920_3,3,2,6,24,256,Scatter,196.2190000085684,1.0019824787172222,306.845800002975,0.6407387684566442
dma_hardened2,xilinx_u280_xdma_201920_3,3,2,6,24,256,Scatter,191.6289000064353,1.0259830327961883,335.4154000021481,0.5861627104740594
dma_hardened2,xilinx_u280_xdma_201920_3,3,2,6,24,256,Scatter,188.15390000099796,1.04493183505076,303.65150000761787,0.6474791002022634
dma_hardened2,xilinx_u280_xdma_201920_3,3,2,6,24,256,Scatter,196.40670000171667,1.0010249141107792,319.9428000016269,0.6145098436314249
dma_hardened2,xilinx_u280_xdma_201920_3,3,2,6,24,256,Scatter,187.0791999976973,1.050934577453934,300.4044000022077,0.654477763969353
dma_hardened2,xilinx_u280_xdma_201920_3,3,2,6,24,256,Scatter,194.82020001078126,1.0091766664294555,308.1515999951989,0.6380236221491734
dma_hardened2,xilinx_u280_xdma_201920_3,3,2,6,24,256,Scatter,205.57720000624613,0.9563706480778335,307.0180999998229,0.6403791828563639
dma_hardened2,xilinx_u280_xdma_201920_3,3,2,6,24,256,Scatter,190.20989999489757,1.0336370504651653,322.1284000005653,0.610340472928357
dma_hardened2,xilinx_u280_xdma_201920_3,3,2,6,24,256,Scatter,197.5404999939201,0.99527944905501,287.0119000021987,0.6850168930225329
dma_hardened2,xilinx_u280_xdma_201920_3,3,2,6,24,256,Scatter,193.26340000134223,1.0173059151325834,301.3101999954415,0.6525102701567171
dma_hardened2,xilinx_u280_xdma_201920_3,3,2,6,24,256,Scatter,194.18269999960103,1.0124897841074614,350.5564999954913,0.5608453986804657
dma_hardened2,xilinx_u280_xdma_201920_3,3,2,6,24,256,Scatter,186.89500000164116,1.051970357678234,304.7033000029842,0.645244078413573
dma_hardened2,xilinx_u280_xdma_201920_3,3,2,6,24,256,Scatter,196.1067000024741,1.0025562614511365,306.0402999949474,0.6424251969536232
dma_hardened2,xilinx_u280_xdma_201920_3,3,2,6,24,256,Scatter,190.2156000028299,1.0336060764578459,346.150600000783,0.5679839930930505
dma_hardened2,xilinx_u280_xdma_201920_3,3,2,6,24,256,Scatter,195.82089998948504,1.004019489291272,324.33439999977054,0.6061891677236182
dma_hardened2,xilinx_u280_xdma_201920_3,3,2,6,48,256,Scatter,193.03239999999278,2.037046630513917,333.8878000022305,1.1776890320561972
dma_hardened2,xilinx_u280_xdma_201920_3,3,2,6,48,256,Scatter,198.26980000061667,1.9832369831349859,324.88519999560594,1.2103229079235318
dma_hardened2,xilinx_u280_xdma_201920_3,3,2,6,48,256,Scatter,190.6396000094901,2.0626144829323265,296.8854999949144,1.3244702082342712
dma_hardened2,xilinx_u280_xdma_201920_3,3,2,6,48,256,Scatter,199.34640000656145,1.9725262156078933,326.59570000532767,1.2039840083429927
dma_hardened2,xilinx_u280_xdma_201920_3,3,2,6,48,256,Scatter,184.72439999186463,2.1286630245777896,359.79540000425914,1.0928877912150774
dma_hardened2,xilinx_u280_xdma_201920_3,3,2,6,48,256,Scatter,192.76120000313313,2.03991259648523,331.57310000433426,1.185910437230463
dma_hardened2,xilinx_u280_xdma_201920_3,3,2,6,48,256,Scatter,205.29369999167102,1.9153826932631308,322.13149999051893,1.220669198794819
dma_hardened2,xilinx_u280_xdma_201920_3,3,2,6,48,256,Scatter,184.96610000511282,2.125881445243916,325.31210000570354,1.2087346274334891
dma_hardened2,xilinx_u280_xdma_201920_3,3,2,6,48,256,Scatter,195.4123000018626,2.0122377148022514,345.2967000043827,1.138777173355578
dma_hardened2,xilinx_u280_xdma_201920_3,3,2,6,48,256,Scatter,196.17059999745834,2.0044593838480114,360.90279999143604,1.0895343566448659
dma_hardened2,xilinx_u280_xdma_201920_3,3,2,6,48,256,Scatter,205.4442999906314,1.9139786307915638,350.14779999755774,1.1230000588401317
dma_hardened2,xilinx_u280_xdma_201920_3,3,2,6,48,256,Scatter,203.93510000076276,1.9281428258231628,321.5664999970613,1.222813943627814
dma_hardened2,xilinx_u280_xdma_201920_3,3,2,6,48,256,Scatter,201.34979999966163,1.9528998787218106,302.1979999971336,1.3011866392356326
dma_hardened2,xilinx_u280_xdma_201920_3,3,2,6,48,256,Scatter,185.63830000175585,2.1181835860179756,315.8445000053689,1.24496706446785
dma_hardened2,xilinx_u280_xdma_201920_3,3,2,6,48,256,Scatter,192.06579999035966,2.047298373889243,343.6255999986315,1.144315208184623
dma_hardened2,xilinx_u280_xdma_201920_3,3,2,6,48,256,Scatter,254.9757999986468,1.5421698843658374,369.9855000036223,1.062787595719698
dma_hardened2,xilinx_u280_xdma_201920_3,3,2,6,48,256,Scatter,186.63920000108192,2.1068242898475806,374.03119999908085,1.051291977784116
dma_hardened2,xilinx_u280_xdma_201920_3,3,2,6,48,256,Scatter,202.7148000024681,1.9397498357061866,360.27190000140763,1.0914423245289562
dma_hardened2,xilinx_u280_xdma_201920_3,3,2,6,48,256,Scatter,198.82779999988998,1.9776711304969306,310.6292999973448,1.2658689956271387
dma_hardened2,xilinx_u280_xdma_201920_3,3,2,6,48,256,Scatter,195.38619999366347,2.012506512807723,397.22269999629134,0.989913214938802
dma_hardened2,xilinx_u280_xdma_201920_3,3,2,6,96,256,Scatter,201.9745000097828,3.893719256450238,344.4343000069239,2.283256922972512
dma_hardened2,xilinx_u280_xdma_201920_3,3,2,6,96,256,Scatter,198.18490000034217,3.9681731554656396,353.85930000302324,2.222442648796516
dma_hardened2,xilinx_u280_xdma_201920_3,3,2,6,96,256,Scatter,193.62169999794787,4.061693498240823,334.8995000010291,2.348262687754336
dma_hardened2,xilinx_u280_xdma_201920_3,3,2,6,96,256,Scatter,201.3044000023001,3.906680628893428,364.4116000032227,2.1580871739347627
dma_hardened2,xilinx_u280_xdma_201920_3,3,2,6,96,256,Scatter,199.439400000756,3.9432128255350696,426.66199999530363,1.8432201602407912
dma_hardened2,xilinx_u280_xdma_201920_3,3,2,6,96,256,Scatter,189.63709999297862,4.1470366295894525,307.6769000017521,2.556031993287509
dma_hardened2,xilinx_u280_xdma_201920_3,3,2,6,96,256,Scatter,208.2500000028631,3.7763841536095457,363.0425999972431,2.166225120704766
dma_hardened2,xilinx_u280_xdma_201920_3,3,2,6,96,256,Scatter,192.8961999965395,4.076969893725788,338.6198000043805,2.3224631282335717
dma_hardened2,xilinx_u280_xdma_201920_3,3,2,6,96,256,Scatter,192.5601999914761,4.084083834742653,403.698400009489,1.9480681617304276
dma_hardened2,xilinx_u280_xdma_201920_3,3,2,6,96,256,Scatter,195.0974999999744,4.030969130819735,313.40960000534324,2.5092785925721244
dma_hardened2,xilinx_u280_xdma_201920_3,3,2,6,96,256,Scatter,202.53620000403316,3.882920682743823,329.5696999998654,2.3862387834813736
dma_hardened2,xilinx_u280_xdma_201920_3,3,2,6,96,256,Scatter,189.3667999979698,4.152956062036383,375.628900007996,2.0936408247162537
dma_hardened2,xilinx_u280_xdma_201920_3,3,2,6,96,256,Scatter,195.48459999896295,4.022986977000603,330.5320999970718,2.379290846507698
dma_hardened2,xilinx_u280_xdma_201920_3,3,2,6,96,256,Scatter,202.1693000074265,3.889967467716964,300.5979999898045,2.616224991605645
dma_hardened2,xilinx_u280_xdma_201920_3,3,2,6,96,256,Scatter,205.15100000011444,3.8334300100879903,346.88749999531865,2.267109653736768
dma_hardened2,xilinx_u280_xdma_201920_3,3,2,6,96,256,Scatter,202.21209999817802,3.8891441214798026,336.25280000251223,2.3388117511411783
dma_hardened2,xilinx_u280_xdma_201920_3,3,2,6,96,256,Scatter,200.51000000194108,3.92215849579765,372.57079999335474,2.1108256471361337
dma_hardened2,xilinx_u280_xdma_201920_3,3,2,6,96,256,Scatter,218.92640000942265,3.5922209471591904,320.5833000038183,2.453128406846624
dma_hardened2,xilinx_u280_xdma_201920_3,3,2,6,96,256,Scatter,198.73620000225856,3.957165327660801,379.3822000034197,2.072928039304193
dma_hardened2,xilinx_u280_xdma_201920_3,3,2,6,96,256,Scatter,202.2948999979235,3.8875522813875807,335.565900002166,2.343599275119801
dma_hardened2,xilinx_u280_xdma_201920_3,3,2,6,192,256,Scatter,197.35569999284053,7.969691273457309,359.60509999313217,4.373864553172464
dma_hardened2,xilinx_u280_xdma_201920_3,3,2,6,192,256,Scatter,241.54640000233485,6.5116433115326755,362.6507999911155,4.337130926054853
dma_hardened2,xilinx_u280_xdma_201920_3,3,2,6,192,256,Scatter,199.66410000051837,7.877550345785329,341.00400000625086,4.612450293753645
dma_hardened2,xilinx_u280_xdma_201920_3,3,2,6,192,256,Scatter,226.6583999926297,6.939358965082014,351.96200000200406,4.4688460685842335
dma_hardened2,xilinx_u280_xdma_201920_3,3,2,6,192,256,Scatter,201.11400000359936,7.820758375706566,368.0744999996932,4.2732218613386985
dma_hardened2,xilinx_u280_xdma_201920_3,3,2,6,192,256,Scatter,208.1366999959755,7.556879685468313,378.69880000016565,4.153337692116564
dma_hardened2,xilinx_u280_xdma_201920_3,3,2,6,192,256,Scatter,246.41420000079958,6.3830087713893775,384.23060000241094,4.0935417428755825
dma_hardened2,xilinx_u280_xdma_201920_3,3,2,6,192,256,Scatter,207.97930000071574,7.5625987778331165,392.9880999976376,4.0023196631385405
dma_hardened2,xilinx_u280_xdma_201920_3,3,2,6,192,256,Scatter,206.77829999158348,7.6065235088208984,363.5476999988896,4.326430892025459
dma_hardened2,xilinx_u280_xdma_201920_3,3,2,6,192,256,Scatter,195.88799999610274,8.029404557866192,401.08590000045297,3.921514069674909
dma_hardened2,xilinx_u280_xdma_201920_3,3,2,6,192,256,Scatter,215.49040000081732,7.298998006380026,341.03749999303545,4.611997214476767
dma_hardened2,xilinx_u280_xdma_201920_3,3,2,6,192,256,Scatter,205.8175999991363,7.64202867007778,406.2842000053024,3.871339323506729
dma_hardened2,xilinx_u280_xdma_201920_3,3,2,6,192,256,Scatter,208.1756999928075,7.55546396651647,374.4976999996652,4.199929665793425
dma_hardened2,xilinx_u280_xdma_201920_3,3,2,6,192,256,Scatter,196.65500000201064,7.998088022089033,385.74080000444155,4.077515264088968
dma_hardened2,xilinx_u280_xdma_201920_3,3,2,6,192,256,Scatter,206.46350000106395,7.618121362816646,414.55760000417285,3.794078313807702
dma_hardened2,xilinx_u280_xdma_201920_3,3,2,6,192,256,Scatter,205.24819999536703,7.663229202670248,387.18920000064827,4.0622620672202805
dma_hardened2,xilinx_u280_xdma_201920_3,3,2,6,192,256,Scatter,208.8580000076945,7.530781679141112,417.1589999941716,3.770418473584354
dma_hardened2,xilinx_u280_xdma_201920_3,3,2,6,192,256,Scatter,202.41830000031769,7.770364635991565,387.48819999909756,4.059127477955879
dma_hardened2,xilinx_u280_xdma_201920_3,3,2,6,192,256,Scatter,200.31139999900915,7.852094289230569,381.1053000049469,4.127111325871311
dma_hardened2,xilinx_u280_xdma_201920_3,3,2,6,192,256,Scatter,201.61429999916436,7.801351392269889,375.521800003753,4.188475875393334
dma_hardened2,xilinx_u280_xdma_201920_3,3,2,6,384,256,Scatter,231.66409999930693,13.578832456169994,484.4961999992847,6.492781573941435
dma_hardened2,xilinx_u280_xdma_201920_3,3,2,6,384,256,Scatter,230.54250000313914,13.64489410827577,468.1333000007726,6.719727052091377
dma_hardened2,xilinx_u280_xdma_201920_3,3,2,6,384,256,Scatter,250.42769999572556,12.56142191959473,510.35809999575577,6.163766186969817
dma_hardened2,xilinx_u280_xdma_201920_3,3,2,6,384,256,Scatter,250.7445999981428,12.545546344859668,473.4249000080126,6.644618819049778
dma_hardened2,xilinx_u280_xdma_201920_3,3,2,6,384,256,Scatter,234.59939999384005,13.408934550056813,501.98760000057524,6.2665452293968915
dma_hardened2,xilinx_u280_xdma_201920_3,3,2,6,384,256,Scatter,249.25750000193148,12.620394571780684,465.78679999811357,6.753579105317584
dma_hardened2,xilinx_u280_xdma_201920_3,3,2,6,384,256,Scatter,226.32059999523335,13.899432928625382,486.293200003729,6.468788788278097
dma_hardened2,xilinx_u280_xdma_201920_3,3,2,6,384,256,Scatter,263.09720000199377,11.956524052616908,472.5557000028857,6.656840664456677
dma_hardened2,xilinx_u280_xdma_201920_3,3,2,6,384,256,Scatter,220.63370000751092,14.257694993525067,489.0197999998236,6.432721129085438
dma_hardened2,xilinx_u280_xdma_201920_3,3,2,6,384,256,Scatter,228.76450000239856,13.750944748713273,484.1069000008247,6.498002817135308
dma_hardened2,xilinx_u280_xdma_201920_3,3,2,6,384,256,Scatter,252.75880000208417,12.445572616953639,477.80820000298263,6.583662649532518
dma_hardened2,xilinx_u280_xdma_201920_3,3,2,6,384,256,Scatter,260.8926999982941,12.057554695936561,459.629399995265,6.844053056728762
dma_hardened2,xilinx_u280_xdma_201920_3,3,2,6,384,256,Scatter,236.39940000066417,13.306835804114401,525.8980000007796,5.981631419011552
dma_hardened2,xilinx_u280_xdma_201920_3,3,2,6,384,256,Scatter,241.80660000183707,13.009272699653778,465.7565999991675,6.754017012331382
dma_hardened2,xilinx_u280_xdma_201920_3,3,2,6,384,256,Scatter,227.18120000035924,13.846779575048577,476.0873000009269,6.607460438440335
dma_hardened2,xilinx_u280_xdma_201920_3,3,2,6,384,256,Scatter,232.94320000104562,13.504270568902117,502.177800001391,6.264171773406325
dma_hardened2,xilinx_u280_xdma_201920_3,3,2,6,384,256,Scatter,232.35630000044694,13.538380495790083,450.66369999631206,6.980211630148474
dma_hardened2,xilinx_u280_xdma_201920_3,3,2,6,384,256,Scatter,260.73190000488466,12.06499089655338,502.3810000011509,6.261638079451241
dma_hardened2,xilinx_u280_xdma_201920_3,3,2,6,384,256,Scatter,227.2404999985156,13.843166161052052,482.0509000069251,6.525717512310025
dma_hardened2,xilinx_u280_xdma_201920_3,3,2,6,384,256,Scatter,250.25830000231508,12.56992475362815,467.85199999703764,6.723767345271407
dma_hardened2,xilinx_u280_xdma_201920_3,3,2,6,768,256,Scatter,407.1388000056686,15.452852933477242,673.8982999991094,9.335913148925163
dma_hardened2,xilinx_u280_xdma_201920_3,3,2,6,768,256,Scatter,420.02980000006573,14.978594375920508,711.0148000037952,8.848558426584676
dma_hardened2,xilinx_u280_xdma_201920_3,3,2,6,768,256,Scatter,355.1890000039748,17.712980976127064,630.6850000100894,9.975591618477292
dma_hardened2,xilinx_u280_xdma_201920_3,3,2,6,768,256,Scatter,411.8739000091409,15.275199520679436,725.0584000075833,8.677171383621236
dma_hardened2,xilinx_u280_xdma_201920_3,3,2,6,768,256,Scatter,382.9888000041137,16.427258447067963,692.1608999959972,9.089585961929348
dma_hardened2,xilinx_u280_xdma_201920_3,3,2,6,768,256,Scatter,333.6891999992986,18.854239214254537,679.8518999971748,9.254156677397159
dma_hardened2,xilinx_u280_xdma_201920_3,3,2,6,768,256,Scatter,349.4196000019656,18.005446746446417,671.8309000007139,9.364642203854146
dma_hardened2,xilinx_u280_xdma_201920_3,3,2,6,768,256,Scatter,384.6624999937376,16.355782016969233,631.0428000006141,9.969935478217767
dma_hardened2,xilinx_u280_xdma_201920_3,3,2,6,768,256,Scatter,398.2541000027595,15.797592541938442,703.9484000074481,8.937382342133931
dma_hardened2,xilinx_u280_xdma_201920_3,3,2,6,768,256,Scatter,357.0564000028753,17.62034233232995,711.6704999930334,8.840405777760335
dma_hardened2,xilinx_u280_xdma_201920_3,3,2,6,768,256,Scatter,430.8390000005602,14.602800582101017,710.2758000087306,8.857764828708321
dma_hardened2,xilinx_u280_xdma_201920_3,3,2,6,768,256,Scatter,323.2780999951501,19.461435835258825,691.5141000035874,9.098087804670017
dma_hardened2,xilinx_u280_xdma_201920_3,3,2,6,768,256,Scatter,456.2853999914296,13.788422772497592,685.0146000033419,9.18441154388433
dma_hardened2,xilinx_u280_xdma_201920_3,3,2,6,768,256,Scatter,393.16579999422174,16.0020429042721,718.8156999973216,8.752530029635471
dma_hardened2,xilinx_u280_xdma_201920_3,3,2,6,768,256,Scatter,369.5108999977492,17.026442251198333,698.8350000028731,9.002777479625568
dma_hardened2,xilinx_u280_xdma_201920_3,3,2,6,768,256,Scatter,411.4290999950754,15.291713687911978,690.8517999931973,9.106809883193401
dma_hardened2,xilinx_u280_xdma_201920_3,3,2,6,768,256,Scatter,357.71080000586153,17.58810748766016,667.8647999933673,9.420253919749149
dma_hardened2,xilinx_u280_xdma_201920_3,3,2,6,768,256,Scatter,407.0197000032749,15.457374667489995,637.9542999980004,9.86192271142262
dma_hardened2,xilinx_u280_xdma_201920_3,3,2,6,768,256,Scatter,390.7252999965749,16.101992883632445,700.093700004345,8.986591366214197
dma_hardened2,xilinx_u280_xdma_201920_3,3,2,6,768,256,Scatter,408.8528000011138,15.388071207982092,611.3564999964183,10.290977522994947
dma_hardened2,xilinx_u280_xdma_201920_3,3,2,6,1536,256,Scatter,674.2432000010012,18.662274977309842,1013.8811999922837,12.410637459394419
dma_hardened2,xilinx_u280_xdma_201920_3,3,2,6,1536,256,Scatter,645.1488000038808,19.50389119521622,1020.6078000010166,12.328841696082929
dma_hardened2,xilinx_u280_xdma_201920_3,3,2,6,1536,256,Scatter,604.9716999996235,20.79917457297231,961.1571999926127,13.091419384983757
dma_hardened2,xilinx_u280_xdma_201920_3,3,2,6,1536,256,Scatter,639.1095000026326,19.68819427648653,932.7087999963624,13.490718646644135
dma_hardened2,xilinx_u280_xdma_201920_3,3,2,6,1536,256,Scatter,750.5670000000464,16.764542006242245,992.6254999982121,12.676394068077704
dma_hardened2,xilinx_u280_xdma_201920_3,3,2,6,1536,256,Scatter,559.1512000023613,22.50359473420939,1005.9667999939848,12.508277609236448
dma_hardened2,xilinx_u280_xdma_201920_3,3,2,6,1536,256,Scatter,646.0318999984338,19.477230149208584,1012.3313000008238,12.429638399987988
dma_hardened2,xilinx_u280_xdma_201920_3,3,2,6,1536,256,Scatter,632.3494999946888,19.89866679756319,991.2627999938196,12.693820448097572
dma_hardened2,xilinx_u280_xdma_201920_3,3,2,6,1536,256,Scatter,644.2375000005995,19.53148023824799,950.7055999961267,13.235340151621347
dma_hardened2,xilinx_u280_xdma_201920_3,3,2,6,1536,256,Scatter,552.1132000012585,22.790456739616655,1033.8219000004756,12.171256964080769
dma_hardened2,xilinx_u280_xdma_201920_3,3,2,6,1536,256,Scatter,628.4918000005746,20.020805362915628,963.2474000000002,13.06301164166132
dma_hardened2,xilinx_u280_xdma_201920_3,3,2,6,1536,256,Scatter,633.3036999990327,19.868685434838323,986.2328000053822,12.758561670156713
dma_hardened2,xilinx_u280_xdma_201920_3,3,2,6,1536,256,Scatter,619.4300000061048,20.313694848289536,1040.1157000046624,12.097607987211035
dma_hardened2,xilinx_u280_xdma_201920_3,3,2,6,1536,256,Scatter,599.4817999976476,20.989648059456307,1012.4391000090327,12.428314947425221
dma_hardened2,xilinx_u280_xdma_201920_3,3,2,6,1536,256,Scatter,660.0370000001021,19.063949445255425,950.8793000009064,13.232922411906545
dma_hardened2,xilinx_u280_xdma_201920_3,3,2,6,1536,256,Scatter,617.7483999977085,20.36899164780787,966.837199996462,13.014509578288926
dma_hardened2,xilinx_u280_xdma_201920_3,3,2,6,1536,256,Scatter,644.6970000069996,19.517559411418674,975.489900008597,12.899069482819971
dma_hardened2,xilinx_u280_xdma_201920_3,3,2,6,1536,256,Scatter,601.9062000063968,20.905104482835153,1032.7094999979636,12.184367433460052
dma_hardened2,xilinx_u280_xdma_201920_3,3,2,6,1536,256,Scatter,650.1178999997137,19.35481548809153,931.1528000012004,13.513262270149195
dma_hardened2,xilinx_u280_xdma_201920_3,3,2,6,1536,256,Scatter,623.3160999954634,20.187047952221324,980.9835999931237,12.826832171392265
dma_hardened2,xilinx_u280_xdma_201920_3,3,2,6,3072,256,Scatter,992.6118999942445,25.35313550053744,1587.2560000047997,15.854924473382932
dma_hardened2,xilinx_u280_xdma_201920_3,3,2,6,3072,256,Scatter,962.0769999969525,26.157806495820726,1577.1486000062396,15.956533201690975
dma_hardened2,xilinx_u280_xdma_201920_3,3,2,6,3072,256,Scatter,984.293199996955,25.567406134755227,1585.9470000009424,15.868010721660339
dma_hardened2,xilinx_u280_xdma_201920_3,3,2,6,3072,256,Scatter,1005.3023999944343,25.033088551404358,1560.9772999937377,16.12183854313638
dma_hardened2,xilinx_u280_xdma_201920_3,3,2,6,3072,256,Scatter,984.7797000020364,25.554775347164405,1554.7932999993463,16.18596118211378
dma_hardened2,xilinx_u280_xdma_201920_3,3,2,6,3072,256,Scatter,975.271199990857,25.803924077975363,1538.4268999923734,16.35815390391624
dma_hardened2,xilinx_u280_xdma_201920_3,3,2,6,3072,256,Scatter,984.1303000030165,25.5716382270954,1530.0858000045992,16.447328639952318
dma_hardened2,xilinx_u280_xdma_201920_3,3,2,6,3072,256,Scatter,972.7967000003446,25.869561440731744,1544.7120999965591,16.291595048718825
dma_hardened2,xilinx_u280_xdma_201920_3,3,2,6,3072,256,Scatter,992.0620000002599,25.367188744245226,1577.0991000067625,15.957034025250596
dma_hardened2,xilinx_u280_xdma_201920_3,3,2,6,3072,256,Scatter,991.3985999901342,25.38416334282743,1552.640500005964,16.208403683855558
dma_hardened2,xilinx_u280_xdma_201920_3,3,2,6,3072,256,Scatter,961.2701000037305,26.17976362720773,1577.6661000018066,15.951299200744176
dma_hardened2,xilinx_u280_xdma_201920_3,3,2,6,3072,256,Scatter,1015.3326999898127,24.78579090405785,1568.4774999954243,16.044746577539946
dma_hardened2,xilinx_u280_xdma_201920_3,3,2,6,3072,256,Scatter,1013.796999995975,24.823336427410926,1597.5511000078768,15.752750569215545
dma_hardened2,xilinx_u280_xdma_201920_3,3,2,6,3072,256,Scatter,968.5841999953482,25.982071563959913,1599.9410999938846,15.729219031935733
dma_hardened2,xilinx_u280_xdma_201920_3,3,2,6,3072,256,Scatter,955.6731999964541,26.33308541046602,1602.4107000021104,15.704977506682187
dma_hardened2,xilinx_u280_xdma_201920_3,3,2,6,3072,256,Scatter,969.9491999981547,25.94550724929499,1578.9863999998488,15.937961213600326
dma_hardened2,xilinx_u280_xdma_201920_3,3,2,6,3072,256,Scatter,958.0057999983183,26.268968309006247,1620.9957999990365,15.524916227429435
dma_hardened2,xilinx_u280_xdma_201920_3,3,2,6,3072,256,Scatter,996.3054999957421,25.25914390727297,1627.292299997407,15.464845498279628
dma_hardened2,xilinx_u280_xdma_201920_3,3,2,6,3072,256,Scatter,1000.354299992523,25.15691090665387,1549.8891999982334,16.237176180096412
dma_hardened2,xilinx_u280_xdma_201920_3,3,2,6,3072,256,Scatter,981.3402999952815,25.644339685347685,1577.8104999981224,15.949839350181753
dma_hardened2,xilinx_u280_xdma_201920_3,3,2,6,6144,256,Scatter,1852.685599999404,27.166858748195693,3116.965300000629,16.147644633705045
dma_hardened2,xilinx_u280_xdma_201920_3,3,2,6,6144,256,Scatter,1836.0781999945175,27.41258406104396,3094.170600002144,16.266604045673862
dma_hardened2,xilinx_u280_xdma_201920_3,3,2,6,6144,256,Scatter,1864.1898999931072,26.999206465063512,3064.4210999980714,16.424520768386458
dma_hardened2,xilinx_u280_xdma_201920_3,3,2,6,6144,256,Scatter,1812.5481999959447,27.76844665433593,3018.860599991058,16.672398851457096
dma_hardened2,xilinx_u280_xdma_201920_3,3,2,6,6144,256,Scatter,1875.4522999984147,26.837071782653467,3027.67099999528,16.6238828459494
dma_hardened2,xilinx_u280_xdma_201920_3,3,2,6,6144,256,Scatter,1910.1700999954119,26.349301562264476,3020.5363000050056,16.663149520804165
dma_hardened2,xilinx_u280_xdma_201920_3,3,2,6,6144,256,Scatter,1858.4522999958608,27.08256111825528,3091.1663999972916,16.28241300760907
dma_hardened2,xilinx_u280_xdma_201920_3,3,2,6,6144,256,Scatter,1845.1291999895147,27.27811580906422,3054.8035999913736,16.476230419573334
dma_hardened2,xilinx_u280_xdma_201920_3,3,2,6,6144,256,Scatter,1910.5167000020629,26.344521353802172,3029.113899992808,16.615964160383506
dma_hardened2,xilinx_u280_xdma_201920_3,3,2,6,6144,256,Scatter,1763.560199992753,28.5397958063506,2940.964599997642,17.113993143623816
dma_hardened2,xilinx_u280_xdma_201920_3,3,2,6,6144,256,Scatter,1809.739800000898,27.811538432196176,2929.189100007079,17.182792329753774
dma_hardened2,xilinx_u280_xdma_201920_3,3,2,6,6144,256,Scatter,1843.7369000025683,27.298714908797393,3085.1604000076804,16.314110605035218
dma_hardened2,xilinx_u280_xdma_201920_3,3,2,6,6144,256,Scatter,1879.3530999914765,26.781368546564387,3014.0555999992102,16.69897794851999
dma_hardened2,xilinx_u280_xdma_201920_3,3,2,6,6144,256,Scatter,1872.5894999988668,26.878100085486146,3043.97870000912,16.53482266477397
dma_hardened2,xilinx_u280_xdma_201920_3,3,2,6,6144,256,Scatter,1841.9229999949494,27.32559830141543,2985.0412999962828,16.86129032789686
dma_hardened2,xilinx_u280_xdma_201920_3,3,2,6,6144,256,Scatter,1870.8820000028936,26.902630951563037,3008.294999995087,16.730954909702074
dma_hardened2,xilinx_u280_xdma_201920_3,3,2,6,6144,256,Scatter,1853.1333000055383,27.160295484328934,3066.288699994857,16.41451700229154
dma_hardened2,xilinx_u280_xdma_201920_3,3,2,6,6144,256,Scatter,1869.371600002978,26.924367525386508,3092.064199995548,16.27768530810986
dma_hardened2,xilinx_u280_xdma_201920_3,3,2,6,6144,256,Scatter,1908.4956000028797,26.372420245519063,3048.9487999943776,16.50786920400002
dma_hardened2,xilinx_u280_xdma_201920_3,3,2,6,6144,256,Scatter,1840.053600005831,27.353359706391437,3000.16510000205,16.776292744677818
dma_hardened2,xilinx_u280_xdma_201920_3,3,2,6,12288,256,Scatter,3377.1569999998974,29.80711172148735,5320.445300003485,18.920088512127748
dma_hardened2,xilinx_u280_xdma_201920_3,3,2,6,12288,256,Scatter,3337.550100002318,30.160834439587916,5227.022000008219,19.25824991741793
dma_hardened2,xilinx_u280_xdma_201920_3,3,2,6,12288,256,Scatter,3337.8224999978556,30.158373011166614,5311.167000002115,18.95314080689986
dma_hardened2,xilinx_u280_xdma_201920_3,3,2,6,12288,256,Scatter,3326.619799997843,30.259934122939228,5290.124199996171,19.028531693088198
dma_hardened2,xilinx_u280_xdma_201920_3,3,2,6,12288,256,Scatter,3325.53650000591,30.269791355416217,5360.047900001064,18.78029784024505
dma_hardened2,xilinx_u280_xdma_201920_3,3,2,6,12288,256,Scatter,3302.811899993685,30.478059013954887,5323.238800008312,18.910159732049372
dma_hardened2,xilinx_u280_xdma_201920_3,3,2,6,12288,256,Scatter,3332.4873000083244,30.206655551170005,5260.306000002402,19.136395487249988
dma_hardened2,xilinx_u280_xdma_201920_3,3,2,6,12288,256,Scatter,3344.8400999986916,30.095099613293733,5270.118900000398,19.10076374178055
dma_hardened2,xilinx_u280_xdma_201920_3,3,2,6,12288,256,Scatter,3334.568599996146,30.18780180444221,5321.911299995463,18.91487669102749
dma_hardened2,xilinx_u280_xdma_201920_3,3,2,6,12288,256,Scatter,3355.154299993046,30.00258318975334,5193.2665999970595,19.383425453270007
dma_hardened2,xilinx_u280_xdma_201920_3,3,2,6,12288,256,Scatter,3354.947100001482,30.004436135507333,5289.637999999286,19.030280711083368
dma_hardened2,xilinx_u280_xdma_201920_3,3,2,6,12288,256,Scatter,3377.963400009776,29.7999960567094,5352.893799999947,18.805397558980342
dma_hardened2,xilinx_u280_xdma_201920_3,3,2,6,12288,256,Scatter,3362.550500003181,29.936590097280256,5357.10100000415,18.790628737431312
dma_hardened2,xilinx_u280_xdma_201920_3,3,2,6,12288,256,Scatter,3285.1691000018945,30.641739568274264,5351.3035000037235,18.810986145698887
dma_hardened2,xilinx_u280_xdma_201920_3,3,2,6,12288,256,Scatter,3342.2072000007574,30.118807714847,5331.467700000303,18.880972682249258
dma_hardened2,xilinx_u280_xdma_201920_3,3,2,6,12288,256,Scatter,3344.993500002147,30.09371946460745,5324.63250000319,18.905210077867288
dma_hardened2,xilinx_u280_xdma_201920_3,3,2,6,12288,256,Scatter,3308.2409000030566,30.428042891286122,5269.780300000093,19.101991026077165
dma_hardened2,xilinx_u280_xdma_201920_3,3,2,6,12288,256,Scatter,3336.687700004859,30.16862980609585,5262.253800003691,19.129312234983683
dma_hardened2,xilinx_u280_xdma_201920_3,3,2,6,12288,256,Scatter,3361.5118999932747,29.9458395492223,5301.167899995107,18.98889035378278
dma_hardened2,xilinx_u280_xdma_201920_3,3,2,6,12288,256,Scatter,3394.57320000065,29.654183330022377,5333.09109999891,18.87522528914246
dma_hardened2,xilinx_u280_xdma_201920_3,3,2,6,24576,256,Scatter,6185.317099993881,32.54911409476471,9616.938799990749,20.934581802703544
dma_hardened2,xilinx_u280_xdma_201920_3,3,2,6,24576,256,Scatter,6187.15880000309,32.53942536595302,9520.205600006193,21.14729455001151
dma_hardened2,xilinx_u280_xdma_201920_3,3,2,6,24576,256,Scatter,6201.093100003163,32.46630694835033,9517.522900000586,21.153255328651493
dma_hardened2,xilinx_u280_xdma_201920_3,3,2,6,24576,256,Scatter,6174.9008999981925,32.60401992849131,9550.878999993984,21.079378348330746
dma_hardened2,xilinx_u280_xdma_201920_3,3,2,6,24576,256,Scatter,6182.586600004925,32.563489203667544,9580.191800000648,21.014881142566097
dma_hardened2,xilinx_u280_xdma_201920_3,3,2,6,24576,256,Scatter,6177.064899998186,32.59259782102324,9541.688400008752,21.099682106556248
dma_hardened2,xilinx_u280_xdma_201920_3,3,2,6,24576,256,Scatter,6164.343200009625,32.65986098886993,9590.508200005843,20.992275675222025
dma_hardened2,xilinx_u280_xdma_201920_3,3,2,6,24576,256,Scatter,6205.211500002861,32.44475905453137,9561.798400000043,21.05530608133289
dma_hardened2,xilinx_u280_xdma_201920_3,3,2,6,24576,256,Scatter,6187.314700002844,32.53860547935399,9679.189400003452,20.799943433272233
dma_hardened2,xilinx_u280_xdma_201920_3,3,2,6,24576,256,Scatter,6143.321299998661,32.77162013324029,9595.175599997674,20.98206436159947
dma_hardened2,xilinx_u280_xdma_201920_3,3,2,6,24576,256,Scatter,6194.387999994433,32.50145002221058,9573.790100000679,21.028933149472927
dma_hardened2,xilinx_u280_xdma_201920_3,3,2,6,24576,256,Scatter,6192.73660000772,32.510117094234076,9511.813100004929,21.165953313348396
dma_hardened2,xilinx_u280_xdma_201920_3,3,2,6,24576,256,Scatter,6154.667999999219,32.7112026188944,9586.487299998225,21.001080552209906
dma_hardened2,xilinx_u280_xdma_201920_3,3,2,6,24576,256,Scatter,6161.912499999289,32.67274437928536,9654.718699994191,20.852662646724355
dma_hardened2,xilinx_u280_xdma_201920_3,3,2,6,24576,256,Scatter,6181.418599999233,32.569642185375535,9584.985800006507,21.00437039769671
dma_hardened2,xilinx_u280_xdma_201920_3,3,2,6,24576,256,Scatter,6201.342700001078,32.465000200676705,9553.30499999718,21.074025376564386
dma_hardened2,xilinx_u280_xdma_201920_3,3,2,6,24576,256,Scatter,6125.035599995954,32.86945662815951,9456.641500003116,21.289438962017716
dma_hardened2,xilinx_u280_xdma_201920_3,3,2,6,24576,256,Scatter,6102.923399998872,32.988549717015495,9531.406600001446,21.122442935124543
dma_hardened2,xilinx_u280_xdma_201920_3,3,2,6,24576,256,Scatter,6127.462799997829,32.856436435660015,9579.472600000827,21.016458881043476
dma_hardened2,xilinx_u280_xdma_201920_3,3,2,6,24576,256,Scatter,6134.410800007117,32.81922234483651,9530.880900001648,21.12360799723824
experiment,board_instance,number of nodes,rank id,number of banks,buffer size[KB],segment_size[KB],collective name,execution_time[us],throughput[Gbps],execution_time_fullpath[us],throughput_fullpath[Gbps]
dma_hardened2,xilinx_u280_xdma_201920_3,3,2,6,1,256,Gather,177.75839999103482,0.04608502326986044,282.22409999898446,0.029026578524050488
dma_hardened2,xilinx_u280_xdma_201920_3,3,2,6,1,256,Gather,189.10449999793855,0.04331996330118692,310.25899999121975,0.026403746547986787
dma_hardened2,xilinx_u280_xdma_201920_3,3,2,6,1,256,Gather,198.25910000008662,0.04131966704174699,343.33620000097653,0.02385999495531406
dma_hardened2,xilinx_u280_xdma_201920_3,3,2,6,1,256,Gather,170.12670000440266,0.04815234763143,302.53869999796734,0.027077527602435786
dma_hardened2,xilinx_u280_xdma_201920_3,3,2,6,1,256,Gather,187.4514999940402,0.043701970911198124,278.90919999435937,0.02937156608733478
dma_hardened2,xilinx_u280_xdma_201920_3,3,2,6,1,256,Gather,193.8960999950723,0.04224943152651442,303.59269999280514,0.02698352101415529
dma_hardened2,xilinx_u280_xdma_201920_3,3,2,6,1,256,Gather,167.60910000357399,0.04887562787357798,307.09420000221144,0.02667585385833079
dma_hardened2,xilinx_u280_xdma_201920_3,3,2,6,1,256,Gather,191.90080000726084,0.04268872250501324,309.8997000051895,0.02643435924546819
dma_hardened2,xilinx_u280_xdma_201920_3,3,2,6,1,256,Gather,220.29210000482635,0.037186989455457196,311.4452999966488,0.02630317426555529
dma_hardened2,xilinx_u280_xdma_201920_3,3,2,6,1,256,Gather,170.48079999995025,0.048052331992824944,292.7388999978575,0.02798398163025124
dma_hardened2,xilinx_u280_xdma_201920_3,3,2,6,1,256,Gather,189.759599993522,0.04317041140621954,340.14370000932104,0.024083938640567244
dma_hardened2,xilinx_u280_xdma_201920_3,3,2,6,1,256,Gather,174.98720000048706,0.04681485274338465,302.7457000030154,0.027059013554671156
dma_hardened2,xilinx_u280_xdma_201920_3,3,2,6,1,256,Gather,174.08600000408114,0.0470572016118927,311.67250000407876,0.026284000031740994
dma_hardened2,xilinx_u280_xdma_201920_3,3,2,6,1,256,Gather,193.08180000052744,0.0424276135812781,314.6012999991399,0.026039307529951077
dma_hardened2,xilinx_u280_xdma_201920_3,3,2,6,1,256,Gather,166.15650000630922,0.04930291622469742,286.41180000477107,0.028602173513324298
dma_hardened2,xilinx_u280_xdma_201920_3,3,2,6,1,256,Gather,163.86689999308146,0.04999179212120245,300.56830000830814,0.02725503654168973
dma_hardened2,xilinx_u280_xdma_201920_3,3,2,6,1,256,Gather,182.08649998996407,0.044989606590557306,279.1438000031121,0.029346881427811288
dma_hardened2,xilinx_u280_xdma_201920_3,3,2,6,1,256,Gather,237.7621000050567,0.034454608197966675,331.6251999990527,0.024702585931417158
dma_hardened2,xilinx_u280_xdma_201920_3,3,2,6,1,256,Gather,208.39329999944312,0.039310284927691494,284.0078999952311,0.0288442680648586
dma_hardened2,xilinx_u280_xdma_201920_3,3,2,6,1,256,Gather,182.41920000718892,0.044907553589080336,265.4535999909058,0.030860383887356024
dma_hardened2,xilinx_u280_xdma_201920_3,3,2,6,6,256,Gather,178.4015999987787,0.275513224098531,300.2283000000716,0.16371541257099437
dma_hardened2,xilinx_u280_xdma_201920_3,3,2,6,6,256,Gather,176.6527000086171,0.27824086468875014,271.14639999581414,0.18127476522188304
dma_hardened2,xilinx_u280_xdma_201920_3,3,2,6,6,256,Gather,181.44329999358888,0.2708945439249437,252.62240000074598,0.19456706926960893
dma_hardened2,xilinx_u280_xdma_201920_3,3,2,6,6,256,Gather,170.46949999439676,0.2883331035851903,268.51119999946604,0.1830538167499074
dma_hardened2,xilinx_u280_xdma_201920_3,3,2,6,6,256,Gather,165.5110000001514,0.2969711982886638,273.88680000512977,0.1794610035937453
dma_hardened2,xilinx_u280_xdma_201920_3,3,2,6,6,256,Gather,191.61099999109865,0.25651971965222964,301.32520000734075,0.16311944702534864
dma_hardened2,xilinx_u280_xdma_201920_3,3,2,6,6,256,Gather,167.92549999991024,0.2927012276278842,269.60700000699944,0.18230980649138906
dma_hardened2,xilinx_u280_xdma_201920_3,3,2,6,6,256,Gather,186.21870000288254,0.26394771308810105,289.8158999983025,0.16959732023083585
dma_hardened2,xilinx_u280_xdma_201920_3,3,2,6,6,256,Gather,172.12569999855987,0.28555875154268795,268.1021999933364,0.1833330722434268
dma_hardened2,xilinx_u280_xdma_201920_3,3,2,6,6,256,Gather,175.6923000016286,0.27976183361219803,264.2793000063648,0.18598505444359903
dma_hardened2,xilinx_u280_xdma_201920_3,3,2,6,6,256,Gather,177.02559999861478,0.27765475728021605,288.7267999994947,0.17023705454459379
dma_hardened2,xilinx_u280_xdma_201920_3,3,2,6,6,256,Gather,175.54290000134642,0.27999993163849407,257.4173999960294,0.1909428034031816
dma_hardened2,xilinx_u280_xdma_201920_3,3,2,6,6,256,Gather,175.37850000053368,0.2802624038855985,274.0420999998605,0.17935930282254084
dma_hardened2,xilinx_u280_xdma_201920_3,3,2,6,6,256,Gather,174.17289999457353,0.2822023403269473,294.90780000287486,0.1666690402882557
dma_hardened2,xilinx_u280_xdma_201920_3,3,2,6,6,256,Gather,188.50359999760258,0.26074833584411716,264.6451000032357,0.18572798060269785
dma_hardened2,xilinx_u280_xdma_201920_3,3,2,6,6,256,Gather,169.83760000357506,0.2894058794929118,275.9060000016689,0.17814762998884653
dma_hardened2,xilinx_u280_xdma_201920_3,3,2,6,6,256,Gather,173.04740000554375,0.2840377838582109,295.816699997431,0.16615694786814555
dma_hardened2,xilinx_u280_xdma_201920_3,3,2,6,6,256,Gather,217.63199999895733,0.22584913983345964,280.9344999946006,0.17495893171164334
dma_hardened2,xilinx_u280_xdma_201920_3,3,2,6,6,256,Gather,173.73850000694802,0.28290793346341975,269.32340000485055,0.18250178038415807
dma_hardened2,xilinx_u280_xdma_201920_3,3,2,6,6,256,Gather,176.47120000674477,0.2785270344289686,263.82550000789706,0.1863049629339421
dma_hardened2,xilinx_u280_xdma_201920_3,3,2,6,12,256,Gather,182.63160000060452,0.5382639148957498,283.22329999355134,0.34709008758191245
dma_hardened2,xilinx_u280_xdma_201920_3,3,2,6,12,256,Gather,182.67799999875933,0.5381271964914639,270.32109999254317,0.3636564071495408
dma_hardened2,xilinx_u280_xdma_201920_3,3,2,6,12,256,Gather,169.21059999503996,0.5809565121977085,278.353999999581,0.35316180116020596
dma_hardened2,xilinx_u280_xdma_201920_3,3,2,6,12,256,Gather,185.27339999536707,0.530588848709303,270.5719000005047,0.3633193247333394
dma_hardened2,xilinx_u280_xdma_201920_3,3,2,6,12,256,Gather,173.6260000029688,0.5661824841804748,279.7648999944613,0.35138074862838825
dma_hardened2,xilinx_u280_xdma_201920_3,3,2,6,12,256,Gather,172.12840000411234,0.571108544537981,279.67359999365726,0.3514954575699295
dma_hardened2,xilinx_u280_xdma_201920_3,3,2,6,12,256,Gather,219.2659000002095,0.4483323672304087,270.7216999965567,0.3631182871607644
dma_hardened2,xilinx_u280_xdma_201920_3,3,2,6,12,256,Gather,174.72680000309992,0.5626154659631832,285.46779999487626,0.34436108031015905
dma_hardened2,xilinx_u280_xdma_201920_3,3,2,6,12,256,Gather,201.48229999676914,0.4879039002511702,288.80649999791785,0.3403801507262085
dma_hardened2,xilinx_u280_xdma_201920_3,3,2,6,12,256,Gather,216.72660000149335,0.45358530055527396,322.6262999987739,0.30469927591263823
dma_hardened2,xilinx_u280_xdma_201920_3,3,2,6,12,256,Gather,206.4077999989422,0.4762610715317143,294.25679999803833,0.33407554218171115
dma_hardened2,xilinx_u280_xdma_201920_3,3,2,6,12,256,Gather,184.4624999989719,0.5329213254756272,265.07149999588364,0.3708584287693191
dma_hardened2,xilinx_u280_xdma_201920_3,3,2,6,12,256,Gather,215.44649999896137,0.45628032945754005,266.18439999310795,0.36930789333464054
dma_hardened2,xilinx_u280_xdma_201920_3,3,2,6,12,256,Gather,187.681199997769,0.5237818172580342,279.46600000632316,0.35175656429682245
dma_hardened2,xilinx_u280_xdma_201920_3,3,2,6,12,256,Gather,173.79610000034518,0.5656283426371752,265.8465000081378,0.369777296285604
dma_hardened2,xilinx_u280_xdma_201920_3,3,2,6,12,256,Gather,209.74760000171955,0.46867759153951744,290.37540000445006,0.33854107475527706
dma_hardened2,xilinx_u280_xdma_201920_3,3,2,6,12,256,Gather,179.9312999992253,0.5463418538098889,283.0361999940578,0.34731953015926526
dma_hardened2,xilinx_u280_xdma_201920_3,3,2,6,12,256,Gather,186.12049999546798,0.528173951834396,276.17709999958606,0.3559455146720975
dma_hardened2,xilinx_u280_xdma_201920_3,3,2,6,12,256,Gather,189.6835999900759,0.5182525005068609,262.21620000796975,0.3748967454986083
dma_hardened2,xilinx_u280_xdma_201920_3,3,2,6,12,256,Gather,177.4358999909964,0.5540254255479766,273.1936000031965,0.35983273399834326
dma_hardened2,xilinx_u280_xdma_201920_3,3,2,6,24,256,Gather,168.47919999918304,1.1669571080641015,272.3976999959632,0.7217682087731051
dma_hardened2,xilinx_u280_xdma_201920_3,3,2,6,24,256,Gather,218.4532000001127,0.9000005493162772,300.60799999773735,0.6540344901049867
dma_hardened2,xilinx_u280_xdma_201920_3,3,2,6,24,256,Gather,195.54860000425833,1.005417579035179,289.1250999937256,0.6800101409537486
dma_hardened2,xilinx_u280_xdma_201920_3,3,2,6,24,256,Gather,184.50349999739046,1.065605801531032,275.1362000026347,0.7145842677121995
dma_hardened2,xilinx_u280_xdma_201920_3,3,2,6,24,256,Gather,194.13960000065345,1.012714562095205,280.7672000017192,0.7002527360702965
dma_hardened2,xilinx_u280_xdma_201920_3,3,2,6,24,256,Gather,177.6073999963046,1.1069809028457753,295.7242999968912,0.6648354565453933
dma_hardened2,xilinx_u280_xdma_201920_3,3,2,6,24,256,Gather,171.21700000188866,1.1482971901028007,300.8549000014682,0.6534977492440394
dma_hardened2,xilinx_u280_xdma_201920_3,3,2,6,24,256,Gather,188.47989999812853,1.043124492330228,293.36419999026475,0.6701840238397337
dma_hardened2,xilinx_u280_xdma_201920_3,3,2,6,24,256,Gather,179.11659999754193,1.0976537071533186,295.9347000000889,0.664362780032017
dma_hardened2,xilinx_u280_xdma_201920_3,3,2,6,24,256,Gather,189.8586000038449,1.035549614270928,279.93989999686164,0.7023221770180105
dma_hardened2,xilinx_u280_xdma_201920_3,3,2,6,24,256,Gather,189.4612999990386,1.0377211599466365,282.14159999606636,0.6968415859367818
dma_hardened2,xilinx_u280_xdma_201920_3,3,2,6,24,256,Gather,185.3687999982867,1.0606315626028608,286.76469999027177,0.6856073987023847
dma_hardened2,xilinx_u280_xdma_201920_3,3,2,6,24,256,Gather,183.31969999962894,1.0724870267647064,303.0846000001475,0.6486901676954366
dma_hardened2,xilinx_u280_xdma_201920_3,3,2,6,24,256,Gather,186.82769999713855,1.0523493036793325,286.0930999986522,0.6872168535379786
dma_hardened2,xilinx_u280_xdma_201920_3,3,2,6,24,256,Gather,180.18279999978404,1.0911585345562154,293.5853000053612,0.6696793061383173
dma_hardened2,xilinx_u280_xdma_201920_3,3,2,6,24,256,Gather,179.7316999955001,1.0938971812146796,294.9982000018281,0.6664718632140184
dma_hardened2,xilinx_u280_xdma_201920_3,3,2,6,24,256,Gather,200.12329999872236,0.9824343292422981,281.32380000442936,0.6988672838803701
dma_hardened2,xilinx_u280_xdma_201920_3,3,2,6,24,256,Gather,177.2682000023451,1.109099093900649,299.57059999787816,0.6562993831884455
dma_hardened2,xilinx_u280_xdma_201920_3,3,2,6,24,256,Gather,182.8567999950792,1.0752020160327145,272.2779000009723,0.7220857807383482
dma_hardened2,xilinx_u280_xdma_201920_3,3,2,6,24,256,Gather,185.4972000046473,1.0598974000420185,291.4098000019294,0.6746787513621652
dma_hardened2,xilinx_u280_xdma_201920_3,3,2,6,48,256,Gather,186.38569999893662,2.1096897455236285,310.00260000837443,1.2684280712141693
dma_hardened2,xilinx_u280_xdma_201920_3,3,2,6,48,256,Gather,183.87750000101732,2.138467186022349,290.01030000017636,1.3558690846489276
dma_hardened2,xilinx_u280_xdma_201920_3,3,2,6,48,256,Gather,199.50680000420107,1.9709403388341649,295.3337000008105,1.331429498221574
dma_hardened2,xilinx_u280_xdma_201920_3,3,2,6,48,256,Gather,186.40899999127214,2.109426047124392,305.6809999975485,1.2863606177785125
dma_hardened2,xilinx_u280_xdma_201920_3,3,2,6,48,256,Gather,182.931799997732,2.1495223903382303,310.32990000312566,1.2670902803630573
dma_hardened2,xilinx_u280_xdma_201920_3,3,2,6,48,256,Gather,188.26619999572358,2.0886170752314106,289.9659999911819,1.3560762296681612
dma_hardened2,xilinx_u280_xdma_201920_3,3,2,6,48,256,Gather,180.46440000034636,2.1789117410372647,301.5062000031321,1.304172186163718
dma_hardened2,xilinx_u280_xdma_201920_3,3,2,6,48,256,Gather,176.2777999942955,2.2306609227748746,302.03740000160906,1.301878509078363
dma_hardened2,xilinx_u280_xdma_201920_3,3,2,6,48,256,Gather,189.91150000147172,2.070522322223524,283.62730000708325,1.3863827635427899
dma_hardened2,xilinx_u280_xdma_201920_3,3,2,6,48,256,Gather,195.9768000006079,2.006441578792899,301.2051000041538,1.3054759032784549
dma_hardened2,xilinx_u280_xdma_201920_3,3,2,6,48,256,Gather,184.28580000318107,2.1337292400891035,282.2333000040089,1.3932303523163803
dma_hardened2,xilinx_u280_xdma_201920_3,3,2,6,48,256,Gather,184.45059999976365,2.131822829529987,282.0683000095414,1.3940453428715627
dma_hardened2,xilinx_u280_xdma_201920_3,3,2,6,48,256,Gather,191.42209999927218,2.0541828764886345,296.6632999914509,1.3254622328118493
dma_hardened2,xilinx_u280_xdma_201920_3,3,2,6,48,256,Gather,188.0985000070723,2.0904791903455666,299.1415999986202,1.3144811687903444
dma_hardened2,xilinx_u280_xdma_201920_3,3,2,6,48,256,Gather,198.10009999901013,1.9849358985783694,290.24750000417043,1.354761022900628
dma_hardened2,xilinx_u280_xdma_201920_3,3,2,6,48,256,Gather,186.79830000110087,2.1050298637497376,293.45190000640287,1.3399674699377322
dma_hardened2,xilinx_u280_xdma_201920_3,3,2,6,48,256,Gather,185.6723999935639,2.117794567278876,277.90379999714787,1.4149356719988557
dma_hardened2,xilinx_u280_xdma_201920_3,3,2,6,48,256,Gather,184.81790000350884,2.127586126628074,288.2332000012866,1.364228687043147
dma_hardened2,xilinx_u280_xdma_201920_3,3,2,6,48,256,Gather,183.88499998991392,2.1383799658567466,306.8152999958329,1.2816049264992344
dma_hardened2,xilinx_u280_xdma_201920_3,3,2,6,48,256,Gather,176.1801000043306,2.2318979271230663,305.3419000025315,1.2877891962968069
dma_hardened2,xilinx_u280_xdma_201920_3,3,2,6,96,256,Gather,196.82040000361667,3.9956833742109503,281.3953999975638,2.794757838993845
dma_hardened2,xilinx_u280_xdma_201920_3,3,2,6,96,256,Gather,199.010099993302,3.951719033488595,309.4646000022294,2.541266432394317
dma_hardened2,xilinx_u280_xdma_201920_3,3,2,6,96,256,Gather,184.10229999972216,4.271711977531986,307.1506000082991,2.560411732807134
dma_hardened2,xilinx_u280_xdma_201920_3,3,2,6,96,256,Gather,203.0031999993298,3.8739881933023534,306.7458000032275,2.5637906044409586
dma_hardened2,xilinx_u280_xdma_201920_3,3,2,6,96,256,Gather,187.48819999245825,4.1945679783134855,322.7925000032883,2.436339134248747
dma_hardened2,xilinx_u280_xdma_201920_3,3,2,6,96,256,Gather,187.02760000905982,4.204898100397505,319.16789999968387,2.464007188695289
dma_hardened2,xilinx_u280_xdma_201920_3,3,2,6,96,256,Gather,191.95149999404748,4.097034928220866,306.4496999968469,2.5662678084138824
dma_hardened2,xilinx_u280_xdma_201920_3,3,2,6,96,256,Gather,263.89969999627283,2.980041280877194,353.70489999877464,2.223412794119404
dma_hardened2,xilinx_u280_xdma_201920_3,3,2,6,96,256,Gather,186.07550000524498,4.22641347183177,340.21820000589287,2.3115518217025963
dma_hardened2,xilinx_u280_xdma_201920_3,3,2,6,96,256,Gather,202.28880000559002,3.8876695100186853,358.5435999980291,2.1934068827454265
dma_hardened2,xilinx_u280_xdma_201920_3,3,2,6,96,256,Gather,208.4371000023566,3.7729943469330007,343.9332999960243,2.2865828926977727
dma_hardened2,xilinx_u280_xdma_201920_3,3,2,6,96,256,Gather,183.85220000709523,4.277522923139619,343.7216000065746,2.287991211448327
dma_hardened2,xilinx_u280_xdma_201920_3,3,2,6,96,256,Gather,198.26019999982236,3.966666027779174,317.3538000055487,2.4780922742574685
dma_hardened2,xilinx_u280_xdma_201920_3,3,2,6,96,256,Gather,198.3284000061758,3.9653019939429304,410.9945999971387,1.9134849947066823
dma_hardened2,xilinx_u280_xdma_201920_3,3,2,6,96,256,Gather,188.46950000579454,4.172728213190044,352.00769999619297,2.234132946547776
dma_hardened2,xilinx_u280_xdma_201920_3,3,2,6,96,256,Gather,199.2062999988775,3.947826951278305,315.654500002438,2.491432879917524
dma_hardened2,xilinx_u280_xdma_201920_3,3,2,6,96,256,Gather,196.55029999512408,4.001174254221486,379.1864000049827,2.0739984345157576
dma_hardened2,xilinx_u280_xdma_201920_3,3,2,6,96,256,Gather,196.2878000085766,4.00652511244019,321.2093999991339,2.448346779397242
dma_hardened2,xilinx_u280_xdma_201920_3,3,2,6,96,256,Gather,196.38900000700232,4.004460534815898,330.34450000286597,2.380642026712045
dma_hardened2,xilinx_u280_xdma_201920_3,3,2,6,96,256,Gather,207.43370000673167,3.7912451061446553,356.1183999977402,2.2083441911594304
dma_hardened2,xilinx_u280_xdma_201920_3,3,2,6,192,256,Gather,245.79330000733535,6.399132929795321,369.0041000027122,4.262456704379272
dma_hardened2,xilinx_u280_xdma_201920_3,3,2,6,192,256,Gather,232.31290000467197,6.77045484761444,458.39500000965927,3.431241614692256
dma_hardened2,xilinx_u280_xdma_201920_3,3,2,6,192,256,Gather,219.17999999914173,7.176129208897523,382.33379999610406,4.113850253406911
dma_hardened2,xilinx_u280_xdma_201920_3,3,2,6,192,256,Gather,207.10039999585206,7.594693202096676,358.9763000036328,4.381526022704237
dma_hardened2,xilinx_u280_xdma_201920_3,3,2,6,192,256,Gather,223.70089999412812,7.031102691322591,397.19239999840283,3.9599549236247342
dma_hardened2,xilinx_u280_xdma_201920_3,3,2,6,192,256,Gather,218.19370000457639,7.208567433280662,405.9607000044707,3.874424297678762
dma_hardened2,xilinx_u280_xdma_201920_3,3,2,6,192,256,Gather,206.81370000374955,7.605221510816178,400.6143999959022,3.926129465181702
dma_hardened2,xilinx_u280_xdma_201920_3,3,2,6,192,256,Gather,226.77140000268992,6.9359010879738054,379.1080000041802,4.1488546798871475
dma_hardened2,xilinx_u280_xdma_201920_3,3,2,6,192,256,Gather,217.9331999968781,7.217183981249903,378.6570999977812,4.1537950826994035
dma_hardened2,xilinx_u280_xdma_201920_3,3,2,6,192,256,Gather,209.95659999698546,7.49137678940592,380.74279999591454,4.131040692081051
dma_hardened2,xilinx_u280_xdma_201920_3,3,2,6,192,256,Gather,225.4131999961828,6.977692522117761,382.232600009047,4.114939437302763
dma_hardened2,xilinx_u280_xdma_201920_3,3,2,6,192,256,Gather,218.50239999139376,7.1983831759374315,396.05900000196925,3.971287106194227
dma_hardened2,xilinx_u280_xdma_201920_3,3,2,6,192,256,Gather,210.10929999647487,7.485932322017106,392.51389999890307,4.007154905862941
dma_hardened2,xilinx_u280_xdma_201920_3,3,2,6,192,256,Gather,215.27090000290627,7.306440396629389,384.52069999266314,4.090453387893061
dma_hardened2,xilinx_u280_xdma_201920_3,3,2,6,192,256,Gather,217.29520000235425,7.238374340450038,396.6407000007166,3.965462949206066
dma_hardened2,xilinx_u280_xdma_201920_3,3,2,6,192,256,Gather,222.76330000750022,7.060696263464598,374.4461999986015,4.200507309209907
dma_hardened2,xilinx_u280_xdma_201920_3,3,2,6,192,256,Gather,232.35330000943577,6.769277647169748,397.85210000218285,3.9533887089985704
dma_hardened2,xilinx_u280_xdma_201920_3,3,2,6,192,256,Gather,225.65289999647575,6.970280461826837,391.31780000616345,4.019403155121558
dma_hardened2,xilinx_u280_xdma_201920_3,3,2,6,192,256,Gather,219.1285999970205,7.177812480987814,399.76279999791586,3.9344931544610953
dma_hardened2,xilinx_u280_xdma_201920_3,3,2,6,192,256,Gather,228.59660000449367,6.8805222823483865,393.20329999554815,4.0001291952987375
dma_hardened2,xilinx_u280_xdma_201920_3,3,2,6,384,256,Gather,258.40660000540083,12.17355903422843,470.6120000037117,6.684334441058004
dma_hardened2,xilinx_u280_xdma_201920_3,3,2,6,384,256,Gather,270.3315999951883,11.636553033592786,459.05849999599013,6.852564542487456
dma_hardened2,xilinx_u280_xdma_201920_3,3,2,6,384,256,Gather,244.69050000561762,12.85594659346309,448.57359999923574,7.012735479763767
dma_hardened2,xilinx_u280_xdma_201920_3,3,2,6,384,256,Gather,256.5160000017386,12.263281822493253,487.97140000260697,6.446541744010395
dma_hardened2,xilinx_u280_xdma_201920_3,3,2,6,384,256,Gather,244.1352999994706,12.885182929329849,444.1598999960661,7.082422343907816
dma_hardened2,xilinx_u280_xdma_201920_3,3,2,6,384,256,Gather,258.95230000969605,12.147905231512574,478.78440000204137,6.570239130570227
dma_hardened2,xilinx_u280_xdma_201920_3,3,2,6,384,256,Gather,252.01240000569666,12.482433403788432,465.04839999670367,6.764302382337617
dma_hardened2,xilinx_u280_xdma_201920_3,3,2,6,384,256,Gather,244.22579999736624,12.880408212539068,453.613900003802,6.934813946339903
dma_hardened2,xilinx_u280_xdma_201920_3,3,2,6,384,256,Gather,246.9787999984874,12.736834092720775,435.3830000013659,7.22519712526702
dma_hardened2,xilinx_u280_xdma_201920_3,3,2,6,384,256,Gather,242.66299999453622,12.963360710412502,470.65859999975146,6.683672623854449
dma_hardened2,xilinx_u280_xdma_201920_3,3,2,6,384,256,Gather,246.77180000480803,12.74751815214992,440.1895000000877,7.146304034965334
dma_hardened2,xilinx_u280_xdma_201920_3,3,2,6,384,256,Gather,258.9136999972652,12.149716295558045,472.66479999734656,6.655304139461325
dma_hardened2,xilinx_u280_xdma_201920_3,3,2,6,384,256,Gather,259.0316000009807,12.144186269119638,476.78060000180267,6.597852345477367
dma_hardened2,xilinx_u280_xdma_201920_3,3,2,6,384,256,Gather,250.38340000946843,12.563644394480793,455.4070000040156,6.907509107177233
dma_hardened2,xilinx_u280_xdma_201920_3,3,2,6,384,256,Gather,269.9075000009543,11.65483730533193,436.4731999999094,7.207150404654062
dma_hardened2,xilinx_u280_xdma_201920_3,3,2,6,384,256,Gather,242.09749999499763,12.993640992017674,532.9976999973951,5.901954173564678
dma_hardened2,xilinx_u280_xdma_201920_3,3,2,6,384,256,Gather,257.35160000976975,12.223463929816562,465.5533999994077,6.756964936791359
dma_hardened2,xilinx_u280_xdma_201920_3,3,2,6,384,256,Gather,253.49390000428684,12.409482042553302,474.83799999099574,6.6248446839967565
dma_hardened2,xilinx_u280_xdma_201920_3,3,2,6,384,256,Gather,299.69040000423774,10.496592483294487,451.70519999828684,6.964117304852658
dma_hardened2,xilinx_u280_xdma_201920_3,3,2,6,384,256,Gather,245.62500000229193,12.807035114384314,451.2042999976984,6.971848450947933
dma_hardened2,xilinx_u280_xdma_201920_3,3,2,6,768,256,Gather,419.88730000639407,14.983677762828725,630.0170000031358,9.98616862714607
dma_hardened2,xilinx_u280_xdma_201920_3,3,2,6,768,256,Gather,354.2526999922302,17.759796891140113,591.0976999984996,10.64368208506981
dma_hardened2,xilinx_u280_xdma_201920_3,3,2,6,768,256,Gather,360.6879000017216,17.442936122808586,616.6886000073646,10.201998220698204
dma_hardened2,xilinx_u280_xdma_201920_3,3,2,6,768,256,Gather,356.74599999993006,17.635673560463843,603.6361000042234,10.422597323049402
dma_hardened2,xilinx_u280_xdma_201920_3,3,2,6,768,256,Gather,413.5345000008783,15.21386002857473,657.058500007679,9.575183944696663
dma_hardened2,xilinx_u280_xdma_201920_3,3,2,6,768,256,Gather,361.85280000609055,17.38678269145383,601.8597999968733,10.453358074476288
dma_hardened2,xilinx_u280_xdma_201920_3,3,2,6,768,256,Gather,347.4746999927447,18.106227590473107,609.2491999993399,10.326572443602416
dma_hardened2,xilinx_u280_xdma_201920_3,3,2,6,768,256,Gather,343.07599999010563,18.338374005122617,603.5237999981291,10.424536696016798
dma_hardened2,xilinx_u280_xdma_201920_3,3,2,6,768,256,Gather,364.9833000054059,17.237654434892814,594.0602999999101,10.590601661146103
dma_hardened2,xilinx_u280_xdma_201920_3,3,2,6,768,256,Gather,400.7659999956559,15.69857722478503,625.3302000004624,10.06101416498891
dma_hardened2,xilinx_u280_xdma_201920_3,3,2,6,768,256,Gather,394.57909999782714,15.944726925563582,596.8031999941559,10.54192738923251
dma_hardened2,xilinx_u280_xdma_201920_3,3,2,6,768,256,Gather,370.6092000015815,16.975984406143056,594.9352000016006,10.575027330679161
dma_hardened2,xilinx_u280_xdma_201920_3,3,2,6,768,256,Gather,394.3391000007068,15.95443109747099,620.5077999993591,10.139205341184267
dma_hardened2,xilinx_u280_xdma_201920_3,3,2,6,768,256,Gather,407.92250000549757,15.42316493921078,602.1992000000864,10.447466552594385
dma_hardened2,xilinx_u280_xdma_201920_3,3,2,6,768,256,Gather,388.1439999986469,16.209077043627964,599.401499994201,10.496229989515989
dma_hardened2,xilinx_u280_xdma_201920_3,3,2,6,768,256,Gather,390.38070000287917,16.11620656439624,623.6570000055508,10.088006708726116
dma_hardened2,xilinx_u280_xdma_201920_3,3,2,6,768,256,Gather,411.2381000027199,15.298815941320585,624.7031000043535,10.071113781820765
dma_hardened2,xilinx_u280_xdma_201920_3,3,2,6,768,256,Gather,350.5990999997266,17.944872077552127,593.7480000056894,10.596172113320321
dma_hardened2,xilinx_u280_xdma_201920_3,3,2,6,768,256,Gather,377.89309999425313,16.64877183546267,587.0427999980166,10.71720153968545
dma_hardened2,xilinx_u280_xdma_201920_3,3,2,6,768,256,Gather,351.9275000030575,17.87713662599638,590.8097000087764,10.648870524479442
dma_hardened2,xilinx_u280_xdma_201920_3,3,2,6,1536,256,Gather,550.425999995241,22.860315464946776,788.0730000010772,15.966683289470392
dma_hardened2,xilinx_u280_xdma_201920_3,3,2,6,1536,256,Gather,573.8376999943284,21.92764957778892,846.6659999953663,14.861718788836288
dma_hardened2,xilinx_u280_xdma_201920_3,3,2,6,1536,256,Gather,500.29609999455715,25.15092961975297,853.5452000046462,14.74193985266569
dma_hardened2,xilinx_u280_xdma_201920_3,3,2,6,1536,256,Gather,546.8200999985129,23.01106341927486,799.7247999924184,15.734052514214001
dma_hardened2,xilinx_u280_xdma_201920_3,3,2,6,1536,256,Gather,566.5472000032423,22.209821176290323,840.6709000041701,14.967702581280715
dma_hardened2,xilinx_u280_xdma_201920_3,3,2,6,1536,256,Gather,502.2747999987587,25.051848111892326,861.9674999977178,14.597896092408723
dma_hardened2,xilinx_u280_xdma_201920_3,3,2,6,1536,256,Gather,539.1701000007743,23.337555253865023,826.4097000051152,15.225997468231698
dma_hardened2,xilinx_u280_xdma_201920_3,3,2,6,1536,256,Gather,535.7648999961384,23.48588345390057,852.1467000036864,14.766133577640524
dma_hardened2,xilinx_u280_xdma_201920_3,3,2,6,1536,256,Gather,531.7770999909044,23.66200424992957,890.9508000101596,14.123015546825387
dma_hardened2,xilinx_u280_xdma_201920_3,3,2,6,1536,256,Gather,534.3946000039068,23.546106191769173,860.2291999977751,14.627394652532772
dma_hardened2,xilinx_u280_xdma_201920_3,3,2,6,1536,256,Gather,539.7101999960796,23.314200843510836,861.1957000084658,14.610978665913342
dma_hardened2,xilinx_u280_xdma_201920_3,3,2,6,1536,256,Gather,520.6828000041241,24.166175644558134,871.5494000057333,14.437405383925713
dma_hardened2,xilinx_u280_xdma_201920_3,3,2,6,1536,256,Gather,539.4570000021304,23.325143616544615,867.5429999925655,14.504078760485452
dma_hardened2,xilinx_u280_xdma_201920_3,3,2,6,1536,256,Gather,531.9138000004386,23.655923196558582,864.3388999985291,14.557845308155647
dma_hardened2,xilinx_u280_xdma_201920_3,3,2,6,1536,256,Gather,553.1651999945097,22.747114243854973,874.3783999989319,14.390694006182416
dma_hardened2,xilinx_u280_xdma_201920_3,3,2,6,1536,256,Gather,528.9027999992868,23.790594415489895,868.6679999982516,14.485294727128576
dma_hardened2,xilinx_u280_xdma_201920_3,3,2,6,1536,256,Gather,504.2489000061323,24.953771837374312,834.6079999910216,15.076433487499955
dma_hardened2,xilinx_u280_xdma_201920_3,3,2,6,1536,256,Gather,486.5656999982093,25.86066383233818,821.107399997345,15.324319327825672
dma_hardened2,xilinx_u280_xdma_201920_3,3,2,6,1536,256,Gather,520.9302000025673,24.15469865240677,848.4853000027215,14.82985267978083
dma_hardened2,xilinx_u280_xdma_201920_3,3,2,6,1536,256,Gather,524.8794000067392,23.972958359269658,839.4000000066626,14.990364545985377
dma_hardened2,xilinx_u280_xdma_201920_3,3,2,6,3072,256,Gather,787.0626999988417,31.974357316179557,1476.920599998266,17.0393885764946
dma_hardened2,xilinx_u280_xdma_201920_3,3,2,6,3072,256,Gather,781.0360000007677,32.221080718398724,1435.1825999938228,17.534928308152786
dma_hardened2,xilinx_u280_xdma_201920_3,3,2,6,3072,256,Gather,790.4262000010931,31.838296858030766,1456.5527000058864,17.27766115149716
dma_hardened2,xilinx_u280_xdma_201920_3,3,2,6,3072,256,Gather,802.0930000043336,31.375194646835258,1438.4435000010853,17.49517725234325
dma_hardened2,xilinx_u280_xdma_201920_3,3,2,6,3072,256,Gather,811.4867000017512,31.01199810168878,1493.7558000042372,16.8473481407929
dma_hardened2,xilinx_u280_xdma_201920_3,3,2,6,3072,256,Gather,781.9403999974384,32.183813497911665,1430.7291000022815,17.589510131554515
dma_hardened2,xilinx_u280_xdma_201920_3,3,2,6,3072,256,Gather,795.4892000043401,31.635657655519015,1436.6674000029889,17.51680590785845
dma_hardened2,xilinx_u280_xdma_201920_3,3,2,6,3072,256,Gather,792.7809000079833,31.743731464452008,1416.1661999992248,17.770388814542937
dma_hardened2,xilinx_u280_xdma_201920_3,3,2,6,3072,256,Gather,815.5335999958879,30.85810811489176,1399.9136999927941,17.976696706468076
dma_hardened2,xilinx_u280_xdma_201920_3,3,2,6,3072,256,Gather,809.8229999973228,31.075709136543658,1411.5237000055458,17.82883560502819
dma_hardened2,xilinx_u280_xdma_201920_3,3,2,6,3072,256,Gather,787.2517999999218,31.966676989500055,1411.7480999971121,17.826001678381207
dma_hardened2,xilinx_u280_xdma_201920_3,3,2,6,3072,256,Gather,801.5289000013581,31.39727588107847,1407.4933000074452,17.879889019625796
dma_hardened2,xilinx_u280_xdma_201920_3,3,2,6,3072,256,Gather,789.8647000047276,31.860930105940138,1428.034800005662,17.6226965896771
dma_hardened2,xilinx_u280_xdma_201920_3,3,2,6,3072,256,Gather,793.6130999951274,31.71044429603608,1423.0183999984547,17.68481981682551
dma_hardened2,xilinx_u280_xdma_201920_3,3,2,6,3072,256,Gather,803.757999995014,31.31020033412559,1422.9915999976583,17.685152884979374
dma_hardened2,xilinx_u280_xdma_201920_3,3,2,6,3072,256,Gather,804.2155999987699,31.29238477845803,1429.7385999952894,17.601695862504457
dma_hardened2,xilinx_u280_xdma_201920_3,3,2,6,3072,256,Gather,809.1129999911573,31.102978199923907,1438.842699997167,17.490323299447223
dma_hardened2,xilinx_u280_xdma_201920_3,3,2,6,3072,256,Gather,773.3197999982622,32.54258328838412,1763.5992999998962,14.269581531361167
dma_hardened2,xilinx_u280_xdma_201920_3,3,2,6,3072,256,Gather,800.8407000033912,31.42425703375644,1434.1082999976607,17.54806383872198
dma_hardened2,xilinx_u280_xdma_201920_3,3,2,6,3072,256,Gather,773.0722000019341,32.55300604514952,1404.263400002037,17.921013963593648
dma_hardened2,xilinx_u280_xdma_201920_3,3,2,6,6144,256,Gather,1284.5778000041719,39.18147114159729,2402.2180999963894,20.95215584300012
dma_hardened2,xilinx_u280_xdma_201920_3,3,2,6,6144,256,Gather,1317.756499997813,38.194953316552436,2381.455499994445,21.134826159933457
dma_hardened2,xilinx_u280_xdma_201920_3,3,2,6,6144,256,Gather,1268.9044000012473,39.665437364667135,2409.5686000009664,20.888240326496543
dma_hardened2,xilinx_u280_xdma_201920_3,3,2,6,6144,256,Gather,1269.4560999989335,39.64819894129642,2437.972100005936,20.64488268749156
dma_hardened2,xilinx_u280_xdma_201920_3,3,2,6,6144,256,Gather,1305.3167000066423,38.55895507944078,2427.6183999973,20.732932325795513
dma_hardened2,xilinx_u280_xdma_201920_3,3,2,6,6144,256,Gather,1276.9256999945355,39.41626987397574,2462.1810999974514,20.441895196113762
dma_hardened2,xilinx_u280_xdma_201920_3,3,2,6,6144,256,Gather,1310.6495999977597,38.4020626108504,2422.2132000090824,20.77919813161421
dma_hardened2,xilinx_u280_xdma_201920_3,3,2,6,6144,256,Gather,1306.626200005212,38.52031131765093,2476.4236000009987,20.32432900412502
dma_hardened2,xilinx_u280_xdma_201920_3,3,2,6,6144,256,Gather,1296.6914000003271,38.815440589786675,2360.5750000001535,21.321774567635735
dma_hardened2,xilinx_u280_xdma_201920_3,3,2,6,6144,256,Gather,1329.525900007411,37.85683904293962,2366.4809000024434,21.268562953518042
dma_hardened2,xilinx_u280_xdma_201920_3,3,2,6,6144,256,Gather,1304.608600003121,38.579883652368686,2501.6732000040065,20.11919382592394
dma_hardened2,xilinx_u280_xdma_201920_3,3,2,6,6144,256,Gather,1274.540099996102,39.490046645181216,2511.1187999982576,20.043515265002565
dma_hardened2,xilinx_u280_xdma_201920_3,3,2,6,6144,256,Gather,1244.9005000007674,40.43025767920326,2483.9546999942286,20.262707689523058
dma_hardened2,xilinx_u280_xdma_201920_3,3,2,6,6144,256,Gather,1268.346200004089,39.68289414975007,2472.3188000052687,20.35807356231435
dma_hardened2,xilinx_u280_xdma_201920_3,3,2,6,6144,256,Gather,1275.0418999985413,39.47450511238696,2425.3861000033794,20.752014699816193
dma_hardened2,xilinx_u280_xdma_201920_3,3,2,6,6144,256,Gather,1299.4333999927221,38.73353416980193,2493.476600000122,20.185329992668688
dma_hardened2,xilinx_u280_xdma_201920_3,3,2,6,6144,256,Gather,1281.0261000026912,39.290103456825946,2408.9813999921716,20.893331928658128
dma_hardened2,xilinx_u280_xdma_201920_3,3,2,6,6144,256,Gather,1301.4916999964043,38.67227735692748,2512.3352000036903,20.0338107749022
dma_hardened2,xilinx_u280_xdma_201920_3,3,2,6,6144,256,Gather,1253.2674999988558,40.160339273176675,2578.692999998111,19.518278445723034
dma_hardened2,xilinx_u280_xdma_201920_3,3,2,6,6144,256,Gather,1294.934200006992,38.8681123718319,2512.756399994487,20.03045261375533
dma_hardened2,xilinx_u280_xdma_201920_3,3,2,6,12288,256,Gather,2403.2598999951915,41.8861463964848,4414.332999999715,22.803738639564912
dma_hardened2,xilinx_u280_xdma_201920_3,3,2,6,12288,256,Gather,2374.563700004728,42.392333378885375,4387.417800001003,22.943631217427473
dma_hardened2,xilinx_u280_xdma_201920_3,3,2,6,12288,256,Gather,2434.828600007677,41.34307277304144,4414.535000000797,22.802695187597752
dma_hardened2,xilinx_u280_xdma_201920_3,3,2,6,12288,256,Gather,2410.6770000003053,41.757272334695706,4416.448899996794,22.792813475114148
dma_hardened2,xilinx_u280_xdma_201920_3,3,2,6,12288,256,Gather,2414.080500000182,41.698400695416915,4457.947999992484,22.5806348571517
dma_hardened2,xilinx_u280_xdma_201920_3,3,2,6,12288,256,Gather,2366.431100006139,42.53802107305759,4393.645900006504,22.91110806172409
dma_hardened2,xilinx_u280_xdma_201920_3,3,2,6,12288,256,Gather,2368.8152000090668,42.495208574993406,4382.975999999417,22.966882775541865
dma_hardened2,xilinx_u280_xdma_201920_3,3,2,6,12288,256,Gather,2412.9544999937025,41.71785916405084,4416.146799997023,22.794372687082745
dma_hardened2,xilinx_u280_xdma_201920_3,3,2,6,12288,256,Gather,2397.706199997174,41.98316541039042,4412.043399997856,22.815572485086825
dma_hardened2,xilinx_u280_xdma_201920_3,3,2,6,12288,256,Gather,2415.014700000029,41.68227050543369,4461.0586000089825,22.564889867126453
dma_hardened2,xilinx_u280_xdma_201920_3,3,2,6,12288,256,Gather,2370.0256999973135,42.47350397935099,4465.874100003475,22.540558409365293
dma_hardened2,xilinx_u280_xdma_201920_3,3,2,6,12288,256,Gather,2375.3243999976803,42.37875719211166,4419.058600001335,22.77935305043694
dma_hardened2,xilinx_u280_xdma_201920_3,3,2,6,12288,256,Gather,2415.4736000014054,41.67435156399202,4425.778900008481,22.744763865137298
dma_hardened2,xilinx_u280_xdma_201920_3,3,2,6,12288,256,Gather,2440.0624000008975,41.25439414990493,4466.352400004325,22.538144549431994
dma_hardened2,xilinx_u280_xdma_201920_3,3,2,6,12288,256,Gather,2418.302700004915,41.62559798647018,4415.3452000045945,22.798510974837313
dma_hardened2,xilinx_u280_xdma_201920_3,3,2,6,12288,256,Gather,2394.070700006523,42.04691866440106,4407.378899998093,22.83971909019294
dma_hardened2,xilinx_u280_xdma_201920_3,3,2,6,12288,256,Gather,2396.705900002871,42.0006876938382,4379.473400001643,22.985251149136385
dma_hardened2,xilinx_u280_xdma_201920_3,3,2,6,12288,256,Gather,2392.9989999942336,42.06574929627742,4426.748000003045,22.739784600327546
dma_hardened2,xilinx_u280_xdma_201920_3,3,2,6,12288,256,Gather,2387.511999995695,42.16242515228468,4432.370300003186,22.71094001327634
dma_hardened2,xilinx_u280_xdma_201920_3,3,2,6,12288,256,Gather,2398.0774000051497,41.97666680807877,4421.167400005288,22.768487798014522
dma_hardened2,xilinx_u280_xdma_201920_3,3,2,6,24576,256,Gather,4477.227200004563,44.96680266746232,7815.084200001366,25.761282520790346
dma_hardened2,xilinx_u280_xdma_201920_3,3,2,6,24576,256,Gather,4483.437200008211,44.904519237970206,7852.874800005339,25.637310810031394
dma_hardened2,xilinx_u280_xdma_201920_3,3,2,6,24576,256,Gather,4443.536799999492,45.30773594584004,7757.58309999901,25.95223143662176
dma_hardened2,xilinx_u280_xdma_201920_3,3,2,6,24576,256,Gather,4457.3012000000745,45.16782307643841,7808.425999996871,25.783249018442472
dma_hardened2,xilinx_u280_xdma_201920_3,3,2,6,24576,256,Gather,4442.124099989542,45.32214487219616,7770.062699989921,25.910549216065032
dma_hardened2,xilinx_u280_xdma_201920_3,3,2,6,24576,256,Gather,4426.109499991071,45.48612997496021,7810.858700008794,25.77521879889766
dma_hardened2,xilinx_u280_xdma_201920_3,3,2,6,24576,256,Gather,4445.498200004749,45.28774570188442,7786.492000002454,25.855878616447118
dma_hardened2,xilinx_u280_xdma_201920_3,3,2,6,24576,256,Gather,4459.493299998485,45.1456204677039,7842.626100000416,25.67081350467407
dma_hardened2,xilinx_u280_xdma_201920_3,3,2,6,24576,256,Gather,4456.966499992632,45.17121499574494,7835.954400002265,25.69267018704726
dma_hardened2,xilinx_u280_xdma_201920_3,3,2,6,24576,256,Gather,4478.3255000083955,44.95577465274075,7828.408699992906,25.717435013348553
dma_hardened2,xilinx_u280_xdma_201920_3,3,2,6,24576,256,Gather,4437.121199998728,45.37324605874136,7801.783699994758,25.80520041848062
dma_hardened2,xilinx_u280_xdma_201920_3,3,2,6,24576,256,Gather,4458.993700006886,45.15067872818235,7881.637800005592,25.543750817863916
dma_hardened2,xilinx_u280_xdma_201920_3,3,2,6,24576,256,Gather,4467.100600004414,45.068739217514164,7765.951099997892,25.9242672800315
dma_hardened2,xilinx_u280_xdma_201920_3,3,2,6,24576,256,Gather,4439.994400001979,45.34388421749142,7854.35679999864,25.632473431820014
dma_hardened2,xilinx_u280_xdma_201920_3,3,2,6,24576,256,Gather,4430.897000008827,45.43698307579683,7790.80579999345,25.841562114174284
dma_hardened2,xilinx_u280_xdma_201920_3,3,2,6,24576,256,Gather,4442.5084999943465,45.31822325162826,7810.729100003755,25.775646475807644
dma_hardened2,xilinx_u280_xdma_201920_3,3,2,6,24576,256,Gather,4448.307399991336,45.25914553485942,7804.6491000009155,25.7957262934443
dma_hardened2,xilinx_u280_xdma_201920_3,3,2,6,24576,256,Gather,4388.020199996845,45.88096289988473,7825.789800006079,25.726041351103454
dma_hardened2,xilinx_u280_xdma_201920_3,3,2,6,24576,256,Gather,4374.196599997049,46.02595868693598,7830.296399993131,25.711235145604018
dma_hardened2,xilinx_u280_xdma_201920_3,3,2,6,24576,256,Gather,4402.415000004112,45.730943584330866,7834.106999996492,25.6987289042759
experiment,board_instance,number of nodes,rank id,number of banks,buffer size[KB],segment_size[KB],collective name,execution_time[us],throughput[Gbps],execution_time_fullpath[us],throughput_fullpath[Gbps]
dma_hardened2,xilinx_u280_xdma_201920_3,3,2,6,1,256,Allgather,208.46950000077413,0.1178877485670985,355.2543999944646,0.06917859427042404
dma_hardened2,xilinx_u280_xdma_201920_3,3,2,6,1,256,Allgather,211.94040000409586,0.1159571275675853,350.0126999938402,0.07021459507164314
dma_hardened2,xilinx_u280_xdma_201920_3,3,2,6,1,256,Allgather,243.7485000086781,0.10082523584401556,373.54610000193134,0.06579107638889266
dma_hardened2,xilinx_u280_xdma_201920_3,3,2,6,1,256,Allgather,238.16350000060993,0.10318961553696121,389.5233999969605,0.06309248687034404
dma_hardened2,xilinx_u280_xdma_201920_3,3,2,6,1,256,Allgather,215.8106000024418,0.11387763158863344,347.9141999946478,0.07063810560298509
dma_hardened2,xilinx_u280_xdma_201920_3,3,2,6,1,256,Allgather,244.580000003225,0.10048245972555378,323.55360000337896,0.07595650303301632
dma_hardened2,xilinx_u280_xdma_201920_3,3,2,6,1,256,Allgather,238.1447999937336,0.10319771836566105,359.96520000480814,0.06827326641484158
dma_hardened2,xilinx_u280_xdma_201920_3,3,2,6,1,256,Allgather,228.12259999227535,0.10773154435742968,319.8749000034695,0.07683003574126458
dma_hardened2,xilinx_u280_xdma_201920_3,3,2,6,1,256,Allgather,203.4904999959508,0.12077222278430211,371.0647999923822,0.06623101948906104
dma_hardened2,xilinx_u280_xdma_201920_3,3,2,6,1,256,Allgather,214.07529999351027,0.11480072666367874,375.8930000003602,0.06538030769388217
dma_hardened2,xilinx_u280_xdma_201920_3,3,2,6,1,256,Allgather,214.1854000001331,0.1147417144211731,365.3015000054438,0.06727593508275702
dma_hardened2,xilinx_u280_xdma_201920_3,3,2,6,1,256,Allgather,215.8096000016485,0.11387815926544635,393.1985999997778,0.06250276577793992
dma_hardened2,xilinx_u280_xdma_201920_3,3,2,6,1,256,Allgather,206.54989999684403,0.11898335462944067,351.4199999926859,0.06993341301152893
dma_hardened2,xilinx_u280_xdma_201920_3,3,2,6,1,256,Allgather,212.82010000049922,0.11547781436030878,385.7356000025902,0.0637120348752746
dma_hardened2,xilinx_u280_xdma_201920_3,3,2,6,1,256,Allgather,203.9242000023478,0.12051536796376817,319.6914000000106,0.07687413549441488
dma_hardened2,xilinx_u280_xdma_201920_3,3,2,6,1,256,Allgather,220.22360000164554,0.11159566912817866,424.30429999740227,0.05792069512411367
dma_hardened2,xilinx_u280_xdma_201920_3,3,2,6,1,256,Allgather,228.86740000558348,0.10738095508316362,338.09739999242083,0.0726891126656133
dma_hardened2,xilinx_u280_xdma_201920_3,3,2,6,1,256,Allgather,204.59180000216293,0.12012211632988314,384.74959999348357,0.0638753100728792
dma_hardened2,xilinx_u280_xdma_201920_3,3,2,6,1,256,Allgather,218.0697999961012,0.11269786096212948,329.1644000000815,0.07466177994945357
dma_hardened2,xilinx_u280_xdma_201920_3,3,2,6,1,256,Allgather,215.6256000034773,0.11397533502331668,376.05569999641375,0.06535202099113074
dma_hardened2,xilinx_u280_xdma_201920_3,3,2,6,6,256,Allgather,228.53949999444012,0.6452101278054222,356.59900000837297,0.41350648766972914
dma_hardened2,xilinx_u280_xdma_201920_3,3,2,6,6,256,Allgather,215.8767000082662,0.6830565781038608,398.26339999535776,0.370247429218248
dma_hardened2,xilinx_u280_xdma_201920_3,3,2,6,6,256,Allgather,226.60529999711798,0.6507173486316312,364.1689000005499,0.4049110179363953
dma_hardened2,xilinx_u280_xdma_201920_3,3,2,6,6,256,Allgather,204.18720000634494,0.7221608406179131,378.6637999951381,0.3894113987180536
dma_hardened2,xilinx_u280_xdma_201920_3,3,2,6,6,256,Allgather,215.74529999952574,0.6834725947694997,358.87689999754,0.41088183720103116
dma_hardened2,xilinx_u280_xdma_201920_3,3,2,6,6,256,Allgather,235.52849999077807,0.6260643616622766,345.09679999246146,0.4272888070918685
dma_hardened2,xilinx_u280_xdma_201920_3,3,2,6,6,256,Allgather,228.24339999942822,0.6460471584298577,378.0064000011407,0.3900886334187861
dma_hardened2,xilinx_u280_xdma_201920_3,3,2,6,6,256,Allgather,193.4313999981896,0.7623167696732801,341.5848000031474,0.4316819717933624
dma_hardened2,xilinx_u280_xdma_201920_3,3,2,6,6,256,Allgather,226.9646000058856,0.6496872199284656,370.17659999492025,0.3983396033191279
dma_hardened2,xilinx_u280_xdma_201920_3,3,2,6,6,256,Allgather,236.9602000044324,0.6222817164960267,372.44090000285723,0.39591784897649207
dma_hardened2,xilinx_u280_xdma_201920_3,3,2,6,6,256,Allgather,202.13320000266322,0.7294991619291497,374.93869999707385,0.39328028822085
dma_hardened2,xilinx_u280_xdma_201920_3,3,2,6,6,256,Allgather,243.77240000603706,0.6048921042593346,319.6494000007988,0.46130541774716777
dma_hardened2,xilinx_u280_xdma_201920_3,3,2,6,6,256,Allgather,215.169800003423,0.6853006323269074,345.77820000549764,0.42644678003892533
dma_hardened2,xilinx_u280_xdma_201920_3,3,2,6,6,256,Allgather,219.44470000789806,0.6719506098561182,387.97339999518954,0.3800672932779111
dma_hardened2,xilinx_u280_xdma_201920_3,3,2,6,6,256,Allgather,227.80799999964074,0.6472819216192256,371.59949999931996,0.39681431218360047
dma_hardened2,xilinx_u280_xdma_201920_3,3,2,6,6,256,Allgather,214.6509999988666,0.6869569673599405,353.68029999744977,0.4169188954009122
dma_hardened2,xilinx_u280_xdma_201920_3,3,2,6,6,256,Allgather,197.22739999679106,0.7476445970610531,394.4229000012456,0.37385253239488464
dma_hardened2,xilinx_u280_xdma_201920_3,3,2,6,6,256,Allgather,230.10499999145395,0.6408204950152169,334.30789999329136,0.44107841903514405
dma_hardened2,xilinx_u280_xdma_201920_3,3,2,6,6,256,Allgather,205.4765000025327,0.717629509935114,365.5679999951644,0.4033613445431506
dma_hardened2,xilinx_u280_xdma_201920_3,3,2,6,6,256,Allgather,209.34130000114237,0.7043808364579532,406.4160999973865,0.3628202721323005
dma_hardened2,xilinx_u280_xdma_201920_3,3,2,6,12,256,Allgather,275.0753999976041,1.0721133187575795,329.2228999953295,0.8957821585442074
dma_hardened2,xilinx_u280_xdma_201920_3,3,2,6,12,256,Allgather,264.9945999905867,1.1128981496622044,360.1784000011321,0.8187942419619639
dma_hardened2,xilinx_u280_xdma_201920_3,3,2,6,12,256,Allgather,232.97939999338269,1.2658286526979483,375.94579999904454,0.7844535036719377
dma_hardened2,xilinx_u280_xdma_201920_3,3,2,6,12,256,Allgather,221.63080000154878,1.330645379604004,400.74250000543543,0.7359139597023026
dma_hardened2,xilinx_u280_xdma_201920_3,3,2,6,12,256,Allgather,212.5842000054945,1.387271490507656,306.3770999915505,0.9625784695009297
dma_hardened2,xilinx_u280_xdma_201920_3,3,2,6,12,256,Allgather,200.87479999801872,1.4681383628155886,353.73350000327264,0.8337123851636091
dma_hardened2,xilinx_u280_xdma_201920_3,3,2,6,12,256,Allgather,209.19020000746968,1.409779234349742,331.03870000559255,0.890868650689535
dma_hardened2,xilinx_u280_xdma_201920_3,3,2,6,12,256,Allgather,217.27409999812153,1.3573269892847315,356.6761000001861,0.8268342061602841
dma_hardened2,xilinx_u280_xdma_201920_3,3,2,6,12,256,Allgather,202.5435999939873,1.4560420571608026,356.226400003834,0.827878001172361
dma_hardened2,xilinx_u280_xdma_201920_3,3,2,6,12,256,Allgather,205.3328999977566,1.4362627713494627,384.87320000513137,0.7662575622206692
dma_hardened2,xilinx_u280_xdma_201920_3,3,2,6,12,256,Allgather,244.92200000167938,1.2041057969393434,355.79259999849455,0.8288873911409284
dma_hardened2,xilinx_u280_xdma_201920_3,3,2,6,12,256,Allgather,197.03020000179094,1.4967857719137438,457.08640000157175,0.6451996821585283
dma_hardened2,xilinx_u280_xdma_201920_3,3,2,6,12,256,Allgather,248.2655999983763,1.1878890994238782,346.5909999931682,0.8508934161758762
dma_hardened2,xilinx_u280_xdma_201920_3,3,2,6,12,256,Allgather,200.8777000014561,1.468117167798428,317.5784999939424,0.9286270953657922
dma_hardened2,xilinx_u280_xdma_201920_3,3,2,6,12,256,Allgather,223.86670000287268,1.3173553726222598,301.4687000018057,0.9782508101114099
dma_hardened2,xilinx_u280_xdma_201920_3,3,2,6,12,256,Allgather,207.46620000409166,1.4214941999910526,282.6482000045871,1.0433889194950254
dma_hardened2,xilinx_u280_xdma_201920_3,3,2,6,12,256,Allgather,196.40049999907205,1.5015847719399562,364.30030000929037,0.8095299399766599
dma_hardened2,xilinx_u280_xdma_201920_3,3,2,6,12,256,Allgather,218.78170000491082,1.3479738021661791,313.55659999690033,0.940538327060937
dma_hardened2,xilinx_u280_xdma_201920_3,3,2,6,12,256,Allgather,221.82049999628362,1.3295074170554162,300.18109999900844,0.9824469295401147
dma_hardened2,xilinx_u280_xdma_201920_3,3,2,6,12,256,Allgather,206.39300000766525,1.4288856695190595,343.6663000002227,0.8581347661956057
dma_hardened2,xilinx_u280_xdma_201920_3,3,2,6,24,256,Allgather,192.56960000575418,3.062913356949256,347.00749999956315,1.6997442418412931
dma_hardened2,xilinx_u280_xdma_201920_3,3,2,6,24,256,Allgather,235.87409999663578,2.5005882375742505,319.26759999123533,1.8474283015758322
dma_hardened2,xilinx_u280_xdma_201920_3,3,2,6,24,256,Allgather,220.2982000085285,2.677389102485476,316.94240000206264,1.8609816799398295
dma_hardened2,xilinx_u280_xdma_201920_3,3,2,6,24,256,Allgather,225.57689999302966,2.6147358174450734,346.6447000050721,1.7015232022626332
dma_hardened2,xilinx_u280_xdma_201920_3,3,2,6,24,256,Allgather,215.84429999847998,2.732636442121259,292.41220000812973,2.0170977817738165
dma_hardened2,xilinx_u280_xdma_201920_3,3,2,6,24,256,Allgather,227.11679999929402,2.597007354814058,301.5779000065777,1.9557931797626262
dma_hardened2,xilinx_u280_xdma_201920_3,3,2,6,24,256,Allgather,194.15280000885105,3.037937129792159,327.72529999647304,1.799751194083422
dma_hardened2,xilinx_u280_xdma_201920_3,3,2,6,24,256,Allgather,227.4730999943131,2.592939560830471,293.745300007231,2.007943616410137
dma_hardened2,xilinx_u280_xdma_201920_3,3,2,6,24,256,Allgather,204.3059000016001,2.8869650851756146,369.7620000025381,1.5951449851416624
dma_hardened2,xilinx_u280_xdma_201920_3,3,2,6,24,256,Allgather,217.6597000016045,2.7098447714282985,366.4876000016193,1.6093968799964689
dma_hardened2,xilinx_u280_xdma_201920_3,3,2,6,24,256,Allgather,206.48390000133077,2.8565132680862706,300.32460000484207,1.96395500065759
dma_hardened2,xilinx_u280_xdma_201920_3,3,2,6,24,256,Allgather,199.67260000157694,2.953955625335383,307.39430000039647,1.9187863925884094
dma_hardened2,xilinx_u280_xdma_201920_3,3,2,6,24,256,Allgather,197.1722000007503,2.9914156255179765,328.62169999816615,1.7948419109367744
dma_hardened2,xilinx_u280_xdma_201920_3,3,2,6,24,256,Allgather,250.18239999781144,2.3575759126347804,303.3780000009756,1.9441884381797736
dma_hardened2,xilinx_u280_xdma_201920_3,3,2,6,24,256,Allgather,227.67619999513045,2.5906265126201826,333.9763000099083,1.7660654363273722
dma_hardened2,xilinx_u280_xdma_201920_3,3,2,6,24,256,Allgather,197.40789999787012,2.987843951566091,351.5610000022207,1.6777287582987712
dma_hardened2,xilinx_u280_xdma_201920_3,3,2,6,24,256,Allgather,236.91700000654237,2.489580739177485,359.71769999605385,1.6396857869559116
dma_hardened2,xilinx_u280_xdma_201920_3,3,2,6,24,256,Allgather,195.8729000079984,3.011258831496929,313.43269999979384,1.8818202440281053
dma_hardened2,xilinx_u280_xdma_201920_3,3,2,6,24,256,Allgather,191.6930999982469,3.0769182615618096,289.4203999971978,2.0379489490226352
dma_hardened2,xilinx_u280_xdma_201920_3,3,2,6,24,256,Allgather,198.57959999853847,2.970214463138918,355.5737999931807,1.6587948831193744
dma_hardened2,xilinx_u280_xdma_201920_3,3,2,6,48,256,Allgather,222.13580000425281,5.310481246054961,357.5063999960548,3.299655614593243
dma_hardened2,xilinx_u280_xdma_201920_3,3,2,6,48,256,Allgather,206.26719999654597,5.7190285223232475,394.2277999954058,2.992300390824156
dma_hardened2,xilinx_u280_xdma_201920_3,3,2,6,48,256,Allgather,228.96929999660642,5.151991992015889,334.06500000410233,3.531193031252941
dma_hardened2,xilinx_u280_xdma_201920_3,3,2,6,48,256,Allgather,271.9146999993427,4.3383016806478345,399.901499997668,2.949846399693122
dma_hardened2,xilinx_u280_xdma_201920_3,3,2,6,48,256,Allgather,224.58600000163642,5.252544682177004,350.6225000023733,3.3644389621088644
dma_hardened2,xilinx_u280_xdma_201920_3,3,2,6,48,256,Allgather,236.91129999861005,4.979281275341957,345.8734999981061,3.41063423478948
dma_hardened2,xilinx_u280_xdma_201920_3,3,2,6,48,256,Allgather,243.0382000056852,4.853755500050632,358.12810000379613,3.2939275080271435
dma_hardened2,xilinx_u280_xdma_201920_3,3,2,6,48,256,Allgather,195.19310000077894,6.043492316046482,335.46409999871685,3.5164656963428045
dma_hardened2,xilinx_u280_xdma_201920_3,3,2,6,48,256,Allgather,239.61790000157634,4.9230378865361875,322.1952000103556,3.661283594423769
dma_hardened2,xilinx_u280_xdma_201920_3,3,2,6,48,256,Allgather,206.33390000739382,5.717179774907216,372.6822000089669,3.16529203694627
dma_hardened2,xilinx_u280_xdma_201920_3,3,2,6,48,256,Allgather,235.5901999976595,5.007203185920804,376.6438000070593,3.131998986782446
dma_hardened2,xilinx_u280_xdma_201920_3,3,2,6,48,256,Allgather,214.88500000259592,5.489671219423176,331.6677999919193,3.556715484676959
dma_hardened2,xilinx_u280_xdma_201920_3,3,2,6,48,256,Allgather,206.08030000630606,5.724215269309598,377.7151999997841,3.1231149818717228
dma_hardened2,xilinx_u280_xdma_201920_3,3,2,6,48,256,Allgather,236.80040000044755,4.981613206725033,357.48660000081145,3.2998383715566466
dma_hardened2,xilinx_u280_xdma_201920_3,3,2,6,48,256,Allgather,238.57669999642894,4.944523082168783,315.5346999960784,3.738568214572474
dma_hardened2,xilinx_u280_xdma_201920_3,3,2,6,48,256,Allgather,236.3505000062105,4.9910958511575085,335.11100000396254,3.5201709283970124
dma_hardened2,xilinx_u280_xdma_201920_3,3,2,6,48,256,Allgather,205.3319999959058,5.745076266843559,340.49560000539714,3.4645029186318466
dma_hardened2,xilinx_u280_xdma_201920_3,3,2,6,48,256,Allgather,210.9416999928726,5.592293984735396,324.6560000093268,3.6335321077266727
dma_hardened2,xilinx_u280_xdma_201920_3,3,2,6,48,256,Allgather,210.90239999921323,5.5933360644753245,374.39179999410044,3.150838239562374
dma_hardened2,xilinx_u280_xdma_201920_3,3,2,6,48,256,Allgather,198.28090000828524,5.949377877297853,428.2451999984005,2.7546088082351092
dma_hardened2,xilinx_u280_xdma_201920_3,3,2,6,96,256,Allgather,271.3791000019228,8.693727704098377,323.55020000522927,7.291900916648696
dma_hardened2,xilinx_u280_xdma_201920_3,3,2,6,96,256,Allgather,238.5811000067406,9.888863786500034,409.4827999892914,5.761648596868292
dma_hardened2,xilinx_u280_xdma_201920_3,3,2,6,96,256,Allgather,230.78159999840864,10.223068043623359,374.12039999935587,6.306247935167561
dma_hardened2,xilinx_u280_xdma_201920_3,3,2,6,96,256,Allgather,267.24049999984345,8.828362467520389,374.8858999983895,6.29337086300161
dma_hardened2,xilinx_u280_xdma_201920_3,3,2,6,96,256,Allgather,235.59230000955722,10.01431710588288,394.77779999970153,5.976263102944957
dma_hardened2,xilinx_u280_xdma_201920_3,3,2,6,96,256,Allgather,226.41080000767033,10.420421640310762,342.36999999848194,6.891071063499901
dma_hardened2,xilinx_u280_xdma_201920_3,3,2,6,96,256,Allgather,243.13419999089092,9.703678051415192,351.68179999800486,6.708609885451521
dma_hardened2,xilinx_u280_xdma_201920_3,3,2,6,96,256,Allgather,258.11479999902076,9.140490975368133,400.3301000011561,5.893376491033741
dma_hardened2,xilinx_u280_xdma_201920_3,3,2,6,96,256,Allgather,234.65210000495063,10.05444229968632,405.8031999988998,5.813892054095178
dma_hardened2,xilinx_u280_xdma_201920_3,3,2,6,96,256,Allgather,258.6512999982915,9.121531575582972,332.48789999333894,7.095885294013003
dma_hardened2,xilinx_u280_xdma_201920_3,3,2,6,96,256,Allgather,272.90169999787395,8.645222803736218,403.42760000839917,5.848127396219001
dma_hardened2,xilinx_u280_xdma_201920_3,3,2,6,96,256,Allgather,238.26420000432336,9.902016332949684,352.4001999949178,6.694933771416773
dma_hardened2,xilinx_u280_xdma_201920_3,3,2,6,96,256,Allgather,253.75580000854828,9.297505711871501,324.0910999920743,7.2797309153435465
dma_hardened2,xilinx_u280_xdma_201920_3,3,2,6,96,256,Allgather,247.89159999727417,9.517450369540327,334.24800000148025,7.058519422672841
dma_hardened2,xilinx_u280_xdma_201920_3,3,2,6,96,256,Allgather,218.18420000272454,10.813321954433633,346.4827999891895,6.809273072353409
dma_hardened2,xilinx_u280_xdma_201920_3,3,2,6,96,256,Allgather,258.7038000001485,9.119680499469455,402.56849999877886,5.860607573635684
dma_hardened2,xilinx_u280_xdma_201920_3,3,2,6,96,256,Allgather,216.26939999350725,10.909060644135646,357.2635999944396,6.603796188687344
dma_hardened2,xilinx_u280_xdma_201920_3,3,2,6,96,256,Allgather,246.173700008967,9.583867000878085,363.8006999949539,6.4851332062657505
dma_hardened2,xilinx_u280_xdma_201920_3,3,2,6,96,256,Allgather,233.64239999636993,10.0978931907764,395.9119999990435,5.959142435707178
dma_hardened2,xilinx_u280_xdma_201920_3,3,2,6,96,256,Allgather,220.50469999612687,10.699527039747636,361.9633000084832,6.518053073183679
dma_hardened2,xilinx_u280_xdma_201920_3,3,2,6,192,256,Allgather,246.540599994205,19.139208714957746,379.6276000002763,12.429528306152044
dma_hardened2,xilinx_u280_xdma_201920_3,3,2,6,192,256,Allgather,264.10340000211363,17.86645684971203,438.55149999671994,10.759493468920507
dma_hardened2,xilinx_u280_xdma_201920_3,3,2,6,192,256,Allgather,295.5627000005734,15.964774986799233,395.9315999964019,11.917694874677547
dma_hardened2,xilinx_u280_xdma_201920_3,3,2,6,192,256,Allgather,330.6193999947027,14.271975570930211,423.24839999992037,11.148517041058838
dma_hardened2,xilinx_u280_xdma_201920_3,3,2,6,192,256,Allgather,255.87549999954717,18.4409683615991,416.4546999959384,11.330384793462576
dma_hardened2,xilinx_u280_xdma_201920_3,3,2,6,192,256,Allgather,290.8322999928714,16.22444274626875,463.1776999985959,10.187433462393168
dma_hardened2,xilinx_u280_xdma_201920_3,3,2,6,192,256,Allgather,251.57339999850595,18.756323204392924,427.9960000076244,11.02485069934285
dma_hardened2,xilinx_u280_xdma_201920_3,3,2,6,192,256,Allgather,303.40570000362277,15.552087518275556,470.62659999710377,10.026190614871828
dma_hardened2,xilinx_u280_xdma_201920_3,3,2,6,192,256,Allgather,276.55809999487246,17.061847040775465,481.62809999894307,9.797169226650928
dma_hardened2,xilinx_u280_xdma_201920_3,3,2,6,192,256,Allgather,259.83529999393795,18.159934389630994,363.82960000764797,12.969236147638377
dma_hardened2,xilinx_u280_xdma_201920_3,3,2,6,192,256,Allgather,289.9886000022889,16.271646540459717,387.22320000488253,12.185716144953357
dma_hardened2,xilinx_u280_xdma_201920_3,3,2,6,192,256,Allgather,286.5305999989687,16.46802121664138,386.21589999365824,12.21749803692049
dma_hardened2,xilinx_u280_xdma_201920_3,3,2,6,192,256,Allgather,241.05669999698875,19.574614603364868,435.8965000051285,10.825028418316009
dma_hardened2,xilinx_u280_xdma_201920_3,3,2,6,192,256,Allgather,261.52929999625485,18.04230730578781,407.65779999674123,11.574884621458782
dma_hardened2,xilinx_u280_xdma_201920_3,3,2,6,192,256,Allgather,278.0412999982218,16.970831311859705,469.0725000045859,10.059408726697619
dma_hardened2,xilinx_u280_xdma_201920_3,3,2,6,192,256,Allgather,306.25359999021384,15.40746623109338,438.8214999949014,10.752873321053833
dma_hardened2,xilinx_u280_xdma_201920_3,3,2,6,192,256,Allgather,256.7010999996455,18.381658668414417,418.17989999799465,11.283641322843655
dma_hardened2,xilinx_u280_xdma_201920_3,3,2,6,192,256,Allgather,290.0738999983332,16.26686165155539,456.77030000206287,10.330338903336513
dma_hardened2,xilinx_u280_xdma_201920_3,3,2,6,192,256,Allgather,261.94130000476434,18.013929074621586,439.20619999653354,10.743454896668675
dma_hardened2,xilinx_u280_xdma_201920_3,3,2,6,192,256,Allgather,318.4685999940484,14.816506242964556,409.59399999564994,11.52016875259431
dma_hardened2,xilinx_u280_xdma_201920_3,3,2,6,384,256,Allgather,388.6827000087578,24.279917783290486,517.4006000061127,18.239607762125726
dma_hardened2,xilinx_u280_xdma_201920_3,3,2,6,384,256,Allgather,358.8745000001836,26.296613440061,508.3686000034504,18.563664238774678
dma_hardened2,xilinx_u280_xdma_201920_3,3,2,6,384,256,Allgather,387.56469999725596,24.34995756854744,474.21350000149687,19.90070717086336
dma_hardened2,xilinx_u280_xdma_201920_3,3,2,6,384,256,Allgather,343.4179999999287,27.48016702677774,496.5436000020418,19.005750955124977
dma_hardened2,xilinx_u280_xdma_201920_3,3,2,6,384,256,Allgather,322.15600000427,29.29383280111162,490.39350000157356,19.244104989094915
dma_hardened2,xilinx_u280_xdma_201920_3,3,2,6,384,256,Allgather,397.26889999656123,23.75515425466652,510.41829999576294,18.489117651303527
dma_hardened2,xilinx_u280_xdma_201920_3,3,2,6,384,256,Allgather,295.1643999949738,31.972636266977663,549.3092000051547,17.18009456224553
dma_hardened2,xilinx_u280_xdma_201920_3,3,2,6,384,256,Allgather,428.6964999892007,22.013671677370198,531.622599999082,17.75166067058905
dma_hardened2,xilinx_u280_xdma_201920_3,3,2,6,384,256,Allgather,445.4438000038863,21.186026160691124,489.8449000052096,19.265657353786136
dma_hardened2,xilinx_u280_xdma_201920_3,3,2,6,384,256,Allgather,403.16380000149366,23.407815880208087,562.2266000045784,16.78537443785682
dma_hardened2,xilinx_u280_xdma_201920_3,3,2,6,384,256,Allgather,373.8549999980023,25.24289898503545,474.25640000255953,19.898907004626754
dma_hardened2,xilinx_u280_xdma_201920_3,3,2,6,384,256,Allgather,353.28110000136803,26.712960302613006,545.6287000015436,17.295981681266586
dma_hardened2,xilinx_u280_xdma_201920_3,3,2,6,384,256,Allgather,441.6656999978841,21.367255822775487,596.1759999991045,15.829526851154986
dma_hardened2,xilinx_u280_xdma_201920_3,3,2,6,384,256,Allgather,461.8317999984356,20.434244675295133,513.750099992194,18.369211023303723
dma_hardened2,xilinx_u280_xdma_201920_3,3,2,6,384,256,Allgather,393.06479999368094,24.009232065938534,503.6112999960096,18.739023528810367
dma_hardened2,xilinx_u280_xdma_201920_3,3,2,6,384,256,Allgather,391.73489999484445,24.09074095804127,523.4128999973109,18.03009440548463
dma_hardened2,xilinx_u280_xdma_201920_3,3,2,6,384,256,Allgather,423.3242999930553,22.29303633208587,525.5327999975634,17.957364411971533
dma_hardened2,xilinx_u280_xdma_201920_3,3,2,6,384,256,Allgather,372.94139999630715,25.304736883846754,512.9065000005539,18.39942367661515
dma_hardened2,xilinx_u280_xdma_201920_3,3,2,6,384,256,Allgather,392.8002999941782,24.025399166293585,556.5671999988808,16.956054902299268
dma_hardened2,xilinx_u280_xdma_201920_3,3,2,6,384,256,Allgather,424.50810000218553,22.23086909284278,485.54149999517904,19.436410688053858
dma_hardened2,xilinx_u280_xdma_201920_3,3,2,6,768,256,Allgather,503.79830000792936,37.46413594429146,764.4784000035543,24.6892103163572
dma_hardened2,xilinx_u280_xdma_201920_3,3,2,6,768,256,Allgather,499.0958000007595,37.817124487866415,796.0934000038833,23.708735683410932
dma_hardened2,xilinx_u280_xdma_201920_3,3,2,6,768,256,Allgather,510.8006000000386,36.9505595725584,799.9239000014313,23.595204493785253
dma_hardened2,xilinx_u280_xdma_201920_3,3,2,6,768,256,Allgather,493.06089999845426,38.279993404585866,811.2625000080698,23.265426418467825
dma_hardened2,xilinx_u280_xdma_201920_3,3,2,6,768,256,Allgather,516.7592999896442,36.52448635250152,691.0204999940106,27.31375986698454
dma_hardened2,xilinx_u280_xdma_201920_3,3,2,6,768,256,Allgather,485.53589999755786,38.873269721342815,714.546800008975,26.41446018618085
dma_hardened2,xilinx_u280_xdma_201920_3,3,2,6,768,256,Allgather,485.3051999930358,38.89174894534584,752.4811000052978,25.082846598894132
dma_hardened2,xilinx_u280_xdma_201920_3,3,2,6,768,256,Allgather,518.2215999980144,36.42142280459232,717.8854000017054,26.2916170184756
dma_hardened2,xilinx_u280_xdma_201920_3,3,2,6,768,256,Allgather,472.8449000026558,39.91661536350289,744.9790000009671,25.33543630085613
dma_hardened2,xilinx_u280_xdma_201920_3,3,2,6,768,256,Allgather,497.95190000168077,37.903998357946406,692.8535000042757,27.241499104620996
dma_hardened2,xilinx_u280_xdma_201920_3,3,2,6,768,256,Allgather,484.4512999966355,38.96030003455679,809.6707000049719,23.311165884950636
dma_hardened2,xilinx_u280_xdma_201920_3,3,2,6,768,256,Allgather,480.9808000004523,39.24141670516214,746.5910000064468,25.280733359814167
dma_hardened2,xilinx_u280_xdma_201920_3,3,2,6,768,256,Allgather,535.7812000056583,35.22775341837427,804.3057999998382,23.466656587586208
dma_hardened2,xilinx_u280_xdma_201920_3,3,2,6,768,256,Allgather,492.8065000058268,38.29975456853113,776.6490999983944,24.302311043737795
dma_hardened2,xilinx_u280_xdma_201920_3,3,2,6,768,256,Allgather,495.16759999050925,38.11713044302931,800.2873000009458,23.58449021992189
dma_hardened2,xilinx_u280_xdma_201920_3,3,2,6,768,256,Allgather,501.09400000337695,37.6663220870192,725.8389999947212,26.00351868684001
dma_hardened2,xilinx_u280_xdma_201920_3,3,2,6,768,256,Allgather,491.60070000198175,38.39369634730771,748.1485000084831,25.228103778576028
dma_hardened2,xilinx_u280_xdma_201920_3,3,2,6,768,256,Allgather,492.2290999957113,38.34468136923325,706.9072000035703,26.699923271264847
dma_hardened2,xilinx_u280_xdma_201920_3,3,2,6,768,256,Allgather,513.7464999961594,36.73867948519571,721.7694000019037,26.150136040611056
dma_hardened2,xilinx_u280_xdma_201920_3,3,2,6,768,256,Allgather,485.4458999943745,38.88047669208602,762.6573000038661,24.74816408353309
dma_hardened2,xilinx_u280_xdma_201920_3,3,2,6,1536,256,Allgather,675.5354999995689,55.879722087179864,1033.2790000006753,36.53295576506958
dma_hardened2,xilinx_u280_xdma_201920_3,3,2,6,1536,256,Allgather,692.048700000214,54.546357792433284,989.0903000041363,38.16510585519051
dma_hardened2,xilinx_u280_xdma_201920_3,3,2,6,1536,256,Allgather,708.9818000054038,53.24358960936978,1079.9140999893098,34.955313575749855
dma_hardened2,xilinx_u280_xdma_201920_3,3,2,6,1536,256,Allgather,660.9380999975656,57.1138749606643,1078.2073000086712,35.01064776661818
dma_hardened2,xilinx_u280_xdma_201920_3,3,2,6,1536,256,Allgather,689.075499997216,54.781712599203594,1000.3012999959537,37.737365731857686
dma_hardened2,xilinx_u280_xdma_201920_3,3,2,6,1536,256,Allgather,690.6619000005776,54.65588300146343,1041.393799994239,36.248281870132914
dma_hardened2,xilinx_u280_xdma_201920_3,3,2,6,1536,256,Allgather,685.1061000020309,55.09910946623903,1027.8301999960604,36.726626635551945
dma_hardened2,xilinx_u280_xdma_201920_3,3,2,6,1536,256,Allgather,683.1331999933354,55.25823660798256,1015.1395000093544,37.1857621535288
dma_hardened2,xilinx_u280_xdma_201920_3,3,2,6,1536,256,Allgather,678.2329999964531,55.65747464396071,1040.3772000017852,36.28370171889121
dma_hardened2,xilinx_u280_xdma_201920_3,3,2,6,1536,256,Allgather,684.5708000014383,55.14219420390219,1013.4760000028108,37.24679814805216
dma_hardened2,xilinx_u280_xdma_201920_3,3,2,6,1536,256,Allgather,676.3903999967624,55.80909486619072,999.3804000032469,37.77213961758441
dma_hardened2,xilinx_u280_xdma_201920_3,3,2,6,1536,256,Allgather,691.600400000425,54.581715105972755,1001.2910000000373,37.70006521580499
dma_hardened2,xilinx_u280_xdma_201920_3,3,2,6,1536,256,Allgather,685.2643999991415,55.08638125670514,1085.2672000055463,34.7828958617814
dma_hardened2,xilinx_u280_xdma_201920_3,3,2,6,1536,256,Allgather,677.6501000103963,55.70535000204512,1005.9021999950346,37.52724270827356
dma_hardened2,xilinx_u280_xdma_201920_3,3,2,6,1536,256,Allgather,692.1941000086917,54.53489996451284,1009.0289000004304,37.41095621739268
dma_hardened2,xilinx_u280_xdma_201920_3,3,2,6,1536,256,Allgather,712.9447000011169,52.94763534947502,1017.0444999971552,37.11611045544771
dma_hardened2,xilinx_u280_xdma_201920_3,3,2,6,1536,256,Allgather,658.6776000062855,57.309882709902055,1017.5021999998535,37.09941462534964
dma_hardened2,xilinx_u280_xdma_201920_3,3,2,6,1536,256,Allgather,710.6638999971437,53.11756513895207,1017.6285999932588,37.094806494481446
dma_hardened2,xilinx_u280_xdma_201920_3,3,2,6,1536,256,Allgather,675.0269999997727,55.92181646069374,1032.267599998704,36.568750196215966
dma_hardened2,xilinx_u280_xdma_201920_3,3,2,6,1536,256,Allgather,693.2614999982434,54.450933738705594,979.8856999964299,38.52361147849951
dma_hardened2,xilinx_u280_xdma_201920_3,3,2,6,3072,256,Allgather,1065.6708999931652,70.84501603683108,1775.5858999976226,42.51975193095478
dma_hardened2,xilinx_u280_xdma_201920_3,3,2,6,3072,256,Allgather,1056.1379000023408,71.48448322878355,1775.0986000010016,42.531424451552944
dma_hardened2,xilinx_u280_xdma_201920_3,3,2,6,3072,256,Allgather,1040.8834000031675,72.5321126264193,1677.5822999989032,45.003736627436616
dma_hardened2,xilinx_u280_xdma_201920_3,3,2,6,3072,256,Allgather,1053.2804000035867,71.67841725692695,1688.4398000001966,44.71434042243686
dma_hardened2,xilinx_u280_xdma_201920_3,3,2,6,3072,256,Allgather,1088.9575000078366,69.33004456046879,1689.127700001336,44.696130434626276
dma_hardened2,xilinx_u280_xdma_201920_3,3,2,6,3072,256,Allgather,1104.1413999919314,68.37663364542956,1761.6739999994024,42.85552945665634
dma_hardened2,xilinx_u280_xdma_201920_3,3,2,6,3072,256,Allgather,1092.2838999931628,69.11890947076358,1763.2120000030227,42.8181477893019
dma_hardened2,xilinx_u280_xdma_201920_3,3,2,6,3072,256,Allgather,1080.48399999916,69.87375287376648,1791.3500000076965,42.14557289177192
dma_hardened2,xilinx_u280_xdma_201920_3,3,2,6,3072,256,Allgather,1058.951100003469,71.29457819133734,1824.4409999965683,41.381152912120484
dma_hardened2,xilinx_u280_xdma_201920_3,3,2,6,3072,256,Allgather,1064.5350000004328,70.92061040733212,1777.3292000015317,42.47804627298923
dma_hardened2,xilinx_u280_xdma_201920_3,3,2,6,3072,256,Allgather,1035.40500000463,72.9158850881176,1794.1178000000946,42.08055457673739
dma_hardened2,xilinx_u280_xdma_201920_3,3,2,6,3072,256,Allgather,1052.7778999971815,71.7126299860608,1880.8163000016975,40.140800566186
dma_hardened2,xilinx_u280_xdma_201920_3,3,2,6,3072,256,Allgather,1040.5045999959839,72.55851824229455,1783.154499992179,42.339276826731016
dma_hardened2,xilinx_u280_xdma_201920_3,3,2,6,3072,256,Allgather,1091.813200002889,69.148707855703,1751.2468000063564,43.11069804651519
dma_hardened2,xilinx_u280_xdma_201920_3,3,2,6,3072,256,Allgather,1064.9660000012773,70.89190828618891,1791.826199996649,42.13437218416674
dma_hardened2,xilinx_u280_xdma_201920_3,3,2,6,3072,256,Allgather,1098.8935999989735,68.703168350485,1799.6082999957252,41.95216925826544
dma_hardened2,xilinx_u280_xdma_201920_3,3,2,6,3072,256,Allgather,1097.904899995683,68.7650378464445,1689.480699997148,44.68679162782235
dma_hardened2,xilinx_u280_xdma_201920_3,3,2,6,3072,256,Allgather,1085.2527999986705,69.56671477842995,1770.6404000023213,42.63851203208795
dma_hardened2,xilinx_u280_xdma_201920_3,3,2,6,3072,256,Allgather,1031.2698999996428,73.20825712068796,1717.8933999957735,43.94770478784408
dma_hardened2,xilinx_u280_xdma_201920_3,3,2,6,3072,256,Allgather,1078.979499993693,69.97118295615562,1754.554600006486,43.02942296564662
dma_hardened2,xilinx_u280_xdma_201920_3,3,2,6,6144,256,Allgather,2098.3032999993156,71.96049493895818,3229.1786999962824,46.75955034640041
dma_hardened2,xilinx_u280_xdma_201920_3,3,2,6,6144,256,Allgather,2074.456899993038,72.78769879504691,3184.1776999954163,47.42038862976063
dma_hardened2,xilinx_u280_xdma_201920_3,3,2,6,6144,256,Allgather,2107.5808000091456,71.64372725323024,3186.5610000068045,47.3849218639397
dma_hardened2,xilinx_u280_xdma_201920_3,3,2,6,6144,256,Allgather,2086.522900003729,72.36678015838223,3210.332699995888,47.03404852718019
dma_hardened2,xilinx_u280_xdma_201920_3,3,2,6,6144,256,Allgather,2074.928199999704,72.77116576854156,3179.174100000637,47.49502205619056
dma_hardened2,xilinx_u280_xdma_201920_3,3,2,6,6144,256,Allgather,2051.667799992174,73.5961952517732,3284.0811000028225,45.9778365399899
dma_hardened2,xilinx_u280_xdma_201920_3,3,2,6,6144,256,Allgather,2095.334399996318,72.06245647485447,3222.727499996836,46.853152803067665
dma_hardened2,xilinx_u280_xdma_201920_3,3,2,6,6144,256,Allgather,2071.9054999972286,72.87733151931977,3269.035100004203,46.189453273171
dma_hardened2,xilinx_u280_xdma_201920_3,3,2,6,6144,256,Allgather,2109.152700006689,71.59033293299302,3209.0298000071016,47.05314484760031
dma_hardened2,xilinx_u280_xdma_201920_3,3,2,6,6144,256,Allgather,2028.9052000066476,74.42188230357203,3249.9731000029897,46.46036731807445
dma_hardened2,xilinx_u280_xdma_201920_3,3,2,6,6144,256,Allgather,2090.036599997802,72.24511953530325,3155.883299996276,47.84554105666017
dma_hardened2,xilinx_u280_xdma_201920_3,3,2,6,6144,256,Allgather,2084.0296999949715,72.45335515149536,3243.8490000004094,46.54808038228072
dma_hardened2,xilinx_u280_xdma_201920_3,3,2,6,6144,256,Allgather,2078.519300005155,72.64543754759724,3131.098300002577,48.22427453008285
dma_hardened2,xilinx_u280_xdma_201920_3,3,2,6,6144,256,Allgather,2052.5709000025927,73.56381404404071,3183.669200006989,47.427962678933014
dma_hardened2,xilinx_u280_xdma_201920_3,3,2,6,6144,256,Allgather,2100.6577000093785,71.8798422033851,3182.7176999968287,47.44214166407233
dma_hardened2,xilinx_u280_xdma_201920_3,3,2,6,6144,256,Allgather,2079.381999999441,72.615298199196,3271.9093999958204,46.14887686076909
dma_hardened2,xilinx_u280_xdma_201920_3,3,2,6,6144,256,Allgather,1991.0572999947362,75.83656381983542,3213.7118999912673,46.98459248957889
dma_hardened2,xilinx_u280_xdma_201920_3,3,2,6,6144,256,Allgather,2074.156200001198,72.79825116349134,3202.6458000018465,47.14693832203141
dma_hardened2,xilinx_u280_xdma_201920_3,3,2,6,6144,256,Allgather,1982.109299990498,76.17891909428197,3247.9384999987815,46.48947139856763
dma_hardened2,xilinx_u280_xdma_201920_3,3,2,6,6144,256,Allgather,2028.1145000012657,74.45089712632387,3201.3265000045976,47.1663680664197
dma_hardened2,xilinx_u280_xdma_201920_3,3,2,6,12288,256,Allgather,3652.364899994609,82.68338357989525,5645.198499996695,53.494998980138035
dma_hardened2,xilinx_u280_xdma_201920_3,3,2,6,12288,256,Allgather,3612.7379999925324,83.5903096212967,5745.462699997006,52.56145653859303
dma_hardened2,xilinx_u280_xdma_201920_3,3,2,6,12288,256,Allgather,3651.8086999990373,82.69597692783842,5655.58629999714,53.39674296900973
dma_hardened2,xilinx_u280_xdma_201920_3,3,2,6,12288,256,Allgather,3626.5651000007892,83.27160265230982,5672.850200005541,53.234243343796564
dma_hardened2,xilinx_u280_xdma_201920_3,3,2,6,12288,256,Allgather,3631.4752999942357,83.15900923255057,5713.387200000852,52.85654156258742
dma_hardened2,xilinx_u280_xdma_201920_3,3,2,6,12288,256,Allgather,3647.458500006451,82.79460561359805,5686.011400007374,53.111024012299445
dma_hardened2,xilinx_u280_xdma_201920_3,3,2,6,12288,256,Allgather,3626.815700010866,83.26584888200833,5727.644499995677,52.724970622780084
dma_hardened2,xilinx_u280_xdma_201920_3,3,2,6,12288,256,Allgather,3647.2743999979684,82.79878475833029,5698.745199993027,52.99234785937955
dma_hardened2,xilinx_u280_xdma_201920_3,3,2,6,12288,256,Allgather,3636.4563000006456,83.04510300314797,5663.370900003883,53.32334634833698
dma_hardened2,xilinx_u280_xdma_201920_3,3,2,6,12288,256,Allgather,3651.2305999963246,82.70907019685473,5626.260799999727,53.67506035269724
dma_hardened2,xilinx_u280_xdma_201920_3,3,2,6,12288,256,Allgather,3650.469899992004,82.72630545472009,5643.214200006241,53.51380920463129
dma_hardened2,xilinx_u280_xdma_201920_3,3,2,6,12288,256,Allgather,3625.755100006245,83.29020567315202,5788.282299999992,52.1726260655947
dma_hardened2,xilinx_u280_xdma_201920_3,3,2,6,12288,256,Allgather,3654.825700004949,82.62771272501206,5727.027700004328,52.73064909390464
dma_hardened2,xilinx_u280_xdma_201920_3,3,2,6,12288,256,Allgather,3634.7605999935695,83.08384546716344,5737.349000003178,52.635788410262776
dma_hardened2,xilinx_u280_xdma_201920_3,3,2,6,12288,256,Allgather,3646.244900005513,82.82216260337955,5628.694200004247,53.651855522684485
dma_hardened2,xilinx_u280_xdma_201920_3,3,2,6,12288,256,Allgather,3606.9916000087687,83.72347969961056,5751.669100004619,52.50473953721668
dma_hardened2,xilinx_u280_xdma_201920_3,3,2,6,12288,256,Allgather,3640.7109000037963,82.94805500752204,5664.458800004013,53.313105216651245
dma_hardened2,xilinx_u280_xdma_201920_3,3,2,6,12288,256,Allgather,3636.249300006966,83.04983049413622,5704.403300001104,52.93978565644921
dma_hardened2,xilinx_u280_xdma_201920_3,3,2,6,12288,256,Allgather,3640.53219999505,82.95212661500717,5702.7475000040795,52.955156790614346
dma_hardened2,xilinx_u280_xdma_201920_3,3,2,6,12288,256,Allgather,3663.7671999983468,82.42605807490615,5724.2598999891925,52.756145471411976
dma_hardened2,xilinx_u280_xdma_201920_3,3,2,6,24576,256,Allgather,6661.7786999927375,90.66344038126911,10153.218100003869,59.486536194841506
dma_hardened2,xilinx_u280_xdma_201920_3,3,2,6,24576,256,Allgather,6672.094800001105,90.52326055077934,10172.069500004,59.37629270029688
dma_hardened2,xilinx_u280_xdma_201920_3,3,2,6,24576,256,Allgather,6652.152899994235,90.79463221606399,10176.833399998486,59.348497932577914
dma_hardened2,xilinx_u280_xdma_201920_3,3,2,6,24576,256,Allgather,6659.3348999958835,90.69671146894464,10087.440600000264,59.874431974348795
dma_hardened2,xilinx_u280_xdma_201920_3,3,2,6,24576,256,Allgather,6682.972600003723,90.37591684868849,10132.832399995095,59.606213954579204
dma_hardened2,xilinx_u280_xdma_201920_3,3,2,6,24576,256,Allgather,6648.997699994652,90.83771769096654,10127.233800005797,59.639165830224464
dma_hardened2,xilinx_u280_xdma_201920_3,3,2,6,24576,256,Allgather,6653.885499997614,90.77099027330972,10059.368700001414,60.04151890763434
dma_hardened2,xilinx_u280_xdma_201920_3,3,2,6,24576,256,Allgather,6666.762099996504,90.5956695230383,10106.49590000412,59.76154168328053
dma_hardened2,xilinx_u280_xdma_201920_3,3,2,6,24576,256,Allgather,6681.526199997734,90.39548120011935,10092.08769999077,59.846861616209736
dma_hardened2,xilinx_u280_xdma_201920_3,3,2,6,24576,256,Allgather,6672.652700001436,90.51569190763819,10211.348600000747,59.14789511739476
dma_hardened2,xilinx_u280_xdma_201920_3,3,2,6,24576,256,Allgather,6636.321200005568,91.0112331512063,10103.575699997691,59.77881434590904
dma_hardened2,xilinx_u280_xdma_201920_3,3,2,6,24576,256,Allgather,6678.750100002162,90.43305513104981,10099.805800007289,59.80112766124316
dma_hardened2,xilinx_u280_xdma_201920_3,3,2,6,24576,256,Allgather,6617.2196000025,91.27395076925842,9982.082199996967,60.50639174261494
dma_hardened2,xilinx_u280_xdma_201920_3,3,2,6,24576,256,Allgather,6654.127600006632,90.76768771302163,10058.243900004982,60.04823327059119
dma_hardened2,xilinx_u280_xdma_201920_3,3,2,6,24576,256,Allgather,6628.226899999845,91.12237482395392,10022.998600004485,60.259389440574175
dma_hardened2,xilinx_u280_xdma_201920_3,3,2,6,24576,256,Allgather,6643.663900001684,90.9106458560986,10040.022499993029,60.15721339274084
dma_hardened2,xilinx_u280_xdma_201920_3,3,2,6,24576,256,Allgather,6669.439799998145,90.55929644948111,10149.091900007079,59.51072095421451
dma_hardened2,xilinx_u280_xdma_201920_3,3,2,6,24576,256,Allgather,6631.080700003622,91.08315873755994,10018.485800003418,60.28653312058334
dma_hardened2,xilinx_u280_xdma_201920_3,3,2,6,24576,256,Allgather,6668.457900002522,90.57263089263435,10060.344599992277,60.03569460239599
dma_hardened2,xilinx_u280_xdma_201920_3,3,2,6,24576,256,Allgather,6658.841200010102,90.70343590699892,10079.069200003232,59.924162044626726
experiment,board_instance,number of nodes,rank id,number of banks,buffer size[KB],segment_size[KB],collective name,execution_time[us],throughput[Gbps],execution_time_fullpath[us],throughput_fullpath[Gbps]
dma_hardened2,xilinx_u280_xdma_201920_3,3,2,6,1,512,Send/recv,183.57369999648654,0.04462512876385227,320.34239999347847,0.02557263727863303
dma_hardened2,xilinx_u280_xdma_201920_3,3,2,6,1,512,Send/recv,190.03709999196872,0.043107372193883234,330.00209999727304,0.02482408445300104
dma_hardened2,xilinx_u280_xdma_201920_3,3,2,6,1,512,Send/recv,187.34450000010838,0.043726930867974564,308.778600003734,0.02653033597503498
dma_hardened2,xilinx_u280_xdma_201920_3,3,2,6,1,512,Send/recv,188.74979999736752,0.04340137049212372,337.7386000011029,0.024255444891324973
dma_hardened2,xilinx_u280_xdma_201920_3,3,2,6,1,512,Send/recv,182.04750000450076,0.044999244701506305,295.25779999630686,0.027745245003188625
dma_hardened2,xilinx_u280_xdma_201920_3,3,2,6,1,512,Send/recv,179.70720000448637,0.04558526313801277,277.26259999099057,0.02954599718918524
dma_hardened2,xilinx_u280_xdma_201920_3,3,2,6,1,512,Send/recv,177.9582999915874,0.04603325610767949,310.0109000001794,0.026424877318814464
dma_hardened2,xilinx_u280_xdma_201920_3,3,2,6,1,512,Send/recv,174.3879999935416,0.0469757093395382,310.19499999729305,0.02640919421677167
dma_hardened2,xilinx_u280_xdma_201920_3,3,2,6,1,512,Send/recv,182.38610000480548,0.04491570355297996,336.05620000116687,0.024376875058313326
dma_hardened2,xilinx_u280_xdma_201920_3,3,2,6,1,512,Send/recv,186.66319999738334,0.04388652932187403,279.05519999649187,0.02935619906062666
dma_hardened2,xilinx_u280_xdma_201920_3,3,2,6,1,512,Send/recv,178.8804999932836,0.045795936395009985,315.6891999992695,0.025949573187866285
dma_hardened2,xilinx_u280_xdma_201920_3,3,2,6,1,512,Send/recv,192.56200000654644,0.04254214226961446,307.62650000042413,0.026629695426072547
dma_hardened2,xilinx_u280_xdma_201920_3,3,2,6,1,512,Send/recv,179.4709999899169,0.045645257453628976,343.3918000041558,0.02385613168369442
dma_hardened2,xilinx_u280_xdma_201920_3,3,2,6,1,512,Send/recv,167.79579999592897,0.04882124582497746,305.51009999726375,0.02681417079197503
dma_hardened2,xilinx_u280_xdma_201920_3,3,2,6,1,512,Send/recv,176.19709999507904,0.046493387236389204,332.6756000092246,0.02462458923880455
dma_hardened2,xilinx_u280_xdma_201920_3,3,2,6,1,512,Send/recv,184.40059999420555,0.04442501814125018,313.7004999985038,0.026114080149821473
dma_hardened2,xilinx_u280_xdma_201920_3,3,2,6,1,512,Send/recv,188.37879999864526,0.043486846715548214,288.52460000052815,0.028392726304741447
dma_hardened2,xilinx_u280_xdma_201920_3,3,2,6,1,512,Send/recv,184.9278999998205,0.044298345463328954,299.37480001080985,0.027363692601061286
dma_hardened2,xilinx_u280_xdma_201920_3,3,2,6,1,512,Send/recv,192.04750000199056,0.042656113721423555,291.0294999992402,0.028148349222403182
dma_hardened2,xilinx_u280_xdma_201920_3,3,2,6,1,512,Send/recv,179.68269999073527,0.045591478759070256,313.2348999997703,0.0261528967557766
dma_hardened2,xilinx_u280_xdma_201920_3,3,2,6,6,512,Send/recv,204.33459999367187,0.24054663283419553,296.62489999964237,0.16570422779766383
dma_hardened2,xilinx_u280_xdma_201920_3,3,2,6,6,512,Send/recv,179.06369999991512,0.27449449553440086,286.1622999944302,0.1717626675524927
dma_hardened2,xilinx_u280_xdma_201920_3,3,2,6,6,512,Send/recv,182.55580000641203,0.2692437052028673,337.76880000004894,0.1455196572329738
dma_hardened2,xilinx_u280_xdma_201920_3,3,2,6,6,512,Send/recv,188.13350000073115,0.2612612852033741,324.1952000053061,0.1516123619325503
dma_hardened2,xilinx_u280_xdma_201920_3,3,2,6,6,512,Send/recv,187.85570000545704,0.26164763698185456,310.5111999957444,0.15829380711766158
dma_hardened2,xilinx_u280_xdma_201920_3,3,2,6,6,512,Send/recv,185.15179999667453,0.2654686586945566,316.1516000091069,0.1554697176879198
dma_hardened2,xilinx_u280_xdma_201920_3,3,2,6,6,512,Send/recv,187.7333999914299,0.26181808885496033,283.2608999938202,0.17352200745345484
dma_hardened2,xilinx_u280_xdma_201920_3,3,2,6,6,512,Send/recv,185.43750001072112,0.2650596562030779,297.33719999285313,0.16530726730856898
dma_hardened2,xilinx_u280_xdma_201920_3,3,2,6,6,512,Send/recv,185.3166000046258,0.2652325803450586,283.8005999933557,0.17319202285390073
dma_hardened2,xilinx_u280_xdma_201920_3,3,2,6,6,512,Send/recv,179.74259999391506,0.27345771120293116,290.91779999816936,0.1689549419124897
dma_hardened2,xilinx_u280_xdma_201920_3,3,2,6,6,512,Send/recv,188.13469999940935,0.2612596187739652,288.0602999994153,0.1706309408137802
dma_hardened2,xilinx_u280_xdma_201920_3,3,2,6,6,512,Send/recv,179.56120000235387,0.27373396925034843,300.40719999533394,0.16361791595129363
dma_hardened2,xilinx_u280_xdma_201920_3,3,2,6,6,512,Send/recv,202.2268000018812,0.24305383855919574,304.2679000031967,0.1615418517677468
dma_hardened2,xilinx_u280_xdma_201920_3,3,2,6,6,512,Send/recv,180.1129000000401,0.27289550054432,318.3372999956191,0.15440226451840994
dma_hardened2,xilinx_u280_xdma_201920_3,3,2,6,6,512,Send/recv,198.7416000019948,0.24731611298040596,299.1753000060271,0.1642916377087607
dma_hardened2,xilinx_u280_xdma_201920_3,3,2,6,6,512,Send/recv,185.74540000599882,0.2646202813012467,313.59690000272167,0.1567362432459422
dma_hardened2,xilinx_u280_xdma_201920_3,3,2,6,6,512,Send/recv,192.4837000046864,0.25535668733925676,303.03459999458937,0.16219930001682187
dma_hardened2,xilinx_u280_xdma_201920_3,3,2,6,6,512,Send/recv,203.7622999978339,0.24122224769018857,303.14989999169484,0.1621376091542388
dma_hardened2,xilinx_u280_xdma_201920_3,3,2,6,6,512,Send/recv,197.27050000710733,0.24916041677913897,350.91190000002825,0.14006934504072402
dma_hardened2,xilinx_u280_xdma_201920_3,3,2,6,6,512,Send/recv,192.1370999980354,0.2558173304401002,290.7148999952369,0.1690728614212939
dma_hardened2,xilinx_u280_xdma_201920_3,3,2,6,12,512,Send/recv,195.06559999626916,0.5039535417925055,320.1515000000654,0.30705462882410334
dma_hardened2,xilinx_u280_xdma_201920_3,3,2,6,12,512,Send/recv,184.25219999471665,0.5335295860935111,313.83969999296824,0.3132299705939133
dma_hardened2,xilinx_u280_xdma_201920_3,3,2,6,12,512,Send/recv,181.7917999915153,0.5407504629174039,310.2675999912208,0.3168361762645587
dma_hardened2,xilinx_u280_xdma_201920_3,3,2,6,12,512,Send/recv,187.7117000049111,0.5236967114859014,317.09630000023026,0.3100130780457817
dma_hardened2,xilinx_u280_xdma_201920_3,3,2,6,12,512,Send/recv,199.73579999259528,0.4921701567953486,298.368100004609,0.32947221904245616
dma_hardened2,xilinx_u280_xdma_201920_3,3,2,6,12,512,Send/recv,191.68369999533752,0.5128448584954857,316.86349999517915,0.3102408450373604
dma_hardened2,xilinx_u280_xdma_201920_3,3,2,6,12,512,Send/recv,194.78990000152407,0.5046668230705537,290.7360999984121,0.33812106580688434
dma_hardened2,xilinx_u280_xdma_201920_3,3,2,6,12,512,Send/recv,194.49139999778708,0.5054413717065047,307.9343999957018,0.31923682447096563
dma_hardened2,xilinx_u280_xdma_201920_3,3,2,6,12,512,Send/recv,197.0171000039045,0.4989617652378997,342.7077999958783,0.2868449448806893
dma_hardened2,xilinx_u280_xdma_201920_3,3,2,6,12,512,Send/recv,174.70599999569458,0.5626824493859546,316.98089999281365,0.310125941349238
dma_hardened2,xilinx_u280_xdma_201920_3,3,2,6,12,512,Send/recv,189.77129999484532,0.5180129977645207,304.22110000927205,0.32313340526677437
dma_hardened2,xilinx_u280_xdma_201920_3,3,2,6,12,512,Send/recv,185.49080000411777,0.5299669848737388,314.4932000054723,0.31257909550441626
dma_hardened2,xilinx_u280_xdma_201920_3,3,2,6,12,512,Send/recv,204.03830000077505,0.48179189887205776,311.52960000326857,0.3155526794210521
dma_hardened2,xilinx_u280_xdma_201920_3,3,2,6,12,512,Send/recv,190.00669999513775,0.5173712295540925,297.6235000005545,0.3302964987637631
dma_hardened2,xilinx_u280_xdma_201920_3,3,2,6,12,512,Send/recv,187.558999994053,0.5241230759553898,349.774099993283,0.28104996911403046
dma_hardened2,xilinx_u280_xdma_201920_3,3,2,6,12,512,Send/recv,191.48110000060115,0.5133874831494669,299.94660000056683,0.32773833742344216
dma_hardened2,xilinx_u280_xdma_201920_3,3,2,6,12,512,Send/recv,179.3393999946602,0.5481450255935226,290.58999999733715,0.3382910630128388
dma_hardened2,xilinx_u280_xdma_201920_3,3,2,6,12,512,Send/recv,188.10530000337167,0.5226009049093139,297.52760000292255,0.33040296093214333
dma_hardened2,xilinx_u280_xdma_201920_3,3,2,6,12,512,Send/recv,184.34820000265972,0.5332517485854579,305.5928999970092,0.321682866326286
dma_hardened2,xilinx_u280_xdma_201920_3,3,2,6,12,512,Send/recv,194.73170000310347,0.5048176542310949,318.65270000253076,0.3084988766742578
dma_hardened2,xilinx_u280_xdma_201920_3,3,2,6,24,512,Send/recv,195.96470000351474,1.0032827340662565,286.73680000110835,0.6856741094942821
dma_hardened2,xilinx_u280_xdma_201920_3,3,2,6,24,512,Send/recv,187.28079999164038,1.0498032900797944,360.598800000389,0.5452264400208429
dma_hardened2,xilinx_u280_xdma_201920_3,3,2,6,24,512,Send/recv,197.13299999466471,0.9973368233898996,318.1854999979805,0.617903707118168
dma_hardened2,xilinx_u280_xdma_201920_3,3,2,6,24,512,Send/recv,181.42330000046059,1.0836976286921298,304.63360000112516,0.6453917099074884
dma_hardened2,xilinx_u280_xdma_201920_3,3,2,6,24,512,Send/recv,201.53740000523612,0.9755410161830605,306.4157000039813,0.6416381405960772
dma_hardened2,xilinx_u280_xdma_201920_3,3,2,6,24,512,Send/recv,191.79529999746592,1.0250928985360834,324.5586999923944,0.6057702351057211
dma_hardened2,xilinx_u280_xdma_201920_3,3,2,6,24,512,Send/recv,191.79690000328264,1.0250843470183044,361.316999999417,0.5441426780370623
dma_hardened2,xilinx_u280_xdma_201920_3,3,2,6,24,512,Send/recv,191.27970000454297,1.0278560662492175,341.85210000714505,0.5751259097015659
dma_hardened2,xilinx_u280_xdma_201920_3,3,2,6,24,512,Send/recv,194.66609999199136,1.009975542778576,285.6562999909329,0.6882676839482993
dma_hardened2,xilinx_u280_xdma_201920_3,3,2,6,24,512,Send/recv,184.727800001383,1.0643119227237485,304.60069999662664,0.6454614188417077
dma_hardened2,xilinx_u280_xdma_201920_3,3,2,6,24,512,Send/recv,191.70479999957024,1.025576824369764,318.0778000000828,0.6181129270887462
dma_hardened2,xilinx_u280_xdma_201920_3,3,2,6,24,512,Send/recv,187.52059999087578,1.048460809156788,294.4091000017579,0.6678054448684706
dma_hardened2,xilinx_u280_xdma_201920_3,3,2,6,24,512,Send/recv,182.12530000027982,1.0795205278986386,305.57070000440945,0.6434124737651972
dma_hardened2,xilinx_u280_xdma_201920_3,3,2,6,24,512,Send/recv,188.31219999810855,1.0440534389273493,317.7276000087659,0.6187942123837392
dma_hardened2,xilinx_u280_xdma_201920_3,3,2,6,24,512,Send/recv,210.70859999099412,0.9330800926417014,348.5028999989481,0.564150255279349
dma_hardened2,xilinx_u280_xdma_201920_3,3,2,6,24,512,Send/recv,181.54219999360066,1.082987867321925,322.34039999821107,0.6099390582163797
dma_hardened2,xilinx_u280_xdma_201920_3,3,2,6,24,512,Send/recv,202.655699990828,0.9701577602253393,324.80480000458556,0.6053112515493131
dma_hardened2,xilinx_u280_xdma_201920_3,3,2,6,24,512,Send/recv,194.87990000470745,1.0088675127360534,323.37590000679484,0.6079859383332797
dma_hardened2,xilinx_u280_xdma_201920_3,3,2,6,24,512,Send/recv,185.51279999883263,1.0598082719965263,309.4326999985242,0.6353821040922234
dma_hardened2,xilinx_u280_xdma_201920_3,3,2,6,24,512,Send/recv,185.07600000248203,1.0623095376891833,344.3257999947491,0.5709940992019715
dma_hardened2,xilinx_u280_xdma_201920_3,3,2,6,48,512,Send/recv,182.836099997985,2.1506474925046724,327.5014999985615,1.2006540428111847
dma_hardened2,xilinx_u280_xdma_201920_3,3,2,6,48,512,Send/recv,173.018200007391,2.2726857635971394,331.9219999980305,1.1846638668191118
dma_hardened2,xilinx_u280_xdma_201920_3,3,2,6,48,512,Send/recv,192.11419999010104,2.046782590876994,319.3696999915119,1.2312251287784997
dma_hardened2,xilinx_u280_xdma_201920_3,3,2,6,48,512,Send/recv,186.21699999812336,2.11160098167172,334.7447999999531,1.1746739605814789
dma_hardened2,xilinx_u280_xdma_201920_3,3,2,6,48,512,Send/recv,202.65340000378274,1.9403375417962898,324.795799997446,1.2106560491333078
dma_hardened2,xilinx_u280_xdma_201920_3,3,2,6,48,512,Send/recv,207.70960001073036,1.8931046036374164,294.82919999281876,1.3337077874565262
dma_hardened2,xilinx_u280_xdma_201920_3,3,2,6,48,512,Send/recv,193.46450000057303,2.032496918033207,324.72519999373617,1.2109192634497876
dma_hardened2,xilinx_u280_xdma_201920_3,3,2,6,48,512,Send/recv,190.7230999904641,2.061711455086774,328.64600000266364,1.196472800511228
dma_hardened2,xilinx_u280_xdma_201920_3,3,2,6,48,512,Send/recv,176.94860000574408,2.2222046401454176,333.8165999934972,1.1779402222887054
dma_hardened2,xilinx_u280_xdma_201920_3,3,2,6,48,512,Send/recv,190.23439999727998,2.067007859806756,327.7701000001798,1.1996701346455465
dma_hardened2,xilinx_u280_xdma_201920_3,3,2,6,48,512,Send/recv,186.50900000238835,2.1082950420353157,320.31430000643013,1.2275942722260804
dma_hardened2,xilinx_u280_xdma_201920_3,3,2,6,48,512,Send/recv,190.5458000010185,2.063629846461576,339.39619999046045,1.1585751402374345
dma_hardened2,xilinx_u280_xdma_201920_3,3,2,6,48,512,Send/recv,207.44720000038797,1.895499192080031,333.54449999478675,1.1789011661296946
dma_hardened2,xilinx_u280_xdma_201920_3,3,2,6,48,512,Send/recv,186.9096000064019,2.1037763709650648,347.68770000255245,1.1309459609791008
dma_hardened2,xilinx_u280_xdma_201920_3,3,2,6,48,512,Send/recv,206.35519999814278,1.9055298824722564,321.4986999978464,1.2230718195832022
dma_hardened2,xilinx_u280_xdma_201920_3,3,2,6,48,512,Send/recv,199.87629999604906,1.9672967730930215,324.9955000001137,1.209912137244554
dma_hardened2,xilinx_u280_xdma_201920_3,3,2,6,48,512,Send/recv,190.25369999781105,2.066798175302368,331.415300001936,1.1864750963449877
dma_hardened2,xilinx_u280_xdma_201920_3,3,2,6,48,512,Send/recv,184.87469999399764,2.126932457565944,306.5790999926321,1.2825923228603973
dma_hardened2,xilinx_u280_xdma_201920_3,3,2,6,48,512,Send/recv,193.92000000379994,2.0277227722374938,396.3739999903737,0.9920327771487272
dma_hardened2,xilinx_u280_xdma_201920_3,3,2,6,48,512,Send/recv,184.20799999603332,2.134630417834553,316.0771000011664,1.244050897703595
dma_hardened2,xilinx_u280_xdma_201920_3,3,2,6,96,512,Send/recv,186.0609999994267,4.226742842414171,371.41889999929845,2.11737205619177
dma_hardened2,xilinx_u280_xdma_201920_3,3,2,6,96,512,Send/recv,202.33299999290466,3.886820242014789,333.3995000048162,2.3588277726530467
dma_hardened2,xilinx_u280_xdma_201920_3,3,2,6,96,512,Send/recv,196.67870000148469,3.9985621218467653,353.35180000402033,2.225634622467049
dma_hardened2,xilinx_u280_xdma_201920_3,3,2,6,96,512,Send/recv,200.57809999798337,3.920826850029524,336.9049000070845,2.334284838194585
dma_hardened2,xilinx_u280_xdma_201920_3,3,2,6,96,512,Send/recv,195.3197000034379,4.026383411331052,390.44689999627735,2.0141842591335672
dma_hardened2,xilinx_u280_xdma_201920_3,3,2,6,96,512,Send/recv,192.8870999904575,4.077162236556547,383.78870000315146,2.0491275537647207
dma_hardened2,xilinx_u280_xdma_201920_3,3,2,6,96,512,Send/recv,196.05610000326124,4.011260042339505,367.8841000009925,2.137716742848844
dma_hardened2,xilinx_u280_xdma_201920_3,3,2,6,96,512,Send/recv,179.35029999307517,4.384893697029582,356.58419999435864,2.2054594679529878
dma_hardened2,xilinx_u280_xdma_201920_3,3,2,6,96,512,Send/recv,211.01770000768738,3.726853244876379,388.5453999942001,2.0240414633958843
dma_hardened2,xilinx_u280_xdma_201920_3,3,2,6,96,512,Send/recv,209.0321999958178,3.7622528969973743,362.18230000031326,2.1713706053534914
dma_hardened2,xilinx_u280_xdma_201920_3,3,2,6,96,512,Send/recv,201.6474000015478,3.9000354083115556,334.03369999405186,2.354349276776577
dma_hardened2,xilinx_u280_xdma_201920_3,3,2,6,96,512,Send/recv,199.13959999939834,3.9491492400425434,373.9707000022463,2.1029241060737545
dma_hardened2,xilinx_u280_xdma_201920_3,3,2,6,96,512,Send/recv,199.48660000181917,3.9422798322936394,380.22630000114077,2.068326152077435
dma_hardened2,xilinx_u280_xdma_201920_3,3,2,6,96,512,Send/recv,212.67099999704442,3.6978807642364466,330.0455000044167,2.382798735294
dma_hardened2,xilinx_u280_xdma_201920_3,3,2,6,96,512,Send/recv,198.49080000540198,3.962057687200601,378.0908999942767,2.0800077442009437
dma_hardened2,xilinx_u280_xdma_201920_3,3,2,6,96,512,Send/recv,195.07160000102886,4.031504329671014,339.19020000894307,2.3185575526040108
dma_hardened2,xilinx_u280_xdma_201920_3,3,2,6,96,512,Send/recv,227.33409999773357,3.459366632669012,318.5410000014599,2.468856442330487
dma_hardened2,xilinx_u280_xdma_201920_3,3,2,6,96,512,Send/recv,199.099799999658,3.949938673978331,344.51719999424313,2.2827075107226613
dma_hardened2,xilinx_u280_xdma_201920_3,3,2,6,96,512,Send/recv,188.27569999757543,4.177023375879774,387.68610000943227,2.028527718638523
dma_hardened2,xilinx_u280_xdma_201920_3,3,2,6,96,512,Send/recv,204.8439000077451,3.839177051258374,372.9234999923392,2.1088292907691666
dma_hardened2,xilinx_u280_xdma_201920_3,3,2,6,192,512,Send/recv,215.78810000164594,7.288928351415128,425.15410000305565,3.69951506992099
dma_hardened2,xilinx_u280_xdma_201920_3,3,2,6,192,512,Send/recv,223.27010000253722,7.044669214472185,384.9502999969445,4.085888490053091
dma_hardened2,xilinx_u280_xdma_201920_3,3,2,6,192,512,Send/recv,215.18250000553962,7.309441985103382,423.8068000063322,3.711275987021679
dma_hardened2,xilinx_u280_xdma_201920_3,3,2,6,192,512,Send/recv,211.1713999966014,7.448281348825238,401.1865999927977,3.9205297485714548
dma_hardened2,xilinx_u280_xdma_201920_3,3,2,6,192,512,Send/recv,216.65640000492203,7.2597163063923675,382.74360000514207,4.109445592242088
dma_hardened2,xilinx_u280_xdma_201920_3,3,2,6,192,512,Send/recv,209.72930000198176,7.499495778535177,437.99489999400976,3.5910555123393246
dma_hardened2,xilinx_u280_xdma_201920_3,3,2,6,192,512,Send/recv,214.20599999828482,7.34276350808378,405.8751000002303,3.8752414227901824
dma_hardened2,xilinx_u280_xdma_201920_3,3,2,6,192,512,Send/recv,219.16279999913968,7.1766923949054044,384.955100003026,4.085837543099536
dma_hardened2,xilinx_u280_xdma_201920_3,3,2,6,192,512,Send/recv,261.04629999963436,6.025230007099136,396.25860000569446,3.9692867233099727
dma_hardened2,xilinx_u280_xdma_201920_3,3,2,6,192,512,Send/recv,199.72720000396293,7.875061583844322,401.9495999955325,3.913087611027556
dma_hardened2,xilinx_u280_xdma_201920_3,3,2,6,192,512,Send/recv,207.12320000484397,7.593857182407454,391.0179999934371,4.022484898460938
dma_hardened2,xilinx_u280_xdma_201920_3,3,2,6,192,512,Send/recv,208.14459999201063,7.556592868901583,385.13130000410456,4.083968246629753
dma_hardened2,xilinx_u280_xdma_201920_3,3,2,6,192,512,Send/recv,206.06730000736206,7.632768517585308,393.13710000214996,4.000802773361757
dma_hardened2,xilinx_u280_xdma_201920_3,3,2,6,192,512,Send/recv,216.47749999829102,7.265715836576166,403.1436999980542,3.9014971584762246
dma_hardened2,xilinx_u280_xdma_201920_3,3,2,6,192,512,Send/recv,216.1359999945489,7.277195839840048,425.3610000091612,3.697715587386066
dma_hardened2,xilinx_u280_xdma_201920_3,3,2,6,192,512,Send/recv,209.664999999859,7.501795721751641,425.61080000496077,3.6955453197655403
dma_hardened2,xilinx_u280_xdma_201920_3,3,2,6,192,512,Send/recv,212.7189000020735,7.394096152173917,420.5332999958955,3.740165166504892
dma_hardened2,xilinx_u280_xdma_201920_3,3,2,6,192,512,Send/recv,207.85250000017186,7.567212326042263,381.2518000017917,4.1255254401227965
dma_hardened2,xilinx_u280_xdma_201920_3,3,2,6,192,512,Send/recv,210.0882999911846,7.486680600804509,395.13179999630665,3.980605964932971
dma_hardened2,xilinx_u280_xdma_201920_3,3,2,6,192,512,Send/recv,216.53350000860883,7.263836773235859,397.20700000316356,3.959809368886935
dma_hardened2,xilinx_u280_xdma_201920_3,3,2,6,384,512,Send/recv,257.60710000213294,12.211340448201753,554.7022999962792,5.671020293265596
dma_hardened2,xilinx_u280_xdma_201920_3,3,2,6,384,512,Send/recv,300.94160000544434,10.452951668839038,570.3150000044843,5.515772862322165
dma_hardened2,xilinx_u280_xdma_201920_3,3,2,6,384,512,Send/recv,257.74340000452867,12.204882840626484,533.4135000111928,5.897353553920161
dma_hardened2,xilinx_u280_xdma_201920_3,3,2,6,384,512,Send/recv,267.75669999778984,11.748456714718872,527.623899995433,5.962065024020384
dma_hardened2,xilinx_u280_xdma_201920_3,3,2,6,384,512,Send/recv,292.5791999928151,10.751714407850077,555.5963999995583,5.661894137547509
dma_hardened2,xilinx_u280_xdma_201920_3,3,2,6,384,512,Send/recv,268.98359999449895,11.694869129806925,531.0752000013963,5.923319334044839
dma_hardened2,xilinx_u280_xdma_201920_3,3,2,6,384,512,Send/recv,266.894300000331,11.786418818221666,549.2328999935125,5.727493746345416
dma_hardened2,xilinx_u280_xdma_201920_3,3,2,6,384,512,Send/recv,276.462800002264,11.378485640651254,565.5464000028587,5.562281008214532
dma_hardened2,xilinx_u280_xdma_201920_3,3,2,6,384,512,Send/recv,298.37889999271283,10.542729395667141,549.1502000040782,5.728356285724085
dma_hardened2,xilinx_u280_xdma_201920_3,3,2,6,384,512,Send/recv,267.5489000012021,11.757581511214832,543.0993999993916,5.792177269950075
dma_hardened2,xilinx_u280_xdma_201920_3,3,2,6,384,512,Send/recv,285.8633999949234,11.004304853492489,552.7304999986882,5.691250980373737
dma_hardened2,xilinx_u280_xdma_201920_3,3,2,6,384,512,Send/recv,271.5728999987732,11.583364908701164,546.8424000014238,5.7525312594484435
dma_hardened2,xilinx_u280_xdma_201920_3,3,2,6,384,512,Send/recv,284.5837999984724,11.053784509226759,547.4886000001788,5.74574155516475
dma_hardened2,xilinx_u280_xdma_201920_3,3,2,6,384,512,Send/recv,257.7953000013622,12.202425722980124,529.2820000022402,5.943387456944852
dma_hardened2,xilinx_u280_xdma_201920_3,3,2,6,384,512,Send/recv,273.7486999990324,11.491298406206564,554.5372000028692,5.672708701929688
dma_hardened2,xilinx_u280_xdma_201920_3,3,2,6,384,512,Send/recv,271.38109999214066,11.591551512213275,557.9103000059149,5.638411766132744
dma_hardened2,xilinx_u280_xdma_201920_3,3,2,6,384,512,Send/recv,271.1074999979246,11.603249633536812,541.5278999976181,5.80898601902845
dma_hardened2,xilinx_u280_xdma_201920_3,3,2,6,384,512,Send/recv,278.1756999979734,11.308421260458472,545.6296000033944,5.765317717331373
dma_hardened2,xilinx_u280_xdma_201920_3,3,2,6,384,512,Send/recv,291.07439999052076,10.807298752835855,574.3432000031135,5.477087567125278
dma_hardened2,xilinx_u280_xdma_201920_3,3,2,6,384,512,Send/recv,288.79640000241125,10.892545751864413,551.5070999990712,5.7038757978007855
dma_hardened2,xilinx_u280_xdma_201920_3,3,2,6,768,512,Send/recv,397.3411000060878,15.833891837274338,698.8949000060529,9.00200588092074
dma_hardened2,xilinx_u280_xdma_201920_3,3,2,6,768,512,Send/recv,367.1919999987949,17.133968060362555,686.7046000024857,9.161808439869526
dma_hardened2,xilinx_u280_xdma_201920_3,3,2,6,768,512,Send/recv,382.10430000162887,16.465284478539445,685.8477000037055,9.173255228480038
dma_hardened2,xilinx_u280_xdma_201920_3,3,2,6,768,512,Send/recv,380.2329999984977,16.546317652662598,725.1012999972772,8.67665800630012
dma_hardened2,xilinx_u280_xdma_201920_3,3,2,6,768,512,Send/recv,386.76020000139033,16.267071947882393,718.7831000010192,8.75292699562786
dma_hardened2,xilinx_u280_xdma_201920_3,3,2,6,768,512,Send/recv,422.17430000164313,14.902508276736677,673.9745999993829,9.334856239397984
dma_hardened2,xilinx_u280_xdma_201920_3,3,2,6,768,512,Send/recv,456.94789999970453,13.768431805910625,717.4067000050854,8.76972016006458
dma_hardened2,xilinx_u280_xdma_201920_3,3,2,6,768,512,Send/recv,419.9123000034888,14.982785691078181,658.9974999997139,9.547010421136244
dma_hardened2,xilinx_u280_xdma_201920_3,3,2,6,768,512,Send/recv,442.2262999923987,14.226779366374505,703.177599996252,8.947179204846021
dma_hardened2,xilinx_u280_xdma_201920_3,3,2,6,768,512,Send/recv,364.0066000002662,17.28390639069566,672.1698999967884,9.359919270455372
dma_hardened2,xilinx_u280_xdma_201920_3,3,2,6,768,512,Send/recv,356.1332999993283,17.66601438285009,713.9820000020336,8.811785171029635
dma_hardened2,xilinx_u280_xdma_201920_3,3,2,6,768,512,Send/recv,357.9562000027181,17.576049807077588,689.2924999988281,9.127411077315793
dma_hardened2,xilinx_u280_xdma_201920_3,3,2,6,768,512,Send/recv,390.9090000092874,16.0944260680888,676.2544000025628,9.303386417857181
dma_hardened2,xilinx_u280_xdma_201920_3,3,2,6,768,512,Send/recv,388.4269000081986,16.19727160983754,666.0481000039908,9.44594842318791
dma_hardened2,xilinx_u280_xdma_201920_3,3,2,6,768,512,Send/recv,390.35529999864593,16.117255228818014,659.7833000000719,9.535639959361376
dma_hardened2,xilinx_u280_xdma_201920_3,3,2,6,768,512,Send/recv,383.30219999807014,16.413827001336482,687.016099993798,9.157654384019233
dma_hardened2,xilinx_u280_xdma_201920_3,3,2,6,768,512,Send/recv,375.1104999992094,16.772273770031124,692.9820999971525,9.078814589909106
dma_hardened2,xilinx_u280_xdma_201920_3,3,2,6,768,512,Send/recv,405.38189999779206,15.519824639517124,681.6743000058523,9.229416452910117
dma_hardened2,xilinx_u280_xdma_201920_3,3,2,6,768,512,Send/recv,353.5842000019329,17.79337425135401,685.1279999978033,9.182891372152609
dma_hardened2,xilinx_u280_xdma_201920_3,3,2,6,768,512,Send/recv,357.7575000008437,17.585811618163596,697.4862000106441,9.020187065929031
dma_hardened2,xilinx_u280_xdma_201920_3,3,2,6,1536,512,Send/recv,563.7759000023834,22.31899589880803,1072.2438000016155,11.735122180217822
dma_hardened2,xilinx_u280_xdma_201920_3,3,2,6,1536,512,Send/recv,550.3937999947084,22.861652874943314,1085.75159999873,11.589125910580945
dma_hardened2,xilinx_u280_xdma_201920_3,3,2,6,1536,512,Send/recv,532.8611999971145,23.61386417338725,1014.7278999966147,12.400281888417553
dma_hardened2,xilinx_u280_xdma_201920_3,3,2,6,1536,512,Send/recv,554.5165999933488,22.69167776068548,1013.3044999975026,12.41770070105384
dma_hardened2,xilinx_u280_xdma_201920_3,3,2,6,1536,512,Send/recv,523.8268999960383,24.021126063008914,1027.9715000024225,12.24052612350668
dma_hardened2,xilinx_u280_xdma_201920_3,3,2,6,1536,512,Send/recv,559.412000006887,22.49310347265538,1069.268200001261,11.767779122193254
dma_hardened2,xilinx_u280_xdma_201920_3,3,2,6,1536,512,Send/recv,567.2828000001573,22.18102152929105,1043.168599994715,12.062203559485734
dma_hardened2,xilinx_u280_xdma_201920_3,3,2,6,1536,512,Send/recv,557.3067999989689,22.57807010433621,992.819700002201,12.673914508316168
dma_hardened2,xilinx_u280_xdma_201920_3,3,2,6,1536,512,Send/recv,553.5661999942931,22.730636372180456,1031.3296000049377,12.200669892476427
dma_hardened2,xilinx_u280_xdma_201920_3,3,2,6,1536,512,Send/recv,558.3786999977747,22.534727775343413,1081.6406000003553,11.633172793251164
dma_hardened2,xilinx_u280_xdma_201920_3,3,2,6,1536,512,Send/recv,609.1115999993235,20.657810489923317,1060.5525000073612,11.864487613685002
dma_hardened2,xilinx_u280_xdma_201920_3,3,2,6,1536,512,Send/recv,552.8611000045203,22.759626242282412,997.3471000080281,12.616381999705734
dma_hardened2,xilinx_u280_xdma_201920_3,3,2,6,1536,512,Send/recv,627.8905000044688,20.03997830817706,1121.3430999987395,11.221286330663776
dma_hardened2,xilinx_u280_xdma_201920_3,3,2,6,1536,512,Send/recv,532.432299996799,23.632886284464053,1012.0884999992087,12.432620269877424
dma_hardened2,xilinx_u280_xdma_201920_3,3,2,6,1536,512,Send/recv,511.69060000120226,24.590860179902535,1109.2206000057558,11.343922029517579
dma_hardened2,xilinx_u280_xdma_201920_3,3,2,6,1536,512,Send/recv,569.5093999975143,22.09430081409529,1014.4516999957888,12.403658054939664
dma_hardened2,xilinx_u280_xdma_201920_3,3,2,6,1536,512,Send/recv,578.2414000009339,21.760655670762553,1097.357399999055,11.466557750474765
dma_hardened2,xilinx_u280_xdma_201920_3,3,2,6,1536,512,Send/recv,539.5714999963275,23.32019389475842,1003.1266999931178,12.5436916394373
dma_hardened2,xilinx_u280_xdma_201920_3,3,2,6,1536,512,Send/recv,520.5064000051607,24.17436557912687,1112.897499990595,11.306442866576964
dma_hardened2,xilinx_u280_xdma_201920_3,3,2,6,1536,512,Send/recv,534.5576000081564,23.53892639410235,941.3917999950172,13.366285960921479
dma_hardened2,xilinx_u280_xdma_201920_3,3,2,6,3072,512,Send/recv,796.802000002117,31.58353518180569,1713.912299999265,14.683262381634576
dma_hardened2,xilinx_u280_xdma_201920_3,3,2,6,3072,512,Send/recv,759.1545999957816,33.14980110789006,1704.6726999979,14.76284802357133
dma_hardened2,xilinx_u280_xdma_201920_3,3,2,6,3072,512,Send/recv,795.5584999990606,31.632901917369644,1721.4838999962012,14.618681011222662
dma_hardened2,xilinx_u280_xdma_201920_3,3,2,6,3072,512,Send/recv,747.8045999960159,33.65294088874831,1708.6594000033983,14.728402863642659
dma_hardened2,xilinx_u280_xdma_201920_3,3,2,6,3072,512,Send/recv,744.6723999919413,33.794490033835466,1826.6354000047613,13.77714676937412
dma_hardened2,xilinx_u280_xdma_201920_3,3,2,6,3072,512,Send/recv,799.3220999992445,31.483958719549708,1676.762099998541,15.008583507476638
dma_hardened2,xilinx_u280_xdma_201920_3,3,2,6,3072,512,Send/recv,746.929399997498,33.69237306776825,1650.8053000052314,15.244574269249226
dma_hardened2,xilinx_u280_xdma_201920_3,3,2,6,3072,512,Send/recv,723.1187000002137,34.801788420065144,1682.9231999963667,14.953637813094698
dma_hardened2,xilinx_u280_xdma_201920_3,3,2,6,3072,512,Send/recv,752.7570999968702,33.431533226461276,1718.1223999955364,14.64728240552907
dma_hardened2,xilinx_u280_xdma_201920_3,3,2,6,3072,512,Send/recv,778.7726000060502,32.31472704587256,1607.420599998477,15.656029293156903
dma_hardened2,xilinx_u280_xdma_201920_3,3,2,6,3072,512,Send/recv,733.6114000054295,34.304025264348056,1647.0125999944685,15.27967909904546
dma_hardened2,xilinx_u280_xdma_201920_3,3,2,6,3072,512,Send/recv,778.7729000028776,32.31471459767926,1667.902300005153,15.088308229997796
dma_hardened2,xilinx_u280_xdma_201920_3,3,2,6,3072,512,Send/recv,761.8643000000702,33.031898200240754,1642.8518999987318,15.318376537787383
dma_hardened2,xilinx_u280_xdma_201920_3,3,2,6,3072,512,Send/recv,755.3286999950615,33.31771187850341,1634.757899989836,15.394220759022769
dma_hardened2,xilinx_u280_xdma_201920_3,3,2,6,3072,512,Send/recv,730.0385000007736,34.47191346754086,1685.3340000011485,14.93224725780341
dma_hardened2,xilinx_u280_xdma_201920_3,3,2,6,3072,512,Send/recv,773.9222999930462,32.51724882488348,1702.975500006687,14.777560804545445
dma_hardened2,xilinx_u280_xdma_201920_3,3,2,6,3072,512,Send/recv,764.7362999932739,32.90784548898927,1692.917800005489,14.865354951030938
dma_hardened2,xilinx_u280_xdma_201920_3,3,2,6,3072,512,Send/recv,765.3192000020681,32.88278145894157,1719.8261999965325,14.632771613812338
dma_hardened2,xilinx_u280_xdma_201920_3,3,2,6,3072,512,Send/recv,756.0738999927707,33.28487334404828,1684.2069999938758,14.942239285367837
dma_hardened2,xilinx_u280_xdma_201920_3,3,2,6,3072,512,Send/recv,727.7829000031488,34.578751437950956,1679.0794000030473,14.987870138811974
dma_hardened2,xilinx_u280_xdma_201920_3,3,2,6,6144,512,Send/recv,1224.4703999954254,41.104830300665526,2894.9979999993047,17.38572807304602
dma_hardened2,xilinx_u280_xdma_201920_3,3,2,6,6144,512,Send/recv,1204.8395000078926,41.77456665362506,2904.756400005226,17.32732149240103
dma_hardened2,xilinx_u280_xdma_201920_3,3,2,6,6144,512,Send/recv,1228.4484000019802,40.97172335437033,2931.0577999922316,17.171837416557736
dma_hardened2,xilinx_u280_xdma_201920_3,3,2,6,6144,512,Send/recv,1206.340999999611,41.7225709811871,2931.927400004497,17.166744306125317
dma_hardened2,xilinx_u280_xdma_201920_3,3,2,6,6144,512,Send/recv,1225.9271000061744,41.05598774979891,2885.9194000006028,17.44042054673789
dma_hardened2,xilinx_u280_xdma_201920_3,3,2,6,6144,512,Send/recv,1242.92330000344,40.49457275429682,2932.9221000011785,17.16092220791673
dma_hardened2,xilinx_u280_xdma_201920_3,3,2,6,6144,512,Send/recv,1259.2390999998315,39.96988975326984,2986.0490999908507,16.855599594847323
dma_hardened2,xilinx_u280_xdma_201920_3,3,2,6,6144,512,Send/recv,1216.271099997357,41.381932038103486,2888.9943999956813,17.421857238655512
dma_hardened2,xilinx_u280_xdma_201920_3,3,2,6,6144,512,Send/recv,1227.3073999949702,41.009813841427395,2925.6185000008372,17.203763238435084
dma_hardened2,xilinx_u280_xdma_201920_3,3,2,6,6144,512,Send/recv,1196.5738999947462,42.06313375230815,2891.7589999991833,17.405201470805213
dma_hardened2,xilinx_u280_xdma_201920_3,3,2,6,6144,512,Send/recv,1220.5413999936354,41.23714935049516,2920.8901000060905,17.231613062023474
dma_hardened2,xilinx_u280_xdma_201920_3,3,2,6,6144,512,Send/recv,1230.2353999984916,40.912209159370406,2819.470100007493,17.851456555565616
dma_hardened2,xilinx_u280_xdma_201920_3,3,2,6,6144,512,Send/recv,1193.8947999965421,42.15752342680928,2925.791899997421,17.20274364012163
dma_hardened2,xilinx_u280_xdma_201920_3,3,2,6,6144,512,Send/recv,1193.400899990138,42.17497070801265,2883.58899999821,17.454515189242034
dma_hardened2,xilinx_u280_xdma_201920_3,3,2,6,6144,512,Send/recv,1218.3228000026247,41.31224335610527,2900.3409999972973,17.35370013389698
dma_hardened2,xilinx_u280_xdma_201920_3,3,2,6,6144,512,Send/recv,1203.438000004553,41.8232164846129,2896.7513999987204,17.375204513587956
dma_hardened2,xilinx_u280_xdma_201920_3,3,2,6,6144,512,Send/recv,1237.5280000014754,40.67111855242062,2883.0311999968217,17.45789223510848
dma_hardened2,xilinx_u280_xdma_201920_3,3,2,6,6144,512,Send/recv,1245.3249000031974,40.41647926566856,2927.4957999973594,17.192731070714224
dma_hardened2,xilinx_u280_xdma_201920_3,3,2,6,6144,512,Send/recv,1234.0914999981578,40.784372957819684,2919.1540000056193,17.241861169333003
dma_hardened2,xilinx_u280_xdma_201920_3,3,2,6,6144,512,Send/recv,1247.0484000004944,40.360621127439835,2928.907499995148,17.18444437049766
dma_hardened2,xilinx_u280_xdma_201920_3,3,2,6,12288,512,Send/recv,2203.5056999925473,45.68324738181547,4884.73170000816,20.60774310282627
dma_hardened2,xilinx_u280_xdma_201920_3,3,2,6,12288,512,Send/recv,2246.6259999987415,44.80643240132376,4958.672500004013,20.300452590873572
dma_hardened2,xilinx_u280_xdma_201920_3,3,2,6,12288,512,Send/recv,2238.155600002756,44.976004349240085,4923.066000003473,20.447277367382235
dma_hardened2,xilinx_u280_xdma_201920_3,3,2,6,12288,512,Send/recv,2226.2329000000136,45.21687555691024,4976.412899998195,20.228083565983145
dma_hardened2,xilinx_u280_xdma_201920_3,3,2,6,12288,512,Send/recv,2202.7224999987993,45.699490516873944,4987.721199995576,20.182221893254432
dma_hardened2,xilinx_u280_xdma_201920_3,3,2,6,12288,512,Send/recv,2265.5275000033726,44.432608299766905,4987.438800003474,20.18336465600939
dma_hardened2,xilinx_u280_xdma_201920_3,3,2,6,12288,512,Send/recv,2264.3896999966273,44.45493459016791,4965.567500005363,20.272264147026753
dma_hardened2,xilinx_u280_xdma_201920_3,3,2,6,12288,512,Send/recv,2250.811400006114,44.7231145176031,5024.724400004743,20.03359547439159
dma_hardened2,xilinx_u280_xdma_201920_3,3,2,6,12288,512,Send/recv,2233.8290999982746,45.06311427319026,4979.321999996955,20.21626558797795
dma_hardened2,xilinx_u280_xdma_201920_3,3,2,6,12288,512,Send/recv,2243.939200002387,44.86008177043875,4958.20429999867,20.302369549400577
dma_hardened2,xilinx_u280_xdma_201920_3,3,2,6,12288,512,Send/recv,2232.4808999997003,45.090327984447036,4960.430099993118,20.293259651041076
dma_hardened2,xilinx_u280_xdma_201920_3,3,2,6,12288,512,Send/recv,2226.819100008015,45.204972419913986,4939.711299994087,20.378376363841447
dma_hardened2,xilinx_u280_xdma_201920_3,3,2,6,12288,512,Send/recv,2244.6811999998317,44.845252858182064,4938.6448000063865,20.382777072744698
dma_hardened2,xilinx_u280_xdma_201920_3,3,2,6,12288,512,Send/recv,2234.9959000052877,45.03958866312097,4983.810700002778,20.198057683038382
dma_hardened2,xilinx_u280_xdma_201920_3,3,2,6,12288,512,Send/recv,2228.31150000502,45.17469662557197,4951.502500000515,20.329848566165428
dma_hardened2,xilinx_u280_xdma_201920_3,3,2,6,12288,512,Send/recv,2228.7249999976666,45.16631526998862,5016.251400002147,20.067434419247192
dma_hardened2,xilinx_u280_xdma_201920_3,3,2,6,12288,512,Send/recv,2226.210000003448,45.21734068207586,4997.696599991741,20.141938188117773
dma_hardened2,xilinx_u280_xdma_201920_3,3,2,6,12288,512,Send/recv,2232.368700003917,45.092594247457136,5022.161800002323,20.04381778379849
dma_hardened2,xilinx_u280_xdma_201920_3,3,2,6,12288,512,Send/recv,2240.3508000024885,44.93193476659468,4974.169900003744,20.23720500578885
dma_hardened2,xilinx_u280_xdma_201920_3,3,2,6,12288,512,Send/recv,2251.46620000487,44.7101075733592,4986.724000002596,20.186257751571492
dma_hardened2,xilinx_u280_xdma_201920_3,3,2,6,24576,512,Send/recv,3863.3967999999186,52.11129025110862,8753.596500002914,22.999300001997238
dma_hardened2,xilinx_u280_xdma_201920_3,3,2,6,24576,512,Send/recv,3895.812300004309,51.677692993519564,8792.179199997463,22.898372226086806
dma_hardened2,xilinx_u280_xdma_201920_3,3,2,6,24576,512,Send/recv,3873.522399999274,51.97506848031593,8783.550300006482,22.920867431003543
dma_hardened2,xilinx_u280_xdma_201920_3,3,2,6,24576,512,Send/recv,3847.448399994846,52.32730138765986,8848.727600002348,22.752038609477204
dma_hardened2,xilinx_u280_xdma_201920_3,3,2,6,24576,512,Send/recv,3864.308400000027,52.09899706762498,8789.614700003767,22.905053164607285
dma_hardened2,xilinx_u280_xdma_201920_3,3,2,6,24576,512,Send/recv,3869.498299991392,52.02912015763074,8786.54649999362,22.913051447476686
dma_hardened2,xilinx_u280_xdma_201920_3,3,2,6,24576,512,Send/recv,3861.662700001034,52.13469110079088,8829.501399998207,22.80158107229485
dma_hardened2,xilinx_u280_xdma_201920_3,3,2,6,24576,512,Send/recv,3856.454100002793,52.20510520269234,8834.620400000404,22.788369265983498
dma_hardened2,xilinx_u280_xdma_201920_3,3,2,6,24576,512,Send/recv,3832.3955000009846,52.53283279347037,8883.982999998352,22.66174890249535
dma_hardened2,xilinx_u280_xdma_201920_3,3,2,6,24576,512,Send/recv,3897.842000003493,51.65078317690137,8848.882799998137,22.75163956291097
dma_hardened2,xilinx_u280_xdma_201920_3,3,2,6,24576,512,Send/recv,3842.8392000014355,52.39006409633919,8827.399799997693,22.807009602086065
dma_hardened2,xilinx_u280_xdma_201920_3,3,2,6,24576,512,Send/recv,3903.0113000080746,51.58237487029143,8837.234499992519,22.781628347665823
dma_hardened2,xilinx_u280_xdma_201920_3,3,2,6,24576,512,Send/recv,3865.691600003629,52.080355297823296,8785.915400005706,22.914697312003398
dma_hardened2,xilinx_u280_xdma_201920_3,3,2,6,24576,512,Send/recv,3872.150100005456,51.99348857879149,8799.602600004164,22.87905501549635
dma_hardened2,xilinx_u280_xdma_201920_3,3,2,6,24576,512,Send/recv,3880.318900007751,51.88403252103786,8767.245599995022,22.96349403056695
dma_hardened2,xilinx_u280_xdma_201920_3,3,2,6,24576,512,Send/recv,3880.5959000001167,51.88032899792373,8867.430499992679,22.704050739407116
dma_hardened2,xilinx_u280_xdma_201920_3,3,2,6,24576,512,Send/recv,3873.7333000085528,51.972238770169206,8864.98739999979,22.710307743923558
dma_hardened2,xilinx_u280_xdma_201920_3,3,2,6,24576,512,Send/recv,3874.8431000044548,51.95735331832366,8824.733400001605,22.81390075760967
dma_hardened2,xilinx_u280_xdma_201920_3,3,2,6,24576,512,Send/recv,3841.689099999712,52.405748294419524,8832.523199998832,22.793780151070155
dma_hardened2,xilinx_u280_xdma_201920_3,3,2,6,24576,512,Send/recv,3872.6161999989017,51.98723075115399,8773.71020000055,22.946574187051148
experiment,board_instance,number of nodes,rank id,number of banks,buffer size[KB],segment_size[KB],collective name,execution_time[us],throughput[Gbps],execution_time_fullpath[us],throughput_fullpath[Gbps]
dma_hardened2,xilinx_u280_xdma_201920_3,3,2,6,1,512,Broadcast,225.2486999964276,0.07273737872964349,287.1864999974605,0.057050035430442854
dma_hardened2,xilinx_u280_xdma_201920_3,3,2,6,1,512,Broadcast,174.10449999033517,0.09410440282077433,274.6025999954327,0.05966440230453939
dma_hardened2,xilinx_u280_xdma_201920_3,3,2,6,1,512,Broadcast,169.48290000300403,0.0966705195610271,306.3881000002766,0.0534746617116827
dma_hardened2,xilinx_u280_xdma_201920_3,3,2,6,1,512,Broadcast,169.39579999188936,0.09672022565367301,263.7389000028634,0.06212204570437702
dma_hardened2,xilinx_u280_xdma_201920_3,3,2,6,1,512,Broadcast,161.93739999152967,0.10117489845370485,262.1848999979193,0.06249025020178517
dma_hardened2,xilinx_u280_xdma_201920_3,3,2,6,1,512,Broadcast,197.50760000079026,0.08295376987991573,273.4198999974069,0.05992248552557947
dma_hardened2,xilinx_u280_xdma_201920_3,3,2,6,1,512,Broadcast,162.01470000396512,0.1011266261616941,302.5464000074862,0.05415367692226578
dma_hardened2,xilinx_u280_xdma_201920_3,3,2,6,1,512,Broadcast,163.26070000332038,0.10035483125863594,262.8354999956173,0.06233556730454295
dma_hardened2,xilinx_u280_xdma_201920_3,3,2,6,1,512,Broadcast,172.2472999972524,0.09511905266591318,298.4263000030296,0.054901327395855085
dma_hardened2,xilinx_u280_xdma_201920_3,3,2,6,1,512,Broadcast,165.83940000600705,0.09879437575996136,289.4147000006342,0.05661080795123433
dma_hardened2,xilinx_u280_xdma_201920_3,3,2,6,1,512,Broadcast,166.38030000422077,0.09847319664397988,273.34999999766296,0.05993780867071548
dma_hardened2,xilinx_u280_xdma_201920_3,3,2,6,1,512,Broadcast,165.86980000283802,0.0987762690961204,274.72840000655196,0.05963708156713779
dma_hardened2,xilinx_u280_xdma_201920_3,3,2,6,1,512,Broadcast,180.56589999559947,0.09073695531880212,277.91490000481645,0.05895329829280853
dma_hardened2,xilinx_u280_xdma_201920_3,3,2,6,1,512,Broadcast,167.90249999303342,0.0975804410338131,268.6161000042375,0.06099411018081767
dma_hardened2,xilinx_u280_xdma_201920_3,3,2,6,1,512,Broadcast,168.88510000399037,0.09701270271689381,298.1463999958578,0.054952868792739494
dma_hardened2,xilinx_u280_xdma_201920_3,3,2,6,1,512,Broadcast,160.33460000244304,0.10218630289251575,259.1958000039085,0.063210900792964
dma_hardened2,xilinx_u280_xdma_201920_3,3,2,6,1,512,Broadcast,170.14649999964604,0.09629348825884802,295.75900000509137,0.05539645454480829
dma_hardened2,xilinx_u280_xdma_201920_3,3,2,6,1,512,Broadcast,167.54549999404844,0.09778836197081983,313.88699999297387,0.052197128267073005
dma_hardened2,xilinx_u280_xdma_201920_3,3,2,6,1,512,Broadcast,158.7356999948497,0.10321559674686659,269.64189999034716,0.06076206999203954
dma_hardened2,xilinx_u280_xdma_201920_3,3,2,6,1,512,Broadcast,169.907500003319,0.09642893927389876,284.812300003523,0.05752560545944588
dma_hardened2,xilinx_u280_xdma_201920_3,3,2,6,6,512,Broadcast,174.12259999218804,0.5645677241461498,299.085799997556,0.32868160240574207
dma_hardened2,xilinx_u280_xdma_201920_3,3,2,6,6,512,Broadcast,194.03710000460705,0.5066247640150566,299.70079999657173,0.3280071324505123
dma_hardened2,xilinx_u280_xdma_201920_3,3,2,6,6,512,Broadcast,164.59670000585902,0.5972416214693292,274.5615999970141,0.3580398715664137
dma_hardened2,xilinx_u280_xdma_201920_3,3,2,6,6,512,Broadcast,172.1128999975008,0.5711599769768998,283.72020000233533,0.3464822032382285
dma_hardened2,xilinx_u280_xdma_201920_3,3,2,6,6,512,Broadcast,171.39039999847228,0.5735677144161881,282.083300010072,0.34849280335450555
dma_hardened2,xilinx_u280_xdma_201920_3,3,2,6,6,512,Broadcast,158.51150000116832,0.6201695145101488,266.8782000000647,0.36834780810113443
dma_hardened2,xilinx_u280_xdma_201920_3,3,2,6,6,512,Broadcast,181.312600000183,0.542179638921403,288.107400001536,0.34120609189307843
dma_hardened2,xilinx_u280_xdma_201920_3,3,2,6,6,512,Broadcast,177.54719999629742,0.5536781205338639,316.03510000195456,0.3110540569683305
dma_hardened2,xilinx_u280_xdma_201920_3,3,2,6,6,512,Broadcast,194.3535000009433,0.505799998453966,291.9148999922072,0.3367556777767229
dma_hardened2,xilinx_u280_xdma_201920_3,3,2,6,6,512,Broadcast,180.88780000198312,0.5434529028432115,277.9897999971581,0.3536244855063206
dma_hardened2,xilinx_u280_xdma_201920_3,3,2,6,6,512,Broadcast,176.5009999985523,0.5569600172282668,287.3824000062086,0.34206687673941144
dma_hardened2,xilinx_u280_xdma_201920_3,3,2,6,6,512,Broadcast,170.04719999249573,0.5780983162577108,267.5010999951155,0.36749007761760605
dma_hardened2,xilinx_u280_xdma_201920_3,3,2,6,6,512,Broadcast,175.80649999899833,0.5591602130783565,280.5523999995785,0.3503944361201248
dma_hardened2,xilinx_u280_xdma_201920_3,3,2,6,6,512,Broadcast,174.3863000001511,0.5637140073498597,278.6727000056999,0.3527579127700321
dma_hardened2,xilinx_u280_xdma_201920_3,3,2,6,6,512,Broadcast,172.47610001049907,0.569957228821941,281.65699999362914,0.3490202622417463
dma_hardened2,xilinx_u280_xdma_201920_3,3,2,6,6,512,Broadcast,184.23559999973804,0.5335776581732291,269.5916999982728,0.36464030606517117
dma_hardened2,xilinx_u280_xdma_201920_3,3,2,6,6,512,Broadcast,160.20010000374896,0.6136325757455802,260.2698000032433,0.37770037091808195
dma_hardened2,xilinx_u280_xdma_201920_3,3,2,6,6,512,Broadcast,183.50790001022688,0.5356935586670739,285.19790000700596,0.3446869699867535
dma_hardened2,xilinx_u280_xdma_201920_3,3,2,6,6,512,Broadcast,187.70829999539274,0.5237061973413688,322.0867999971233,0.30520965156249186
dma_hardened2,xilinx_u280_xdma_201920_3,3,2,6,6,512,Broadcast,169.56000000618587,0.5797593771904558,299.1801999996824,0.328577893858298
dma_hardened2,xilinx_u280_xdma_201920_3,3,2,6,12,512,Broadcast,170.2326999975412,1.154936742487429,316.6153999927701,0.6209678998699669
dma_hardened2,xilinx_u280_xdma_201920_3,3,2,6,12,512,Broadcast,188.0367000012484,1.0455831228621577,289.9774000070465,0.6780114588075566
dma_hardened2,xilinx_u280_xdma_201920_3,3,2,6,12,512,Broadcast,166.18259999177099,1.183084149662694,298.1757000043217,0.6593696266904057
dma_hardened2,xilinx_u280_xdma_201920_3,3,2,6,12,512,Broadcast,188.98619999845323,1.0403299288604626,284.09820000661057,0.6920423994077582
dma_hardened2,xilinx_u280_xdma_201920_3,3,2,6,12,512,Broadcast,172.96180000130335,1.1367134245742034,304.8050000074909,0.6450287888819678
dma_hardened2,xilinx_u280_xdma_201920_3,3,2,6,12,512,Broadcast,168.21750000417524,1.1687725711957442,300.42669999374993,0.6544291835715341
dma_hardened2,xilinx_u280_xdma_201920_3,3,2,6,12,512,Broadcast,188.8191000034567,1.041250593803279,295.0818000044819,0.6662830442169384
dma_hardened2,xilinx_u280_xdma_201920_3,3,2,6,12,512,Broadcast,175.845500007199,1.118072398736112,300.96039999989443,0.6532686692337895
dma_hardened2,xilinx_u280_xdma_201920_3,3,2,6,12,512,Broadcast,176.15239999031473,1.1161244468472185,286.14149999839356,0.6871006128125552
dma_hardened2,xilinx_u280_xdma_201920_3,3,2,6,12,512,Broadcast,178.4023000027446,1.1020485722267892,261.5752999986398,0.7516306012112854
dma_hardened2,xilinx_u280_xdma_201920_3,3,2,6,12,512,Broadcast,166.63090000292868,1.1799012067782413,276.93140000337735,0.7099519953230375
dma_hardened2,xilinx_u280_xdma_201920_3,3,2,6,12,512,Broadcast,176.3698999980079,1.1147480380848471,284.1568999997435,0.6918994400634914
dma_hardened2,xilinx_u280_xdma_201920_3,3,2,6,12,512,Broadcast,168.64359999999579,1.1658195152380815,304.95130000645077,0.6447193371395402
dma_hardened2,xilinx_u280_xdma_201920_3,3,2,6,12,512,Broadcast,191.20299999713097,1.028268384925708,287.70930000519,0.6833564295504294
dma_hardened2,xilinx_u280_xdma_201920_3,3,2,6,12,512,Broadcast,170.0392999964606,1.1562503492080503,322.53890000220053,0.6095636836321406
dma_hardened2,xilinx_u280_xdma_201920_3,3,2,6,12,512,Broadcast,183.20489999723577,1.073159069451562,288.5078999952384,0.6814648749765426
dma_hardened2,xilinx_u280_xdma_201920_3,3,2,6,12,512,Broadcast,186.2163999930999,1.0558038927145255,275.530900000831,0.7135606206033771
dma_hardened2,xilinx_u280_xdma_201920_3,3,2,6,12,512,Broadcast,166.9702999947731,1.1775028253896334,292.8165999946941,0.6714373433868249
dma_hardened2,xilinx_u280_xdma_201920_3,3,2,6,12,512,Broadcast,174.63989998987017,1.125790841677097,300.96200000571116,0.653265196258229
dma_hardened2,xilinx_u280_xdma_201920_3,3,2,6,12,512,Broadcast,179.17000000124972,1.0973265613586463,318.0602000043109,0.6181471306291552
dma_hardened2,xilinx_u280_xdma_201920_3,3,2,6,24,512,Broadcast,172.11450000331752,2.284618669504433,313.7961999982508,1.2530935683803432
dma_hardened2,xilinx_u280_xdma_201920_3,3,2,6,24,512,Broadcast,182.34939999501876,2.156387682168088,313.9578000059373,1.252448577460295
dma_hardened2,xilinx_u280_xdma_201920_3,3,2,6,24,512,Broadcast,185.02640000406245,2.1251886216851568,314.1710000022613,1.2515986516806765
dma_hardened2,xilinx_u280_xdma_201920_3,3,2,6,24,512,Broadcast,191.18590000744007,2.056720709972325,314.0225999914037,1.2521901290249944
dma_hardened2,xilinx_u280_xdma_201920_3,3,2,6,24,512,Broadcast,191.4918000011312,2.053435186246498,319.76180000583554,1.2297153693556389
dma_hardened2,xilinx_u280_xdma_201920_3,3,2,6,24,512,Broadcast,173.64770000085628,2.2644469232708584,319.0896999967663,1.2323055241331353
dma_hardened2,xilinx_u280_xdma_201920_3,3,2,6,24,512,Broadcast,180.0730000013573,2.183647742843381,300.1587999960975,1.3100265592916562
dma_hardened2,xilinx_u280_xdma_201920_3,3,2,6,24,512,Broadcast,179.9159000029249,2.1855544729154426,305.4703000088921,1.2872478928018656
dma_hardened2,xilinx_u280_xdma_201920_3,3,2,6,24,512,Broadcast,207.54529999749138,1.8946032504940022,315.8702000064295,1.2448657707881152
dma_hardened2,xilinx_u280_xdma_201920_3,3,2,6,24,512,Broadcast,170.074699997258,2.312019365645446,327.4658999998792,1.2007845702411917
dma_hardened2,xilinx_u280_xdma_201920_3,3,2,6,24,512,Broadcast,179.0462000030857,2.1961705972716725,335.7133999998041,1.1712847923265186
dma_hardened2,xilinx_u280_xdma_201920_3,3,2,6,24,512,Broadcast,170.1530999980605,2.31095407609078,300.42930000035994,1.308847039884355
dma_hardened2,xilinx_u280_xdma_201920_3,3,2,6,24,512,Broadcast,173.35310000134996,2.2682951732443084,284.6936000082678,1.381190163700837
dma_hardened2,xilinx_u280_xdma_201920_3,3,2,6,24,512,Broadcast,179.92200000662706,2.185480374748595,297.00659999889467,1.3239301752939612
dma_hardened2,xilinx_u280_xdma_201920_3,3,2,6,24,512,Broadcast,187.28570000803302,2.0995516474730014,322.0417999955316,1.2210091982017737
dma_hardened2,xilinx_u280_xdma_201920_3,3,2,6,24,512,Broadcast,171.4203999995334,2.293869341111503,371.72910000435877,1.0578025771869601
dma_hardened2,xilinx_u280_xdma_201920_3,3,2,6,24,512,Broadcast,196.10159999956522,2.0051646697470686,388.87219999423905,1.0111702508068854
dma_hardened2,xilinx_u280_xdma_201920_3,3,2,6,24,512,Broadcast,177.6352999968367,2.2136140733683134,310.7836000026509,1.2652405081756113
dma_hardened2,xilinx_u280_xdma_201920_3,3,2,6,24,512,Broadcast,166.01339999624543,2.368579885773636,345.1003000009223,1.1394252627394097
dma_hardened2,xilinx_u280_xdma_201920_3,3,2,6,24,512,Broadcast,186.09850000075312,2.112945563765472,284.5507999950314,1.3818833052195458
dma_hardened2,xilinx_u280_xdma_201920_3,3,2,6,48,512,Broadcast,188.44380000473393,4.173297290652406,317.6451000058478,2.475819711953756
dma_hardened2,xilinx_u280_xdma_201920_3,3,2,6,48,512,Broadcast,179.22229999385308,4.388025374225043,309.44509999244474,2.5414265729824166
dma_hardened2,xilinx_u280_xdma_201920_3,3,2,6,48,512,Broadcast,183.01630000223668,4.297059879313421,335.8985999966535,2.34127799284616
dma_hardened2,xilinx_u280_xdma_201920_3,3,2,6,48,512,Broadcast,190.22259999701419,4.134272163309429,352.63380000287725,2.2301662517704863
dma_hardened2,xilinx_u280_xdma_201920_3,3,2,6,48,512,Broadcast,179.26340000258278,4.387019324573054,360.8848999988368,2.1791767957111388
dma_hardened2,xilinx_u280_xdma_201920_3,3,2,6,48,512,Broadcast,182.14680000028238,4.317572419602105,308.83000000585525,2.5464883592432397
dma_hardened2,xilinx_u280_xdma_201920_3,3,2,6,48,512,Broadcast,181.47800000178904,4.333483948424862,358.1769999982498,2.1956518704546713
dma_hardened2,xilinx_u280_xdma_201920_3,3,2,6,48,512,Broadcast,183.63089999411386,4.2826779154554515,319.00679999807835,2.465251524433765
dma_hardened2,xilinx_u280_xdma_201920_3,3,2,6,48,512,Broadcast,193.89520000459015,4.055964252758101,341.19959999543426,2.304903053844505
dma_hardened2,xilinx_u280_xdma_201920_3,3,2,6,48,512,Broadcast,188.71889999445557,4.167213776802985,376.02659999720345,2.0914265107996317
dma_hardened2,xilinx_u280_xdma_201920_3,3,2,6,48,512,Broadcast,180.91059999960635,4.347075295763274,324.17850000001636,2.425922755518828
dma_hardened2,xilinx_u280_xdma_201920_3,3,2,6,48,512,Broadcast,180.1901000021644,4.3644573147501085,356.8933999986257,2.2035487347287126
dma_hardened2,xilinx_u280_xdma_201920_3,3,2,6,48,512,Broadcast,180.82450000065364,4.349145165600664,319.08109999676526,2.4646774754379766
dma_hardened2,xilinx_u280_xdma_201920_3,3,2,6,48,512,Broadcast,178.17409999452138,4.413840171069655,275.31629999657525,2.8564672705894374
dma_hardened2,xilinx_u280_xdma_201920_3,3,2,6,48,512,Broadcast,179.9544000050446,4.370173777234423,325.5895000052078,2.415409587801268
dma_hardened2,xilinx_u280_xdma_201920_3,3,2,6,48,512,Broadcast,184.08839999892734,4.272034522569496,326.53130000426245,2.408442927185645
dma_hardened2,xilinx_u280_xdma_201920_3,3,2,6,48,512,Broadcast,183.61989999675643,4.282934475042694,328.8649000069199,2.391352801662482
dma_hardened2,xilinx_u280_xdma_201920_3,3,2,6,48,512,Broadcast,195.2456000026359,4.027911512420166,298.2950000046003,2.6364236745097025
dma_hardened2,xilinx_u280_xdma_201920_3,3,2,6,48,512,Broadcast,189.54629999825556,4.149023220222382,352.60440000683957,2.230352202027954
dma_hardened2,xilinx_u280_xdma_201920_3,3,2,6,48,512,Broadcast,186.57699999948818,4.2150533024014605,322.9248000025109,2.435340983392682
dma_hardened2,xilinx_u280_xdma_201920_3,3,2,6,96,512,Broadcast,201.7433999981222,7.796359137471859,416.5131999911864,3.776264473810872
dma_hardened2,xilinx_u280_xdma_201920_3,3,2,6,96,512,Broadcast,208.63059999101097,7.538989966322141,358.7487999993755,4.384304560747626
dma_hardened2,xilinx_u280_xdma_201920_3,3,2,6,96,512,Broadcast,200.0543999997717,7.862181486644607,383.62760000154594,4.099976122660783
dma_hardened2,xilinx_u280_xdma_201920_3,3,2,6,96,512,Broadcast,198.12699999874894,7.938665603425741,401.25520000628967,3.919859480887339
dma_hardened2,xilinx_u280_xdma_201920_3,3,2,6,96,512,Broadcast,191.06470000451736,8.23210148165942,334.100899999612,4.707751460716887
dma_hardened2,xilinx_u280_xdma_201920_3,3,2,6,96,512,Broadcast,203.14429999643835,7.742594796051755,362.25719999265493,4.341843309206528
dma_hardened2,xilinx_u280_xdma_201920_3,3,2,6,96,512,Broadcast,206.46489999762707,7.618069705882584,377.157899993108,4.17030638899183
dma_hardened2,xilinx_u280_xdma_201920_3,3,2,6,96,512,Broadcast,198.48449999244622,7.924366890411387,361.40230000683005,4.352113973735848
dma_hardened2,xilinx_u280_xdma_201920_3,3,2,6,96,512,Broadcast,203.7228999938634,7.72060480214732,384.83479999058545,4.087114782858719
dma_hardened2,xilinx_u280_xdma_201920_3,3,2,6,96,512,Broadcast,201.21969999991052,7.816650159008782,417.8346999992755,3.764321153802514
dma_hardened2,xilinx_u280_xdma_201920_3,3,2,6,96,512,Broadcast,204.01689999971495,7.70947896964515,375.8737999987716,4.18455343257535
dma_hardened2,xilinx_u280_xdma_201920_3,3,2,6,96,512,Broadcast,191.03669999367412,8.233308050505913,370.4742999957489,4.245541458660015
dma_hardened2,xilinx_u280_xdma_201920_3,3,2,6,96,512,Broadcast,202.05179999948086,7.784459232751409,359.79179999685584,4.371594905758678
dma_hardened2,xilinx_u280_xdma_201920_3,3,2,6,96,512,Broadcast,196.09510000009323,8.02092454120094,384.14520000742414,4.094451785339508
dma_hardened2,xilinx_u280_xdma_201920_3,3,2,6,96,512,Broadcast,201.5798000002178,7.802686578706302,378.32240000170714,4.157469925103305
dma_hardened2,xilinx_u280_xdma_201920_3,3,2,6,96,512,Broadcast,205.6359999983215,7.648777451481445,354.0392999980213,4.442625437370344
dma_hardened2,xilinx_u280_xdma_201920_3,3,2,6,96,512,Broadcast,194.48059999831457,8.087511042302578,370.6730999965657,4.243264482948918
dma_hardened2,xilinx_u280_xdma_201920_3,3,2,6,96,512,Broadcast,196.16000000723943,8.018270799051551,376.6840000025695,4.17555298337405
dma_hardened2,xilinx_u280_xdma_201920_3,3,2,6,96,512,Broadcast,203.3041000004232,7.736509002999575,353.1332000079601,4.454024713520409
dma_hardened2,xilinx_u280_xdma_201920_3,3,2,6,96,512,Broadcast,198.0737000053523,7.9408018326385506,385.3744000025472,4.0813920177095415
dma_hardened2,xilinx_u280_xdma_201920_3,3,2,6,192,512,Broadcast,247.14579999454148,12.728227629478136,479.9499000000651,6.554284103402404
dma_hardened2,xilinx_u280_xdma_201920_3,3,2,6,192,512,Broadcast,244.35519999315147,12.873587302779582,477.8657999963798,6.582869081704176
dma_hardened2,xilinx_u280_xdma_201920_3,3,2,6,192,512,Broadcast,238.256900001943,13.203092963831672,474.0167000022666,6.636323150608319
dma_hardened2,xilinx_u280_xdma_201920_3,3,2,6,192,512,Broadcast,257.71580000082395,12.206189919244155,447.9145999994216,7.023053055212002
dma_hardened2,xilinx_u280_xdma_201920_3,3,2,6,192,512,Broadcast,230.95909999710784,13.62028168640851,464.46569999716303,6.772788604237545
dma_hardened2,xilinx_u280_xdma_201920_3,3,2,6,192,512,Broadcast,244.19259999604037,12.882159410444904,428.8149999979396,7.335862784685972
dma_hardened2,xilinx_u280_xdma_201920_3,3,2,6,192,512,Broadcast,231.97289999643544,13.560756450638578,511.44929999509253,6.150615515614517
dma_hardened2,xilinx_u280_xdma_201920_3,3,2,6,192,512,Broadcast,236.42479999352872,13.305406201405702,455.38739999528843,6.907806408417419
dma_hardened2,xilinx_u280_xdma_201920_3,3,2,6,192,512,Broadcast,258.45710000567124,12.17118043934941,450.84270000188553,6.977440246868461
dma_hardened2,xilinx_u280_xdma_201920_3,3,2,6,192,512,Broadcast,237.86880000216115,13.224634756518801,472.4097999996957,6.658896576662944
dma_hardened2,xilinx_u280_xdma_201920_3,3,2,6,192,512,Broadcast,229.9691999951392,13.67891004563433,462.7299000048879,6.798194799961643
dma_hardened2,xilinx_u280_xdma_201920_3,3,2,6,192,512,Broadcast,235.38740000503822,13.364045823747018,463.6006000055204,6.785426938538349
dma_hardened2,xilinx_u280_xdma_201920_3,3,2,6,192,512,Broadcast,233.65210000747538,13.463298638871025,420.10500000060347,7.487956582272244
dma_hardened2,xilinx_u280_xdma_201920_3,3,2,6,192,512,Broadcast,256.5446000062366,12.26191469211797,456.4487000038753,6.8917448992039905
dma_hardened2,xilinx_u280_xdma_201920_3,3,2,6,192,512,Broadcast,233.7893999992957,13.455391904036182,488.095700006852,6.444900047174847
dma_hardened2,xilinx_u280_xdma_201920_3,3,2,6,192,512,Broadcast,238.24399999057277,13.203807861371011,445.50950000257217,7.060967274506689
dma_hardened2,xilinx_u280_xdma_201920_3,3,2,6,192,512,Broadcast,239.5663000015702,13.13092868228704,453.83110000329907,6.93149499886
dma_hardened2,xilinx_u280_xdma_201920_3,3,2,6,192,512,Broadcast,238.7545000033242,13.175575748127057,440.4389000001174,7.142257416407046
dma_hardened2,xilinx_u280_xdma_201920_3,3,2,6,192,512,Broadcast,235.53039999342218,13.355931973485601,491.77749999671505,6.396648891055432
dma_hardened2,xilinx_u280_xdma_201920_3,3,2,6,192,512,Broadcast,242.7763000014238,12.957310907125413,434.8042999936297,7.234813455262719
dma_hardened2,xilinx_u280_xdma_201920_3,3,2,6,384,512,Broadcast,337.082399994415,18.66444525167805,652.6893999989625,9.639280184433824
dma_hardened2,xilinx_u280_xdma_201920_3,3,2,6,384,512,Broadcast,366.6300000077172,17.160232386513847,629.7254000060093,9.990792812136787
dma_hardened2,xilinx_u280_xdma_201920_3,3,2,6,384,512,Broadcast,342.75629999456214,18.35547880549479,602.7015999961804,10.43875775348841
dma_hardened2,xilinx_u280_xdma_201920_3,3,2,6,384,512,Broadcast,346.32179999789514,18.166502946214294,608.2329999912872,10.343825474925108
dma_hardened2,xilinx_u280_xdma_201920_3,3,2,6,384,512,Broadcast,333.6958999966555,18.85386065595369,598.2482000035816,10.516464570996343
dma_hardened2,xilinx_u280_xdma_201920_3,3,2,6,384,512,Broadcast,337.42509999683534,18.645489028702983,551.4527000059388,11.408876953421835
dma_hardened2,xilinx_u280_xdma_201920_3,3,2,6,384,512,Broadcast,386.7059000072004,16.2693561176151,561.2089999999625,11.21054010181665
dma_hardened2,xilinx_u280_xdma_201920_3,3,2,6,384,512,Broadcast,351.6414999921835,17.891676608534116,605.9013000026425,10.383631789488751
dma_hardened2,xilinx_u280_xdma_201920_3,3,2,6,384,512,Broadcast,330.4870000079063,19.03692429611297,582.3546999977225,10.803477674387457
dma_hardened2,xilinx_u280_xdma_201920_3,3,2,6,384,512,Broadcast,350.8441999997558,17.932335777545642,588.6349999968843,10.68821255962235
dma_hardened2,xilinx_u280_xdma_201920_3,3,2,6,384,512,Broadcast,316.1303000069893,19.901464680421025,567.7249999962442,11.081872385471172
dma_hardened2,xilinx_u280_xdma_201920_3,3,2,6,384,512,Broadcast,362.1274000010999,17.373598352350278,590.3525999997328,10.657115764380215
dma_hardened2,xilinx_u280_xdma_201920_3,3,2,6,384,512,Broadcast,352.30669999464226,17.857894840193723,577.5097000082496,10.894113120368589
dma_hardened2,xilinx_u280_xdma_201920_3,3,2,6,384,512,Broadcast,393.88950000329714,15.97264207334122,565.6226000041897,11.123063328716704
dma_hardened2,xilinx_u280_xdma_201920_3,3,2,6,384,512,Broadcast,341.67539999998553,18.413546892753374,569.0070000014202,11.056904396579121
dma_hardened2,xilinx_u280_xdma_201920_3,3,2,6,384,512,Broadcast,344.0624999939246,18.28579400577248,578.5707999962142,10.874133295425844
dma_hardened2,xilinx_u280_xdma_201920_3,3,2,6,384,512,Broadcast,359.262500001023,17.51214223578048,578.3074999953897,10.87908422431
dma_hardened2,xilinx_u280_xdma_201920_3,3,2,6,384,512,Broadcast,389.5308999972258,16.15136565557394,630.692499998986,9.975472992005002
dma_hardened2,xilinx_u280_xdma_201920_3,3,2,6,384,512,Broadcast,332.98550000608884,18.894083976284122,588.3044000029258,10.694218843117117
dma_hardened2,xilinx_u280_xdma_201920_3,3,2,6,384,512,Broadcast,356.6742000089107,17.63922369446072,586.9274000019686,10.71930872537029
dma_hardened2,xilinx_u280_xdma_201920_3,3,2,6,768,512,Broadcast,521.1591999909615,24.144084955649305,823.1568000041989,15.286166620910882
dma_hardened2,xilinx_u280_xdma_201920_3,3,2,6,768,512,Broadcast,496.3526000096863,25.35075267008664,800.0014999993255,15.728610508868558
dma_hardened2,xilinx_u280_xdma_201920_3,3,2,6,768,512,Broadcast,471.77610000517234,26.67136380978614,768.5433000006014,16.372417793493423
dma_hardened2,xilinx_u280_xdma_201920_3,3,2,6,768,512,Broadcast,457.6000000042768,27.49762237736538,811.3602999969771,15.508414695723811
dma_hardened2,xilinx_u280_xdma_201920_3,3,2,6,768,512,Broadcast,468.1358999960139,26.878758924720668,797.7944000003845,15.772123745157819
dma_hardened2,xilinx_u280_xdma_201920_3,3,2,6,768,512,Broadcast,549.1060999929687,22.915265374325884,805.3777999975864,15.623614159761678
dma_hardened2,xilinx_u280_xdma_201920_3,3,2,6,768,512,Broadcast,551.9825999954264,22.79584899977691,838.5346000068239,15.005835179487647
dma_hardened2,xilinx_u280_xdma_201920_3,3,2,6,768,512,Broadcast,489.3227999900774,25.714951357785004,838.2654999991246,15.010652352999308
dma_hardened2,xilinx_u280_xdma_201920_3,3,2,6,768,512,Broadcast,504.051799998706,24.96352954206751,780.4873000054613,16.121866428719535
dma_hardened2,xilinx_u280_xdma_201920_3,3,2,6,768,512,Broadcast,506.6821000013988,24.83393828194298,778.4089999972821,16.164910734644558
dma_hardened2,xilinx_u280_xdma_201920_3,3,2,6,768,512,Broadcast,501.55229999973017,25.08793599392679,812.4215999941953,15.488155411045083
dma_hardened2,xilinx_u280_xdma_201920_3,3,2,6,768,512,Broadcast,451.3197999926888,27.880256971229354,786.2956999929338,16.00277351143225
dma_hardened2,xilinx_u280_xdma_201920_3,3,2,6,768,512,Broadcast,497.79690000377747,25.277200400212447,807.214799999656,15.588059089111551
dma_hardened2,xilinx_u280_xdma_201920_3,3,2,6,768,512,Broadcast,484.27509999555696,25.98298363908333,807.5577999989036,15.581438257443718
dma_hardened2,xilinx_u280_xdma_201920_3,3,2,6,768,512,Broadcast,515.7478000000992,24.39741284402489,791.798000000199,15.891568304033148
dma_hardened2,xilinx_u280_xdma_201920_3,3,2,6,768,512,Broadcast,514.1479000030813,24.473331506215604,821.3045000047714,15.320641735101779
dma_hardened2,xilinx_u280_xdma_201920_3,3,2,6,768,512,Broadcast,491.02389999688967,25.625864647483972,836.3413000097353,15.045187891418887
dma_hardened2,xilinx_u280_xdma_201920_3,3,2,6,768,512,Broadcast,475.63860000536806,26.454774696288293,805.4039999933593,15.6231059196425
dma_hardened2,xilinx_u280_xdma_201920_3,3,2,6,768,512,Broadcast,484.02590000478085,25.996360938279782,823.6899999928937,15.276271412920584
dma_hardened2,xilinx_u280_xdma_201920_3,3,2,6,768,512,Broadcast,453.9760999932696,27.717124315986123,825.8262000026662,15.236755627224442
dma_hardened2,xilinx_u280_xdma_201920_3,3,2,6,1536,512,Broadcast,795.0410000034935,31.65349208391695,1364.938599999732,18.43733044109452
dma_hardened2,xilinx_u280_xdma_201920_3,3,2,6,1536,512,Broadcast,779.110500002389,32.30071215818916,1207.5831999936781,20.839826191795105
dma_hardened2,xilinx_u280_xdma_201920_3,3,2,6,1536,512,Broadcast,758.8320999957432,33.163889614239,1222.6487000020825,20.583037466082562
dma_hardened2,xilinx_u280_xdma_201920_3,3,2,6,1536,512,Broadcast,773.0115999947884,32.55555802806797,1319.6364999998877,19.070269729582456
dma_hardened2,xilinx_u280_xdma_201920_3,3,2,6,1536,512,Broadcast,730.4605000058473,34.45199843085088,1269.1152000002148,19.82942446831914
dma_hardened2,xilinx_u280_xdma_201920_3,3,2,6,1536,512,Broadcast,760.3181000035875,33.09907261168879,1325.8020999955988,18.981584053972714
dma_hardened2,xilinx_u280_xdma_201920_3,3,2,6,1536,512,Broadcast,758.8724000015645,33.16212844207816,1312.7614000040921,19.170143180566974
dma_hardened2,xilinx_u280_xdma_201920_3,3,2,6,1536,512,Broadcast,714.5177999973384,35.220709687139696,1348.5920999983136,18.66081226490313
dma_hardened2,xilinx_u280_xdma_201920_3,3,2,6,1536,512,Broadcast,776.7177999994601,32.40021536781762,1322.7870000037,19.024849805697823
dma_hardened2,xilinx_u280_xdma_201920_3,3,2,6,1536,512,Broadcast,774.0056999978151,32.51374505390728,1338.7148999981946,18.798493988551215
dma_hardened2,xilinx_u280_xdma_201920_3,3,2,6,1536,512,Broadcast,765.8797999965827,32.85871229416455,1263.020500005041,19.925111270877675
dma_hardened2,xilinx_u280_xdma_201920_3,3,2,6,1536,512,Broadcast,749.3646999932935,33.58287893761906,1279.8043999964648,19.663804875236806
dma_hardened2,xilinx_u280_xdma_201920_3,3,2,6,1536,512,Broadcast,772.7968000040164,32.56460689261292,1338.0592000089564,18.80770596684478
dma_hardened2,xilinx_u280_xdma_201920_3,3,2,6,1536,512,Broadcast,776.8369000018538,32.39524795995137,1330.4125999979988,18.915804014512382
dma_hardened2,xilinx_u280_xdma_201920_3,3,2,6,1536,512,Broadcast,759.225100000549,33.14672288887947,1336.1081000084596,18.83517059722987
dma_hardened2,xilinx_u280_xdma_201920_3,3,2,6,1536,512,Broadcast,713.1591999950615,35.28780670595607,1329.6118999960527,18.927195221458767
dma_hardened2,xilinx_u280_xdma_201920_3,3,2,6,1536,512,Broadcast,797.9200000022502,31.53928213345828,1332.899700003054,18.88050841330547
dma_hardened2,xilinx_u280_xdma_201920_3,3,2,6,1536,512,Broadcast,765.433500009749,32.877871166704196,1309.74009999818,19.21436474307763
dma_hardened2,xilinx_u280_xdma_201920_3,3,2,6,1536,512,Broadcast,771.7801000012514,32.60750568712408,1325.102800001332,18.991601255370302
dma_hardened2,xilinx_u280_xdma_201920_3,3,2,6,1536,512,Broadcast,772.4405000089973,32.57962781561411,1247.4871999984316,20.17321219811445
dma_hardened2,xilinx_u280_xdma_201920_3,3,2,6,3072,512,Broadcast,1213.022899992211,41.49274345960261,2276.8584999994346,22.105742627401966
dma_hardened2,xilinx_u280_xdma_201920_3,3,2,6,3072,512,Broadcast,1153.5653000009916,43.631381769160996,2234.25799999859,22.52723185953984
dma_hardened2,xilinx_u280_xdma_201920_3,3,2,6,3072,512,Broadcast,1236.7776000019148,40.69579526660417,2304.3568000048253,21.841950864507876
dma_hardened2,xilinx_u280_xdma_201920_3,3,2,6,3072,512,Broadcast,1239.9124000012307,40.592906402057146,2307.2558999956527,21.814506141297475
dma_hardened2,xilinx_u280_xdma_201920_3,3,2,6,3072,512,Broadcast,1179.6853000078045,42.66531760603189,2268.9794000029906,22.182505491206165
dma_hardened2,xilinx_u280_xdma_201920_3,3,2,6,3072,512,Broadcast,1198.9171999971404,41.98092078428773,2240.4255999958878,22.465217323035578
dma_hardened2,xilinx_u280_xdma_201920_3,3,2,6,3072,512,Broadcast,1197.8032999991228,42.019961040378554,2194.3126999985907,22.937317912817225
dma_hardened2,xilinx_u280_xdma_201920_3,3,2,6,3072,512,Broadcast,1204.5001000046796,41.786337751075706,2226.078099999995,22.610009954277935
dma_hardened2,xilinx_u280_xdma_201920_3,3,2,6,3072,512,Broadcast,1231.0169999977916,40.88623309027438,2286.375199992108,22.01373072983548
dma_hardened2,xilinx_u280_xdma_201920_3,3,2,6,3072,512,Broadcast,1197.2686000035537,42.038727149321886,2230.0446999906853,22.569793332039595
dma_hardened2,xilinx_u280_xdma_201920_3,3,2,6,3072,512,Broadcast,1189.2961000057767,42.32053565109272,2221.309200001542,22.658551092286054
dma_hardened2,xilinx_u280_xdma_201920_3,3,2,6,3072,512,Broadcast,1245.1661000000058,40.42163370814525,2250.558799994451,22.364067093081104
dma_hardened2,xilinx_u280_xdma_201920_3,3,2,6,3072,512,Broadcast,1213.1689000057122,41.48774997427235,2220.9641000017655,22.662071845267555
dma_hardened2,xilinx_u280_xdma_201920_3,3,2,6,3072,512,Broadcast,1217.0303000061722,41.35611742759794,2261.3916000068457,22.25693595034475
dma_hardened2,xilinx_u280_xdma_201920_3,3,2,6,3072,512,Broadcast,1198.6392000039814,41.99065740535836,2270.847900001627,22.16425327295762
dma_hardened2,xilinx_u280_xdma_201920_3,3,2,6,3072,512,Broadcast,1228.764500001489,40.96118336747115,2216.1323000091215,22.711481620385584
dma_hardened2,xilinx_u280_xdma_201920_3,3,2,6,3072,512,Broadcast,1183.1574999973782,42.54010814292394,2193.016599994735,22.950874152124904
dma_hardened2,xilinx_u280_xdma_201920_3,3,2,6,3072,512,Broadcast,1185.4173999950035,42.459008953480975,2171.739000004891,23.17573520569767
dma_hardened2,xilinx_u280_xdma_201920_3,3,2,6,3072,512,Broadcast,1206.8255000031058,41.70582076685525,2264.71070000116,22.22431677475371
dma_hardened2,xilinx_u280_xdma_201920_3,3,2,6,3072,512,Broadcast,1207.858500004022,41.670152588099015,2247.1209999935127,22.398281178514775
dma_hardened2,xilinx_u280_xdma_201920_3,3,2,6,6144,512,Broadcast,2255.143299998963,44.63720598156503,3753.1197000021166,26.821232480259884
dma_hardened2,xilinx_u280_xdma_201920_3,3,2,6,6144,512,Broadcast,2271.159599990824,44.32242278367698,3778.9618000033443,26.6378178260259
dma_hardened2,xilinx_u280_xdma_201920_3,3,2,6,6144,512,Broadcast,2237.3071999936656,44.9930595138142,3796.907100002045,26.511919662176034
dma_hardened2,xilinx_u280_xdma_201920_3,3,2,6,6144,512,Broadcast,2272.221900000204,44.301701343513564,3752.0508000056907,26.828873425660262
dma_hardened2,xilinx_u280_xdma_201920_3,3,2,6,6144,512,Broadcast,2277.3400000005495,44.20213758155379,3848.0648000017936,26.159459684762346
dma_hardened2,xilinx_u280_xdma_201920_3,3,2,6,6144,512,Broadcast,2297.95740000327,43.80555357547392,3718.1439999926624,27.073533461909665
dma_hardened2,xilinx_u280_xdma_201920_3,3,2,6,6144,512,Broadcast,2266.78469999797,44.407965167618315,3770.2589999980773,26.699305273205724
dma_hardened2,xilinx_u280_xdma_201920_3,3,2,6,6144,512,Broadcast,2200.2993999990395,45.749817502129005,3803.5873000012543,26.465357059102285
dma_hardened2,xilinx_u280_xdma_201920_3,3,2,6,6144,512,Broadcast,2290.658699996584,43.94513071726928,3784.9249000032614,26.595850290163817
dma_hardened2,xilinx_u280_xdma_201920_3,3,2,6,6144,512,Broadcast,2259.0334000028633,44.56033983378573,3811.337199999798,26.41154290940338
dma_hardened2,xilinx_u280_xdma_201920_3,3,2,6,6144,512,Broadcast,2278.278999995109,44.18391952882685,3717.1625000041786,27.080682106280488
dma_hardened2,xilinx_u280_xdma_201920_3,3,2,6,6144,512,Broadcast,2229.686800001218,45.14683228153165,3761.2674999991214,26.76313131145911
dma_hardened2,xilinx_u280_xdma_201920_3,3,2,6,6144,512,Broadcast,2264.5594999971763,44.45160129381698,3761.398199992527,26.762201353794445
dma_hardened2,xilinx_u280_xdma_201920_3,3,2,6,6144,512,Broadcast,2263.6176999981217,44.4700958117104,3818.158499996116,26.364357582353485
dma_hardened2,xilinx_u280_xdma_201920_3,3,2,6,6144,512,Broadcast,2242.7422999953706,44.88402256478945,3826.599600006375,26.306200418730064
dma_hardened2,xilinx_u280_xdma_201920_3,3,2,6,6144,512,Broadcast,2288.488400006372,43.986806312725776,3774.980200000755,26.665913638429114
dma_hardened2,xilinx_u280_xdma_201920_3,3,2,6,6144,512,Broadcast,2270.097899997836,44.34315189670717,3762.2962999989795,26.755812932656927
dma_hardened2,xilinx_u280_xdma_201920_3,3,2,6,6144,512,Broadcast,2263.7687999917944,44.46712756195106,3759.8876999936692,26.77295281988595
dma_hardened2,xilinx_u280_xdma_201920_3,3,2,6,6144,512,Broadcast,2209.8784000036176,45.551509078434,3698.5863999916546,27.216694464735806
dma_hardened2,xilinx_u280_xdma_201920_3,3,2,6,6144,512,Broadcast,2224.5940000061637,45.250187674569425,3769.2590999995446,26.706388000764438
dma_hardened2,xilinx_u280_xdma_201920_3,3,2,6,12288,512,Broadcast,3849.61709999061,52.29782255499932,6562.583999993876,30.677945150902122
dma_hardened2,xilinx_u280_xdma_201920_3,3,2,6,12288,512,Broadcast,3886.893800006419,51.79626775490175,6557.833500005472,30.700168279635644
dma_hardened2,xilinx_u280_xdma_201920_3,3,2,6,12288,512,Broadcast,3909.1688999974394,51.50112393458668,6512.535800004571,30.913702155749945
dma_hardened2,xilinx_u280_xdma_201920_3,3,2,6,12288,512,Broadcast,3845.6273999941004,52.3520796633363,6520.2222000039,30.877259367001265
dma_hardened2,xilinx_u280_xdma_201920_3,3,2,6,12288,512,Broadcast,3892.6979999928335,51.71903702788417,6552.143700002944,30.726827923494646
dma_hardened2,xilinx_u280_xdma_201920_3,3,2,6,12288,512,Broadcast,3894.70899999651,51.69233234117886,6552.6847000001,30.724291068055958
dma_hardened2,xilinx_u280_xdma_201920_3,3,2,6,12288,512,Broadcast,3921.213199998874,51.342934375528934,6525.34690000266,30.853009822346444
dma_hardened2,xilinx_u280_xdma_201920_3,3,2,6,12288,512,Broadcast,3891.344599992408,51.737024780687065,6516.31030000317,30.89579573887113
dma_hardened2,xilinx_u280_xdma_201920_3,3,2,6,12288,512,Broadcast,3900.5213999985244,51.61530250803807,6581.45700000432,30.58997301051543
dma_hardened2,xilinx_u280_xdma_201920_3,3,2,6,12288,512,Broadcast,3881.828199996562,51.86385940526124,6559.976599999118,30.690138742267326
dma_hardened2,xilinx_u280_xdma_201920_3,3,2,6,12288,512,Broadcast,3898.6525000041183,51.640045374597335,6572.577099996124,30.631301685318945
dma_hardened2,xilinx_u280_xdma_201920_3,3,2,6,12288,512,Broadcast,3902.8035999990607,51.58511998914023,6555.999499994414,30.70875646042553
dma_hardened2,xilinx_u280_xdma_201920_3,3,2,6,12288,512,Broadcast,3879.6324000031746,51.89321338790636,6567.212800007383,30.656322268066855
dma_hardened2,xilinx_u280_xdma_201920_3,3,2,6,12288,512,Broadcast,3909.75290000597,51.49343120883486,6519.253499993738,30.881847438543904
dma_hardened2,xilinx_u280_xdma_201920_3,3,2,6,12288,512,Broadcast,3890.1890000033745,51.75239352119534,6553.127200004383,30.72221640987914
dma_hardened2,xilinx_u280_xdma_201920_3,3,2,6,12288,512,Broadcast,3881.155099998068,51.872854037732274,6545.018999997865,30.760276173387073
dma_hardened2,xilinx_u280_xdma_201920_3,3,2,6,12288,512,Broadcast,3904.4725000053404,51.56307081167165,6549.731400002656,30.738144773374728
dma_hardened2,xilinx_u280_xdma_201920_3,3,2,6,12288,512,Broadcast,3913.7897000045996,51.44031934055205,6551.229800004421,30.731114332131067
dma_hardened2,xilinx_u280_xdma_201920_3,3,2,6,12288,512,Broadcast,3909.3563000051295,51.49865516216463,6570.064799996089,30.643014662522024
dma_hardened2,xilinx_u280_xdma_201920_3,3,2,6,12288,512,Broadcast,3914.045299995905,51.43696011903864,6554.994200007513,30.713466077478643
dma_hardened2,xilinx_u280_xdma_201920_3,3,2,6,24576,512,Broadcast,7155.263300001025,56.27370609827068,11998.71979999898,33.55801208059165
dma_hardened2,xilinx_u280_xdma_201920_3,3,2,6,24576,512,Broadcast,7160.936299999321,56.229125233251715,11951.89019999816,33.689498251921854
dma_hardened2,xilinx_u280_xdma_201920_3,3,2,6,24576,512,Broadcast,7146.127699991212,56.34564632821986,11956.273999999212,33.67714590682905
dma_hardened2,xilinx_u280_xdma_201920_3,3,2,6,24576,512,Broadcast,7148.280999990675,56.32867314540731,12001.194899994516,33.55109115011406
dma_hardened2,xilinx_u280_xdma_201920_3,3,2,6,24576,512,Broadcast,7104.234600001291,56.67791207231907,11998.582100000021,33.55839720428293
dma_hardened2,xilinx_u280_xdma_201920_3,3,2,6,24576,512,Broadcast,7133.84700000006,56.44264363953932,11938.942599999791,33.72603399567455
dma_hardened2,xilinx_u280_xdma_201920_3,3,2,6,24576,512,Broadcast,7176.4086999905885,56.10789474692656,12010.371400003805,33.52545650668824
dma_hardened2,xilinx_u280_xdma_201920_3,3,2,6,24576,512,Broadcast,7148.131500002819,56.32985123452768,11969.021300001259,33.64127892394657
dma_hardened2,xilinx_u280_xdma_201920_3,3,2,6,24576,512,Broadcast,7137.461100001019,56.41406353863596,11970.552799994039,33.63697489394145
dma_hardened2,xilinx_u280_xdma_201920_3,3,2,6,24576,512,Broadcast,7138.869100003831,56.402936986165486,11990.946700007044,33.57976597458843
dma_hardened2,xilinx_u280_xdma_201920_3,3,2,6,24576,512,Broadcast,7137.033499998324,56.41744346584537,11996.16960000185,33.5651459945963
dma_hardened2,xilinx_u280_xdma_201920_3,3,2,6,24576,512,Broadcast,7147.286400004305,56.33651171439799,11962.84249999735,33.65865462159927
dma_hardened2,xilinx_u280_xdma_201920_3,3,2,6,24576,512,Broadcast,7139.470200002052,56.398188201679766,11969.957200005865,33.638648599328555
dma_hardened2,xilinx_u280_xdma_201920_3,3,2,6,24576,512,Broadcast,7172.045300001173,56.142030223921495,11986.506599998847,33.59220475463958
dma_hardened2,xilinx_u280_xdma_201920_3,3,2,6,24576,512,Broadcast,7160.416299996086,56.23320867534197,11944.045500001721,33.71162509385467
dma_hardened2,xilinx_u280_xdma_201920_3,3,2,6,24576,512,Broadcast,7113.979100006418,56.600276489375226,12025.606600002448,33.482983220149414
dma_hardened2,xilinx_u280_xdma_201920_3,3,2,6,24576,512,Broadcast,7133.175899991784,56.44795384906515,11974.589900000865,33.62563456139495
dma_hardened2,xilinx_u280_xdma_201920_3,3,2,6,24576,512,Broadcast,7146.648599996297,56.34153944552537,11979.870000004667,33.610814140707966
dma_hardened2,xilinx_u280_xdma_201920_3,3,2,6,24576,512,Broadcast,7137.984700000288,56.40992533928852,11958.021899999949,33.672223329847036
dma_hardened2,xilinx_u280_xdma_201920_3,3,2,6,24576,512,Broadcast,7146.320000003925,56.3441301256841,11989.412699995228,33.58406237864848
experiment,board_instance,number of nodes,rank id,number of banks,buffer size[KB],segment_size[KB],collective name,execution_time[us],throughput[Gbps],execution_time_fullpath[us],throughput_fullpath[Gbps]
dma_hardened2,xilinx_u280_xdma_201920_3,3,2,6,1,512,Scatter,231.04519999606055,0.035456265700995644,324.15690000107134,0.025271712556397614
dma_hardened2,xilinx_u280_xdma_201920_3,3,2,6,1,512,Scatter,175.70369999475588,0.04662394702128926,293.2760000021517,0.027932732306564113
dma_hardened2,xilinx_u280_xdma_201920_3,3,2,6,1,512,Scatter,190.96549999630952,0.04289780091251202,286.5093000082197,0.028592440104963358
dma_hardened2,xilinx_u280_xdma_201920_3,3,2,6,1,512,Scatter,182.29480000400144,0.044938199004141546,281.9043000044985,0.029059507073390778
dma_hardened2,xilinx_u280_xdma_201920_3,3,2,6,1,512,Scatter,186.90200000719415,0.04383045660123849,322.7071000083015,0.02538524872799286
dma_hardened2,xilinx_u280_xdma_201920_3,3,2,6,1,512,Scatter,183.18420000014157,0.04472001406231361,312.084600000162,0.02624929265973312
dma_hardened2,xilinx_u280_xdma_201920_3,3,2,6,1,512,Scatter,179.64059999258097,0.04560216343264453,305.7790999946519,0.026790581828984642
dma_hardened2,xilinx_u280_xdma_201920_3,3,2,6,1,512,Scatter,182.13990000504054,0.044976416478615035,313.61830000378177,0.026120924703377374
dma_hardened2,xilinx_u280_xdma_201920_3,3,2,6,1,512,Scatter,198.79059999539095,0.04120919198488226,336.03289999746266,0.024378565313282887
dma_hardened2,xilinx_u280_xdma_201920_3,3,2,6,1,512,Scatter,177.474599991001,0.04615871792591943,315.6192000005831,0.0259553284463837
dma_hardened2,xilinx_u280_xdma_201920_3,3,2,6,1,512,Scatter,193.34650000928377,0.04236952828009119,316.8511000012586,0.02585441552820066
dma_hardened2,xilinx_u280_xdma_201920_3,3,2,6,1,512,Scatter,192.4363000057383,0.04256993093171985,332.6248999997006,0.02462834261658515
dma_hardened2,xilinx_u280_xdma_201920_3,3,2,6,1,512,Scatter,180.12100000532882,0.045480538081387745,309.4000000032793,0.026477052359124672
dma_hardened2,xilinx_u280_xdma_201920_3,3,2,6,1,512,Scatter,183.21219999961613,0.044713179580929456,348.20670000499376,0.023526256099846772
dma_hardened2,xilinx_u280_xdma_201920_3,3,2,6,1,512,Scatter,191.16029999395323,0.04285408633622739,325.01599999932296,0.025204912988951514
dma_hardened2,xilinx_u280_xdma_201920_3,3,2,6,1,512,Scatter,184.0526999899339,0.044508991177244515,354.3120000017552,0.023120865226013847
dma_hardened2,xilinx_u280_xdma_201920_3,3,2,6,1,512,Scatter,188.57399999205882,0.043441831855637464,290.4965999960041,0.02819998581777785
dma_hardened2,xilinx_u280_xdma_201920_3,3,2,6,1,512,Scatter,189.2116000021815,0.043295442773622496,319.0803000052256,0.025673788071108868
dma_hardened2,xilinx_u280_xdma_201920_3,3,2,6,1,512,Scatter,170.5095000033907,0.048044243868154535,339.2474000065704,0.024147569000798064
dma_hardened2,xilinx_u280_xdma_201920_3,3,2,6,1,512,Scatter,181.30820000124004,0.04518273304761711,333.0828000002839,0.0245944852150667
dma_hardened2,xilinx_u280_xdma_201920_3,3,2,6,6,512,Scatter,192.2648000004301,0.2556474195998958,320.3646000088156,0.1534251911685856
dma_hardened2,xilinx_u280_xdma_201920_3,3,2,6,6,512,Scatter,179.67740000131016,0.2735569414942647,319.210899999689,0.15397970432728925
dma_hardened2,xilinx_u280_xdma_201920_3,3,2,6,6,512,Scatter,186.25279999469058,0.2638993883657113,362.97169999670587,0.13541551586651543
dma_hardened2,xilinx_u280_xdma_201920_3,3,2,6,6,512,Scatter,190.0529999943501,0.2586225947575739,306.36059999551435,0.1604383853560793
dma_hardened2,xilinx_u280_xdma_201920_3,3,2,6,6,512,Scatter,193.36819999580257,0.2541886411574754,353.2674999974006,0.13913535776815494
dma_hardened2,xilinx_u280_xdma_201920_3,3,2,6,6,512,Scatter,190.86750000951724,0.25751895947476194,324.53590000613985,0.1514531982411502
dma_hardened2,xilinx_u280_xdma_201920_3,3,2,6,6,512,Scatter,184.37050000557065,0.26659362532788544,317.7438999955484,0.15469061719418883
dma_hardened2,xilinx_u280_xdma_201920_3,3,2,6,6,512,Scatter,182.92089999931704,0.26870630966818726,339.73099999684564,0.14467917264087285
dma_hardened2,xilinx_u280_xdma_201920_3,3,2,6,6,512,Scatter,190.1912999983324,0.25843453407401373,316.14650000619804,0.1554722256897874
dma_hardened2,xilinx_u280_xdma_201920_3,3,2,6,6,512,Scatter,189.38849999585727,0.25953001370767054,343.9255999978741,0.1429146303744293
dma_hardened2,xilinx_u280_xdma_201920_3,3,2,6,6,512,Scatter,188.88229999447503,0.26022554787525215,308.85459999581144,0.159142845859076
dma_hardened2,xilinx_u280_xdma_201920_3,3,2,6,6,512,Scatter,181.36620000177572,0.27100970301808586,329.4497000069896,0.14919424725218203
dma_hardened2,xilinx_u280_xdma_201920_3,3,2,6,6,512,Scatter,188.55569999232102,0.2606762882373841,302.71760000459835,0.1623691519728399
dma_hardened2,xilinx_u280_xdma_201920_3,3,2,6,6,512,Scatter,189.9599000012131,0.2587493465709664,318.96640000468324,0.1540977356840041
dma_hardened2,xilinx_u280_xdma_201920_3,3,2,6,6,512,Scatter,185.11829999852125,0.2655166993235819,369.33160000671705,0.13308365706889438
dma_hardened2,xilinx_u280_xdma_201920_3,3,2,6,6,512,Scatter,191.9706999956361,0.25603907263513304,315.53000000030806,0.15577599594318137
dma_hardened2,xilinx_u280_xdma_201920_3,3,2,6,6,512,Scatter,200.08099999131446,0.2456605075051289,365.8739999991667,0.1343413306223234
dma_hardened2,xilinx_u280_xdma_201920_3,3,2,6,6,512,Scatter,196.22620000063762,0.25048642841700186,308.39870000818337,0.1593781037296712
dma_hardened2,xilinx_u280_xdma_201920_3,3,2,6,6,512,Scatter,193.8265999910982,0.2535874849079403,350.7893999994849,0.14011825898978753
dma_hardened2,xilinx_u280_xdma_201920_3,3,2,6,6,512,Scatter,196.00240000272606,0.2507724395176609,350.743199999215,0.140136715409194
dma_hardened2,xilinx_u280_xdma_201920_3,3,2,6,12,512,Scatter,195.22989999813944,0.5035294286425227,341.8126000042321,0.2875961857426639
dma_hardened2,xilinx_u280_xdma_201920_3,3,2,6,12,512,Scatter,203.46689999541923,0.4831449243204333,360.03349999873535,0.2730412586616115
dma_hardened2,xilinx_u280_xdma_201920_3,3,2,6,12,512,Scatter,194.3814999890492,0.5057271396997045,322.693199996138,0.3046361063734114
dma_hardened2,xilinx_u280_xdma_201920_3,3,2,6,12,512,Scatter,199.51070000843174,0.4927254527995013,330.87569998997424,0.2971025070834113
dma_hardened2,xilinx_u280_xdma_201920_3,3,2,6,12,512,Scatter,195.06849999970655,0.5039460497217536,290.4475000036655,0.3384570361210181
dma_hardened2,xilinx_u280_xdma_201920_3,3,2,6,12,512,Scatter,199.87889999129038,0.4918177956967121,340.1707999955761,0.28898423968570625
dma_hardened2,xilinx_u280_xdma_201920_3,3,2,6,12,512,Scatter,194.2176000056861,0.5061539221837874,325.60580000335904,0.30191108389035415
dma_hardened2,xilinx_u280_xdma_201920_3,3,2,6,12,512,Scatter,210.32759999570771,0.46738516486664683,348.25369999680333,0.2822769722214074
dma_hardened2,xilinx_u280_xdma_201920_3,3,2,6,12,512,Scatter,192.17330000174115,0.5115382834093464,325.44370000096023,0.3020614625500814
dma_hardened2,xilinx_u280_xdma_201920_3,3,2,6,12,512,Scatter,187.63660000331583,0.5239063167754202,307.39430000039647,0.3197977320980682
dma_hardened2,xilinx_u280_xdma_201920_3,3,2,6,12,512,Scatter,200.3194999929292,0.4907360491787864,353.23749999633947,0.278294348705952
dma_hardened2,xilinx_u280_xdma_201920_3,3,2,6,12,512,Scatter,202.56560000007084,0.485294640353375,363.90929999470245,0.2701332447437618
dma_hardened2,xilinx_u280_xdma_201920_3,3,2,6,12,512,Scatter,197.3910999936379,0.498016374614501,337.653400004001,0.291138783139264
dma_hardened2,xilinx_u280_xdma_201920_3,3,2,6,12,512,Scatter,197.65940000979754,0.49734037437697015,329.75649999116285,0.29811087879278936
dma_hardened2,xilinx_u280_xdma_201920_3,3,2,6,12,512,Scatter,194.49249999752283,0.5054385130596402,340.624199998274,0.2885995768958815
dma_hardened2,xilinx_u280_xdma_201920_3,3,2,6,12,512,Scatter,189.1327999942405,0.5197617758685621,328.5235000021203,0.29922973546600334
dma_hardened2,xilinx_u280_xdma_201920_3,3,2,6,12,512,Scatter,196.2257999934991,0.5009738780693302,380.2436000000853,0.2585290061423202
dma_hardened2,xilinx_u280_xdma_201920_3,3,2,6,12,512,Scatter,188.7349000071481,0.5208575626250198,354.4881999914651,0.27731247472374776
dma_hardened2,xilinx_u280_xdma_201920_3,3,2,6,12,512,Scatter,195.63319999633677,0.5024913971751254,330.74479999868345,0.29722009235032965
dma_hardened2,xilinx_u280_xdma_201920_3,3,2,6,12,512,Scatter,215.15880000606558,0.45689044555569513,348.06939999043607,0.2824264356553639
dma_hardened2,xilinx_u280_xdma_201920_3,3,2,6,24,512,Scatter,200.60800000010204,0.9800606157276878,364.14689999446637,0.5399139742861677
dma_hardened2,xilinx_u280_xdma_201920_3,3,2,6,24,512,Scatter,201.648099994145,0.9750054674738252,369.93319999965024,0.5314689246604141
dma_hardened2,xilinx_u280_xdma_201920_3,3,2,6,24,512,Scatter,192.26350000280945,1.022596592682059,310.230299999148,0.6337485410049887
dma_hardened2,xilinx_u280_xdma_201920_3,3,2,6,24,512,Scatter,200.54419999269157,0.9803724067171475,341.0900000062611,0.576410917928966
dma_hardened2,xilinx_u280_xdma_201920_3,3,2,6,24,512,Scatter,193.98919999957798,1.0134997206052074,315.65560000217374,0.6228560494369372
dma_hardened2,xilinx_u280_xdma_201920_3,3,2,6,24,512,Scatter,207.27639999904568,0.9485305611295121,376.1452000048848,0.5226917690228314
dma_hardened2,xilinx_u280_xdma_201920_3,3,2,6,24,512,Scatter,187.9965000057382,1.0458067038162888,350.0554999959604,0.5616480815249835
dma_hardened2,xilinx_u280_xdma_201920_3,3,2,6,24,512,Scatter,190.58589999758624,1.031597825455556,361.95599999473416,0.5431820442342724
dma_hardened2,xilinx_u280_xdma_201920_3,3,2,6,24,512,Scatter,196.66099999540165,0.9997305007327183,354.7488999970483,0.5542173633283595
dma_hardened2,xilinx_u280_xdma_201920_3,3,2,6,24,512,Scatter,193.50119999899107,1.0160557143884643,318.3214000046064,0.617639907329997
dma_hardened2,xilinx_u280_xdma_201920_3,3,2,6,24,512,Scatter,206.40310000317186,0.9525438329026001,343.7469000004967,0.5719557034542447
dma_hardened2,xilinx_u280_xdma_201920_3,3,2,6,24,512,Scatter,206.55130000477584,0.9518603852672632,312.7632000087033,0.6286161543126844
dma_hardened2,xilinx_u280_xdma_201920_3,3,2,6,24,512,Scatter,199.97320000584295,0.9831717449851048,363.2128000049306,0.5413025091553245
dma_hardened2,xilinx_u280_xdma_201920_3,3,2,6,24,512,Scatter,196.98610000205008,0.9980805752180172,335.13910000237956,0.5866459628214197
dma_hardened2,xilinx_u280_xdma_201920_3,3,2,6,24,512,Scatter,202.69139999982144,0.969986886469644,351.2667999984842,0.5597113077605068
dma_hardened2,xilinx_u280_xdma_201920_3,3,2,6,24,512,Scatter,198.58130000329766,0.9900630119590068,363.98919999101054,0.5401478945113087
dma_hardened2,xilinx_u280_xdma_201920_3,3,2,6,24,512,Scatter,187.34930000618988,1.0494194533606702,352.4330999994163,0.5578590660194109
dma_hardened2,xilinx_u280_xdma_201920_3,3,2,6,24,512,Scatter,202.88209999534956,0.969075142678958,354.30469999937486,0.5549121984561506
dma_hardened2,xilinx_u280_xdma_201920_3,3,2,6,24,512,Scatter,194.42940000544695,1.0112050954973477,341.7001999991953,0.5753815771850967
dma_hardened2,xilinx_u280_xdma_201920_3,3,2,6,24,512,Scatter,194.40410000015618,1.0113366950586025,373.52970000483765,0.5263517198162655
dma_hardened2,xilinx_u280_xdma_201920_3,3,2,6,48,512,Scatter,201.2734000004457,1.953641166687348,330.04340000388765,1.1914069482842808
dma_hardened2,xilinx_u280_xdma_201920_3,3,2,6,48,512,Scatter,206.1013999991701,1.9078764142387357,382.23709999556377,1.0287227482747323
dma_hardened2,xilinx_u280_xdma_201920_3,3,2,6,48,512,Scatter,196.80360001075314,1.998012231374401,318.5508999990816,1.234389857323064
dma_hardened2,xilinx_u280_xdma_201920_3,3,2,6,48,512,Scatter,212.75049999758266,1.8482494753453826,357.9686999955811,1.0984647540549048
dma_hardened2,xilinx_u280_xdma_201920_3,3,2,6,48,512,Scatter,198.34129999480865,1.9825220466453126,364.0655000026527,1.0800693831113766
dma_hardened2,xilinx_u280_xdma_201920_3,3,2,6,48,512,Scatter,197.70390000530824,1.988913723955078,381.0236000049372,1.0319990677609074
dma_hardened2,xilinx_u280_xdma_201920_3,3,2,6,48,512,Scatter,195.25950000343073,2.01381238809426,324.72859999188586,1.2109065847905773
dma_hardened2,xilinx_u280_xdma_201920_3,3,2,6,48,512,Scatter,198.53420000117694,1.9805957865076593,343.73449999520744,1.1439526727910132
dma_hardened2,xilinx_u280_xdma_201920_3,3,2,6,48,512,Scatter,201.0213000062322,1.9560912201234857,323.7180000041917,1.2146868570635811
dma_hardened2,xilinx_u280_xdma_201920_3,3,2,6,48,512,Scatter,205.41410000305405,1.914260023991312,321.07140000334766,1.2246995527969795
dma_hardened2,xilinx_u280_xdma_201920_3,3,2,6,48,512,Scatter,197.81480000347074,1.987798688435349,365.62950000416095,1.0754493277909063
dma_hardened2,xilinx_u280_xdma_201920_3,3,2,6,48,512,Scatter,198.98799999964467,1.976078959538777,355.4249000103482,1.1063265403986933
dma_hardened2,xilinx_u280_xdma_201920_3,3,2,6,48,512,Scatter,201.56519999545708,1.9508129379915897,370.2875999920252,1.0619205180202325
dma_hardened2,xilinx_u280_xdma_201920_3,3,2,6,48,512,Scatter,193.83700000616955,2.028591032607214,336.60870000176146,1.1681694501596136
dma_hardened2,xilinx_u280_xdma_201920_3,3,2,6,48,512,Scatter,203.70109999703345,1.9303577644191734,374.9635000076523,1.0486780713108748
dma_hardened2,xilinx_u280_xdma_201920_3,3,2,6,48,512,Scatter,196.85299999991912,1.9975108329573923,326.67030000084196,1.2037090607838745
dma_hardened2,xilinx_u280_xdma_201920_3,3,2,6,48,512,Scatter,197.678500001075,1.9891692824351743,322.2361999974055,1.220272582668136
dma_hardened2,xilinx_u280_xdma_201920_3,3,2,6,48,512,Scatter,204.25309999154706,1.92514091593358,353.940499996952,1.1109663912532932
dma_hardened2,xilinx_u280_xdma_201920_3,3,2,6,48,512,Scatter,209.37509999612303,1.8780456702219182,358.4799000009298,1.0968983198192706
dma_hardened2,xilinx_u280_xdma_201920_3,3,2,6,48,512,Scatter,198.37380000353733,1.9821972457702999,372.30719999570283,1.0561600742734454
dma_hardened2,xilinx_u280_xdma_201920_3,3,2,6,96,512,Scatter,207.92199999277727,3.78234145510008,398.7856999970063,1.9720667015038496
dma_hardened2,xilinx_u280_xdma_201920_3,3,2,6,96,512,Scatter,203.48780000176703,3.864762408327039,371.6530000019702,2.116038347587214
dma_hardened2,xilinx_u280_xdma_201920_3,3,2,6,96,512,Scatter,194.6941000028346,4.0393211709473995,347.8757000038968,2.2606695437226305
dma_hardened2,xilinx_u280_xdma_201920_3,3,2,6,96,512,Scatter,199.3323999954555,3.945329509994008,352.9684999989513,2.2280515116854236
dma_hardened2,xilinx_u280_xdma_201920_3,3,2,6,96,512,Scatter,210.38529999941602,3.7380558432655846,334.87509999758913,2.3484337892117444
dma_hardened2,xilinx_u280_xdma_201920_3,3,2,6,96,512,Scatter,194.96749999916574,4.033656891550464,360.8676999988347,2.1792806615902154
dma_hardened2,xilinx_u280_xdma_201920_3,3,2,6,96,512,Scatter,207.77920000227823,3.7849409372611746,357.30300000977877,2.2010226613783725
dma_hardened2,xilinx_u280_xdma_201920_3,3,2,6,96,512,Scatter,204.34739999473095,3.8485050459182646,386.91749999770764,2.032557328124624
dma_hardened2,xilinx_u280_xdma_201920_3,3,2,6,96,512,Scatter,206.55700000133947,3.8073364736847464,369.64619999935167,2.127526267012563
dma_hardened2,xilinx_u280_xdma_201920_3,3,2,6,96,512,Scatter,232.76570000234642,3.378642128080178,362.60710000988183,2.168826810006114
dma_hardened2,xilinx_u280_xdma_201920_3,3,2,6,96,512,Scatter,212.98169999681704,3.6924862559166023,402.15939999370676,1.9555231085293707
dma_hardened2,xilinx_u280_xdma_201920_3,3,2,6,96,512,Scatter,200.08870000083334,3.930416860106166,338.8988999972753,2.320550465068853
dma_hardened2,xilinx_u280_xdma_201920_3,3,2,6,96,512,Scatter,197.31200000023819,3.9857281868261976,360.7724999938,2.1798557262915415
dma_hardened2,xilinx_u280_xdma_201920_3,3,2,6,96,512,Scatter,207.8761999996459,3.783174793465243,422.66850000487466,1.860635462521882
dma_hardened2,xilinx_u280_xdma_201920_3,3,2,6,96,512,Scatter,198.88730000729993,3.9541589632477034,366.1082999997234,2.1480856894000877
dma_hardened2,xilinx_u280_xdma_201920_3,3,2,6,96,512,Scatter,231.90330000488757,3.3912065933663955,344.91999999772815,2.2800417488263363
dma_hardened2,xilinx_u280_xdma_201920_3,3,2,6,96,512,Scatter,208.06410000204778,3.7797582571537323,383.20740000017395,2.052235943250686
dma_hardened2,xilinx_u280_xdma_201920_3,3,2,6,96,512,Scatter,205.11849999138576,3.8340373980554037,371.20409999715775,2.1185972892164218
dma_hardened2,xilinx_u280_xdma_201920_3,3,2,6,96,512,Scatter,196.59079999883033,4.0003499655359205,373.5851999977058,2.105094099029698
dma_hardened2,xilinx_u280_xdma_201920_3,3,2,6,96,512,Scatter,207.53890000833053,3.7893233507956,396.89149999730944,1.981478565314025
dma_hardened2,xilinx_u280_xdma_201920_3,3,2,6,192,512,Scatter,251.8739000038295,6.2446486117699616,373.62449999136516,4.209745346026159
dma_hardened2,xilinx_u280_xdma_201920_3,3,2,6,192,512,Scatter,206.49520000688426,7.616951870782289,419.8567000003095,3.746192450897748
dma_hardened2,xilinx_u280_xdma_201920_3,3,2,6,192,512,Scatter,210.63489999733065,7.467252577896316,382.59939999534254,4.110994423982753
dma_hardened2,xilinx_u280_xdma_201920_3,3,2,6,192,512,Scatter,208.74389999789855,7.534898025838523,441.51089999786564,3.5624579144197877
dma_hardened2,xilinx_u280_xdma_201920_3,3,2,6,192,512,Scatter,224.49790000109715,7.006141260084451,394.5870999928047,3.9861009141674453
dma_hardened2,xilinx_u280_xdma_201920_3,3,2,6,192,512,Scatter,213.71349999981248,7.359684811681902,423.8507999957619,3.710890719129767
dma_hardened2,xilinx_u280_xdma_201920_3,3,2,6,192,512,Scatter,216.68660000386808,7.258704506748099,410.2668000086851,3.8337589099744447
dma_hardened2,xilinx_u280_xdma_201920_3,3,2,6,192,512,Scatter,216.2916000088444,7.271960630628669,401.8370000039795,3.914184109438463
dma_hardened2,xilinx_u280_xdma_201920_3,3,2,6,192,512,Scatter,209.70580000039263,7.50033618525122,387.4804000020049,4.0592091883663315
dma_hardened2,xilinx_u280_xdma_201920_3,3,2,6,192,512,Scatter,204.48399999395406,7.691868312662627,411.0913000090477,3.826069780521706
dma_hardened2,xilinx_u280_xdma_201920_3,3,2,6,192,512,Scatter,220.72489999800382,7.125901971251203,445.3849000014998,3.531471318391583
dma_hardened2,xilinx_u280_xdma_201920_3,3,2,6,192,512,Scatter,206.81969999714056,7.60500087768112,407.8089000017826,3.85686531116198
dma_hardened2,xilinx_u280_xdma_201920_3,3,2,6,192,512,Scatter,210.80090000396012,7.461372318478963,369.2545000035352,4.259566234087714
dma_hardened2,xilinx_u280_xdma_201920_3,3,2,6,192,512,Scatter,206.8381000071895,7.604324348102834,420.57980000436146,3.7397516475676893
dma_hardened2,xilinx_u280_xdma_201920_3,3,2,6,192,512,Scatter,226.97559999187433,6.929661162064592,416.9740000065758,3.7720913053936105
dma_hardened2,xilinx_u280_xdma_201920_3,3,2,6,192,512,Scatter,207.6378000083423,7.575036914939412,426.8036999974356,3.685216412157276
dma_hardened2,xilinx_u280_xdma_201920_3,3,2,6,192,512,Scatter,205.9909999957199,7.635595730069183,406.8744000051083,3.865723672908034
dma_hardened2,xilinx_u280_xdma_201920_3,3,2,6,192,512,Scatter,212.42779999965933,7.404228636753393,416.76009999491725,3.7740273121615586
dma_hardened2,xilinx_u280_xdma_201920_3,3,2,6,192,512,Scatter,215.46599999737737,7.299824566377733,421.1594000025798,3.7346049975148734
dma_hardened2,xilinx_u280_xdma_201920_3,3,2,6,192,512,Scatter,207.89409999224517,7.565698112927065,407.9451000052359,3.8555776254692424
dma_hardened2,xilinx_u280_xdma_201920_3,3,2,6,384,512,Scatter,254.37540000439185,12.366478833824686,531.411700001172,5.9195685755376894
dma_hardened2,xilinx_u280_xdma_201920_3,3,2,6,384,512,Scatter,239.7346999941874,13.121704951666452,530.6356999994932,5.928225334260405
dma_hardened2,xilinx_u280_xdma_201920_3,3,2,6,384,512,Scatter,251.26770000269968,12.519428481918693,487.9780000010214,6.446454553265547
dma_hardened2,xilinx_u280_xdma_201920_3,3,2,6,384,512,Scatter,250.4305000002205,12.561281473291913,499.0921999933562,6.302899544496738
dma_hardened2,xilinx_u280_xdma_201920_3,3,2,6,384,512,Scatter,247.8743999972721,12.69081438032576,475.6659999998192,6.613312702613169
dma_hardened2,xilinx_u280_xdma_201920_3,3,2,6,384,512,Scatter,252.72090000498793,12.447439052084388,520.7545999951435,6.040710922245021
dma_hardened2,xilinx_u280_xdma_201920_3,3,2,6,384,512,Scatter,283.44239999569254,11.09829722034461,486.2755999965884,6.469022916268202
dma_hardened2,xilinx_u280_xdma_201920_3,3,2,6,384,512,Scatter,273.0444000007992,11.52093945157195,479.7482999947533,6.557038347054909
dma_hardened2,xilinx_u280_xdma_201920_3,3,2,6,384,512,Scatter,251.33210000376494,12.516220570125652,529.6975999954157,5.938724283491609
dma_hardened2,xilinx_u280_xdma_201920_3,3,2,6,384,512,Scatter,258.5459000101764,12.16700013373325,515.0850000063656,6.107201723911828
dma_hardened2,xilinx_u280_xdma_201920_3,3,2,6,384,512,Scatter,248.7716000018736,12.645044691501395,545.2120999962062,5.7697325499963945
dma_hardened2,xilinx_u280_xdma_201920_3,3,2,6,384,512,Scatter,244.51189999581402,12.86533702471681,531.9090999932996,5.914033055722541
dma_hardened2,xilinx_u280_xdma_201920_3,3,2,6,384,512,Scatter,249.35540000114997,12.615439649534329,482.27610000139975,6.522670312691982
dma_hardened2,xilinx_u280_xdma_201920_3,3,2,6,384,512,Scatter,240.89659999617652,13.058415934678733,496.1457999911545,6.340329798329611
dma_hardened2,xilinx_u280_xdma_201920_3,3,2,6,384,512,Scatter,249.5378999924469,12.60621332509096,494.7505000018282,6.358210855751285
dma_hardened2,xilinx_u280_xdma_201920_3,3,2,6,384,512,Scatter,239.68169999761813,13.124606509513496,483.1975000001876,6.5102323584016455
dma_hardened2,xilinx_u280_xdma_201920_3,3,2,6,384,512,Scatter,242.96520000461896,12.947236887999587,491.2293999950635,6.403786092672003
dma_hardened2,xilinx_u280_xdma_201920_3,3,2,6,384,512,Scatter,238.96679999779735,13.16387046246171,503.949400001602,6.242150501597978
dma_hardened2,xilinx_u280_xdma_201920_3,3,2,6,384,512,Scatter,295.06969999602006,10.660965866852578,515.0699000068926,6.107380765130916
dma_hardened2,xilinx_u280_xdma_201920_3,3,2,6,384,512,Scatter,283.9710999978706,11.077634308644747,507.8399000012723,6.194330142220252
dma_hardened2,xilinx_u280_xdma_201920_3,3,2,6,768,512,Scatter,404.5048999955725,15.553472900004087,692.1381000097426,9.089885385462006
dma_hardened2,xilinx_u280_xdma_201920_3,3,2,6,768,512,Scatter,431.89599999777784,14.567062441032958,787.8238999978748,7.9858658769008795
dma_hardened2,xilinx_u280_xdma_201920_3,3,2,6,768,512,Scatter,435.14970000160247,14.458141646373262,647.9826000031608,9.709297749614436
dma_hardened2,xilinx_u280_xdma_201920_3,3,2,6,768,512,Scatter,400.3401999966627,15.715274159458499,713.7241000009453,8.814969257716905
dma_hardened2,xilinx_u280_xdma_201920_3,3,2,6,768,512,Scatter,352.5752000086868,17.844295344213066,738.1476999967163,8.523302314737265
dma_hardened2,xilinx_u280_xdma_201920_3,3,2,6,768,512,Scatter,397.208899994439,15.839161710848074,703.3008000007612,8.945611891801049
dma_hardened2,xilinx_u280_xdma_201920_3,3,2,6,768,512,Scatter,414.9235999989287,15.162926379738929,683.6617000089973,9.202586600824944
dma_hardened2,xilinx_u280_xdma_201920_3,3,2,6,768,512,Scatter,407.83880000390127,15.426330206787139,651.5153999998802,9.656649712349326
dma_hardened2,xilinx_u280_xdma_201920_3,3,2,6,768,512,Scatter,408.3865999973568,15.40563769732092,752.142700002878,8.364710579489673
dma_hardened2,xilinx_u280_xdma_201920_3,3,2,6,768,512,Scatter,381.47300000446194,16.49253289204324,673.33189999772,9.34376642488096
dma_hardened2,xilinx_u280_xdma_201920_3,3,2,6,768,512,Scatter,415.7745000043178,15.131894813016823,690.8725000016602,9.10653702381392
dma_hardened2,xilinx_u280_xdma_201920_3,3,2,6,768,512,Scatter,409.2330000048605,15.373774842022211,725.8633999981612,8.667548191596294
dma_hardened2,xilinx_u280_xdma_201920_3,3,2,6,768,512,Scatter,418.96569999835265,15.016637400208984,660.0962999982585,9.531118414111091
dma_hardened2,xilinx_u280_xdma_201920_3,3,2,6,768,512,Scatter,448.78879999714627,14.018745565932141,692.5961999968422,9.083873113985732
dma_hardened2,xilinx_u280_xdma_201920_3,3,2,6,768,512,Scatter,379.81919999765523,16.564344298652728,681.8253000005825,9.227372466223569
dma_hardened2,xilinx_u280_xdma_201920_3,3,2,6,768,512,Scatter,408.8364000040201,15.388688482576738,696.8540000002577,9.02837036165061
dma_hardened2,xilinx_u280_xdma_201920_3,3,2,6,768,512,Scatter,361.1352000007173,17.421331401612203,677.5844999992842,9.285123848031716
dma_hardened2,xilinx_u280_xdma_201920_3,3,2,6,768,512,Scatter,416.27660000358446,15.113643188076932,687.7066000015475,9.148459531994957
dma_hardened2,xilinx_u280_xdma_201920_3,3,2,6,768,512,Scatter,403.3190999962244,15.599201724041576,705.5819000015617,8.916691315332884
dma_hardened2,xilinx_u280_xdma_201920_3,3,2,6,768,512,Scatter,391.43060000697005,16.07297947551359,728.4567000056086,8.636691789575908
dma_hardened2,xilinx_u280_xdma_201920_3,3,2,6,1536,512,Scatter,624.0622000063922,20.162913247863937,1015.3113000001212,12.393156660423752
dma_hardened2,xilinx_u280_xdma_201920_3,3,2,6,1536,512,Scatter,648.6894000090615,19.39743735572715,964.5030999990922,13.046004725139651
dma_hardened2,xilinx_u280_xdma_201920_3,3,2,6,1536,512,Scatter,605.5858000081571,20.77808297326409,1004.5711999964624,12.525654727155539
dma_hardened2,xilinx_u280_xdma_201920_3,3,2,6,1536,512,Scatter,642.9284999967422,19.57124625843116,981.9985000035559,12.813575580771698
dma_hardened2,xilinx_u280_xdma_201920_3,3,2,6,1536,512,Scatter,605.8326000015768,20.769618538136196,998.7796000018533,12.598286949369662
dma_hardened2,xilinx_u280_xdma_201920_3,3,2,6,1536,512,Scatter,605.6829000044672,20.774751936875212,1039.6326999966732,12.103228380600443
dma_hardened2,xilinx_u280_xdma_201920_3,3,2,6,1536,512,Scatter,621.4420999981485,20.24792333837294,1024.6727999970062,12.279931701160374
dma_hardened2,xilinx_u280_xdma_201920_3,3,2,6,1536,512,Scatter,634.4871000010244,19.83162778247136,1007.8817000021445,12.484512815316744
dma_hardened2,xilinx_u280_xdma_201920_3,3,2,6,1536,512,Scatter,597.7183000027253,21.05157563344242,1002.5267000060012,12.55119888570018
dma_hardened2,xilinx_u280_xdma_201920_3,3,2,6,1536,512,Scatter,649.3352999996205,19.378142540544697,1061.1245999939456,11.85809093491169
dma_hardened2,xilinx_u280_xdma_201920_3,3,2,6,1536,512,Scatter,635.5756000061774,19.79766372383978,1018.7225999970906,12.351656869137816
dma_hardened2,xilinx_u280_xdma_201920_3,3,2,6,1536,512,Scatter,636.4953999991485,19.769054104737968,951.032699992993,13.230787963539747
dma_hardened2,xilinx_u280_xdma_201920_3,3,2,6,1536,512,Scatter,621.3534000039544,20.25081378796659,1028.6454000038248,12.232506945496683
dma_hardened2,xilinx_u280_xdma_201920_3,3,2,6,1536,512,Scatter,629.6562000102313,19.983781625267156,1021.345799995288,12.31993317058537
dma_hardened2,xilinx_u280_xdma_201920_3,3,2,6,1536,512,Scatter,618.9249000044583,20.330272703375417,1068.227799999022,11.779240345562549
dma_hardened2,xilinx_u280_xdma_201920_3,3,2,6,1536,512,Scatter,629.9028999933398,19.975955024390338,991.2746999930279,12.693668062030135
dma_hardened2,xilinx_u280_xdma_201920_3,3,2,6,1536,512,Scatter,639.5446999931664,19.6747967736023,1049.7882999970898,11.98614234892395
dma_hardened2,xilinx_u280_xdma_201920_3,3,2,6,1536,512,Scatter,645.9469999981593,19.47979013763646,1001.3743000058639,12.565643036700978
dma_hardened2,xilinx_u280_xdma_201920_3,3,2,6,1536,512,Scatter,621.1271999973178,20.258188660960812,1019.5828999940205,12.34123483247296
dma_hardened2,xilinx_u280_xdma_201920_3,3,2,6,1536,512,Scatter,612.2689999983777,20.551280564642898,1011.0876999988249,12.444926389683728
dma_hardened2,xilinx_u280_xdma_201920_3,3,2,6,3072,512,Scatter,975.9440000038921,25.786135269953643,1670.3014999961852,15.066635574510038
dma_hardened2,xilinx_u280_xdma_201920_3,3,2,6,3072,512,Scatter,1017.1560999992836,24.74135877474237,1615.632599998662,15.576452220647715
dma_hardened2,xilinx_u280_xdma_201920_3,3,2,6,3072,512,Scatter,985.4213999915373,25.538134244107262,1612.948599995434,15.602371954116355
dma_hardened2,xilinx_u280_xdma_201920_3,3,2,6,3072,512,Scatter,1023.1717000010576,24.59589529301288,1661.5453999975216,15.146034529082105
dma_hardened2,xilinx_u280_xdma_201920_3,3,2,6,3072,512,Scatter,962.7777999980935,26.13876639038606,1706.1106000028303,14.75040598186205
dma_hardened2,xilinx_u280_xdma_201920_3,3,2,6,3072,512,Scatter,973.3975000017381,25.85359424074447,1621.2170000017068,15.522797996797165
dma_hardened2,xilinx_u280_xdma_201920_3,3,2,6,3072,512,Scatter,981.0597999944548,25.651671794259883,1625.6831999953647,15.480152590659578
dma_hardened2,xilinx_u280_xdma_201920_3,3,2,6,3072,512,Scatter,970.6844999982422,25.92585335404611,1767.6080999990518,14.237219211664339
dma_hardened2,xilinx_u280_xdma_201920_3,3,2,6,3072,512,Scatter,953.7765000004583,26.3854519376268,1682.0863000020836,14.961077799616362
dma_hardened2,xilinx_u280_xdma_201920_3,3,2,6,3072,512,Scatter,947.8908000005504,26.549286056986087,1706.455700002607,14.747422977321682
dma_hardened2,xilinx_u280_xdma_201920_3,3,2,6,3072,512,Scatter,935.4573999985405,26.90215930734982,1632.256600009896,15.417811145531546
dma_hardened2,xilinx_u280_xdma_201920_3,3,2,6,3072,512,Scatter,982.4900000012349,25.614330934633806,1656.9453999977668,15.188082842098428
dma_hardened2,xilinx_u280_xdma_201920_3,3,2,6,3072,512,Scatter,949.1187999969952,26.514935748906954,1648.8531000049989,15.262623456221602
dma_hardened2,xilinx_u280_xdma_201920_3,3,2,6,3072,512,Scatter,959.7183999972003,26.22209181367515,1670.4185999969923,15.06557937037178
dma_hardened2,xilinx_u280_xdma_201920_3,3,2,6,3072,512,Scatter,977.7296999914143,25.739040145984095,1661.3541999959125,15.147777638303689
dma_hardened2,xilinx_u280_xdma_201920_3,3,2,6,3072,512,Scatter,983.5062000092877,25.587865129637564,1719.8314999973263,14.632726520033573
dma_hardened2,xilinx_u280_xdma_201920_3,3,2,6,3072,512,Scatter,969.3987000105153,25.960241126511743,1598.4828999989986,15.743567854254659
dma_hardened2,xilinx_u280_xdma_201920_3,3,2,6,3072,512,Scatter,938.1490999999187,26.82497270423452,1678.280500004803,14.995004708645535
dma_hardened2,xilinx_u280_xdma_201920_3,3,2,6,3072,512,Scatter,990.0279000021328,25.419307880056497,1633.265299994946,15.408289149397758
dma_hardened2,xilinx_u280_xdma_201920_3,3,2,6,3072,512,Scatter,1010.6841000038004,24.899792130800684,1632.8528999906666,15.412180729901541
dma_hardened2,xilinx_u280_xdma_201920_3,3,2,6,6144,512,Scatter,1965.3622000078028,25.60934976759,3074.360499999784,16.371420332782552
dma_hardened2,xilinx_u280_xdma_201920_3,3,2,6,6144,512,Scatter,1910.1120000073024,26.35010303050689,3059.2574000024797,16.452243606556024
dma_hardened2,xilinx_u280_xdma_201920_3,3,2,6,6144,512,Scatter,1937.7050000002782,25.97487646468001,3160.714000000553,15.92413865980636
dma_hardened2,xilinx_u280_xdma_201920_3,3,2,6,6144,512,Scatter,1875.2206999920418,26.840386307709593,3196.5041000034944,15.745841840135595
dma_hardened2,xilinx_u280_xdma_201920_3,3,2,6,6144,512,Scatter,1926.4015999965522,26.127287269741718,3101.174699997955,16.229865411978626
dma_hardened2,xilinx_u280_xdma_201920_3,3,2,6,6144,512,Scatter,1966.8680999984645,25.589742393015218,3112.3284000045714,16.171702189243934
dma_hardened2,xilinx_u280_xdma_201920_3,3,2,6,6144,512,Scatter,1911.4312000056088,26.331917151845335,3025.821799997175,16.634042361664193
dma_hardened2,xilinx_u280_xdma_201920_3,3,2,6,6144,512,Scatter,1886.6032000005362,26.678449395180554,3066.864099992017,16.411437337614995
dma_hardened2,xilinx_u280_xdma_201920_3,3,2,6,6144,512,Scatter,1874.7522000012395,26.847093711887215,2999.169199995322,16.781863457412978
dma_hardened2,xilinx_u280_xdma_201920_3,3,2,6,6144,512,Scatter,1983.3328999993685,25.377307057234834,3117.2186999924634,16.146331985022957
dma_hardened2,xilinx_u280_xdma_201920_3,3,2,6,6144,512,Scatter,1888.2514999972955,26.655161137206612,3058.1256999994366,16.458331977658496
dma_hardened2,xilinx_u280_xdma_201920_3,3,2,6,6144,512,Scatter,1936.3080000061927,25.99361671791834,3078.9592000019184,16.34696815728141
dma_hardened2,xilinx_u280_xdma_201920_3,3,2,6,6144,512,Scatter,1922.8325000085533,26.175783902017525,3030.9976000012284,16.605637694988474
dma_hardened2,xilinx_u280_xdma_201920_3,3,2,6,6144,512,Scatter,1885.3657000022395,26.69596036458084,3102.51610000023,16.22284828755482
dma_hardened2,xilinx_u280_xdma_201920_3,3,2,6,6144,512,Scatter,1968.2995999914963,25.571131549392913,3078.0519000018103,16.351786660897563
dma_hardened2,xilinx_u280_xdma_201920_3,3,2,6,6144,512,Scatter,1920.0487000034627,26.213735099484314,3196.2101999965853,15.747289712063921
dma_hardened2,xilinx_u280_xdma_201920_3,3,2,6,6144,512,Scatter,1973.7953999992897,25.49993175585378,3121.360000000095,16.124909654765382
dma_hardened2,xilinx_u280_xdma_201920_3,3,2,6,6144,512,Scatter,1961.8036999986543,25.655802361895088,3160.1976000047216,15.926740783527208
dma_hardened2,xilinx_u280_xdma_201920_3,3,2,6,6144,512,Scatter,1907.7567999943312,26.382633258154055,3061.0782999929143,16.4424568950479
dma_hardened2,xilinx_u280_xdma_201920_3,3,2,6,6144,512,Scatter,1923.4945000107473,26.16677510630718,3015.272899995125,16.692236381019235
dma_hardened2,xilinx_u280_xdma_201920_3,3,2,6,12288,512,Scatter,3361.3410000043586,29.947362079559756,5330.529699995168,18.8842951198811
dma_hardened2,xilinx_u280_xdma_201920_3,3,2,6,12288,512,Scatter,3388.027799996962,29.71147285157762,5367.102499997145,18.755612735186915
dma_hardened2,xilinx_u280_xdma_201920_3,3,2,6,12288,512,Scatter,3316.2250000032145,30.354784732610852,5366.786399997636,18.756717427778447
dma_hardened2,xilinx_u280_xdma_201920_3,3,2,6,12288,512,Scatter,3370.1021000069886,29.869509294626784,5343.243300001177,18.839362227802322
dma_hardened2,xilinx_u280_xdma_201920_3,3,2,6,12288,512,Scatter,3390.114599994831,29.69318382338859,5339.392799999132,18.852948222879643
dma_hardened2,xilinx_u280_xdma_201920_3,3,2,6,12288,512,Scatter,3379.436199998054,29.787008850783444,5283.207700006187,19.053442854401148
dma_hardened2,xilinx_u280_xdma_201920_3,3,2,6,12288,512,Scatter,3336.0384999923554,30.17450068403907,5309.799899998779,18.958020621459415
dma_hardened2,xilinx_u280_xdma_201920_3,3,2,6,12288,512,Scatter,3372.6718999901095,29.846750287300463,5273.714700001619,19.087740184346544
dma_hardened2,xilinx_u280_xdma_201920_3,3,2,6,12288,512,Scatter,3357.2725999988506,29.98365280199006,5285.003200003757,19.046969735028437
dma_hardened2,xilinx_u280_xdma_201920_3,3,2,6,12288,512,Scatter,3351.9100999910734,30.03162167155619,5194.32329999745,19.379482212832116
dma_hardened2,xilinx_u280_xdma_201920_3,3,2,6,12288,512,Scatter,3359.8261000065577,29.960864938754874,5293.144300003405,19.017674617322495
dma_hardened2,xilinx_u280_xdma_201920_3,3,2,6,12288,512,Scatter,3324.9901999965914,30.274764719638327,5398.648799996408,18.64601675887251
dma_hardened2,xilinx_u280_xdma_201920_3,3,2,6,12288,512,Scatter,3339.694999999665,30.1414638163096,5326.854500003719,18.89732411499689
dma_hardened2,xilinx_u280_xdma_201920_3,3,2,6,12288,512,Scatter,3397.8829999909976,29.625297869369454,5283.7609999983215,19.051447633614007
dma_hardened2,xilinx_u280_xdma_201920_3,3,2,6,12288,512,Scatter,3347.0405000002756,30.07531459508533,5329.457899995305,18.888092914682503
dma_hardened2,xilinx_u280_xdma_201920_3,3,2,6,12288,512,Scatter,3365.682800006198,29.908729366835946,5303.4874999980275,18.980585133845878
dma_hardened2,xilinx_u280_xdma_201920_3,3,2,6,12288,512,Scatter,3375.6316999983937,29.820580248742154,5364.401999997881,18.765054520529922
dma_hardened2,xilinx_u280_xdma_201920_3,3,2,6,12288,512,Scatter,3396.4600999979666,29.637708978256587,5360.194800005047,18.779783152639382
dma_hardened2,xilinx_u280_xdma_201920_3,3,2,6,12288,512,Scatter,3369.2594000058307,29.876980086432585,5407.310099997176,18.61615001515311
dma_hardened2,xilinx_u280_xdma_201920_3,3,2,6,12288,512,Scatter,3359.155299995109,29.966847915649083,5292.474800000946,19.0200803601336
dma_hardened2,xilinx_u280_xdma_201920_3,3,2,6,24576,512,Scatter,6152.741000005335,32.72144756293584,9712.558999990506,20.728480722762846
dma_hardened2,xilinx_u280_xdma_201920_3,3,2,6,24576,512,Scatter,6146.421400001145,32.75509095421972,9591.438600000401,20.990239357836433
dma_hardened2,xilinx_u280_xdma_201920_3,3,2,6,24576,512,Scatter,6147.634700005256,32.74862639444531,9705.823900003452,20.742864704142058
dma_hardened2,xilinx_u280_xdma_201920_3,3,2,6,24576,512,Scatter,6180.314399989584,32.57546120960114,9668.190100001084,20.823607098910625
dma_hardened2,xilinx_u280_xdma_201920_3,3,2,6,24576,512,Scatter,6148.034099999222,32.74649891743858,9591.377100002774,20.990373947443043
dma_hardened2,xilinx_u280_xdma_201920_3,3,2,6,24576,512,Scatter,6172.728299998198,32.615495485206885,9632.937900005345,20.899812091583016
dma_hardened2,xilinx_u280_xdma_201920_3,3,2,6,24576,512,Scatter,6130.74330000245,32.83885528202095,9560.871800010773,21.05734667415718
dma_hardened2,xilinx_u280_xdma_201920_3,3,2,6,24576,512,Scatter,6150.108600002113,32.735453159303695,9597.80220000539,20.97632226676717
dma_hardened2,xilinx_u280_xdma_201920_3,3,2,6,24576,512,Scatter,6141.304900006617,32.78238017457546,9589.21819999432,20.995099683947046
dma_hardened2,xilinx_u280_xdma_201920_3,3,2,6,24576,512,Scatter,6195.4001999993125,32.496139958807234,9656.897599995773,20.847957629796976
dma_hardened2,xilinx_u280_xdma_201920_3,3,2,6,24576,512,Scatter,6198.957600008725,32.4774913768916,9551.371399993513,21.078291647222173
dma_hardened2,xilinx_u280_xdma_201920_3,3,2,6,24576,512,Scatter,6163.7282999981835,32.66311917091792,9692.055599998639,20.77233151654931
dma_hardened2,xilinx_u280_xdma_201920_3,3,2,6,24576,512,Scatter,6160.669099995175,32.67933867770267,9635.038999999779,20.895254497672987
dma_hardened2,xilinx_u280_xdma_201920_3,3,2,6,24576,512,Scatter,6155.488300009893,32.70684341966444,9663.380999995752,20.833970222232622
dma_hardened2,xilinx_u280_xdma_201920_3,3,2,6,24576,512,Scatter,6197.65210000196,32.484332574901444,9504.613799992967,21.181985532136924
dma_hardened2,xilinx_u280_xdma_201920_3,3,2,6,24576,512,Scatter,6183.876699992652,32.55669570517782,9569.649600007324,21.038031737321493
dma_hardened2,xilinx_u280_xdma_201920_3,3,2,6,24576,512,Scatter,6209.940299993377,32.42005273387487,9684.049000009054,20.789505711899203
dma_hardened2,xilinx_u280_xdma_201920_3,3,2,6,24576,512,Scatter,6185.533600000781,32.54797484245734,9548.132500003703,21.085441786644868
dma_hardened2,xilinx_u280_xdma_201920_3,3,2,6,24576,512,Scatter,6162.057300002743,32.671976614029596,9599.944500007496,20.97164124228456
dma_hardened2,xilinx_u280_xdma_201920_3,3,2,6,24576,512,Scatter,6174.750699995002,32.60481301701184,9612.95339999424,20.943260996159687
experiment,board_instance,number of nodes,rank id,number of banks,buffer size[KB],segment_size[KB],collective name,execution_time[us],throughput[Gbps],execution_time_fullpath[us],throughput_fullpath[Gbps]
dma_hardened2,xilinx_u280_xdma_201920_3,3,2,6,1,512,Gather,241.3610999951743,0.033940846309383696,289.78060000781625,0.028269663323835476
dma_hardened2,xilinx_u280_xdma_201920_3,3,2,6,1,512,Gather,191.49820000166073,0.04277846998002569,293.37860000850924,0.027922963705472714
dma_hardened2,xilinx_u280_xdma_201920_3,3,2,6,1,512,Gather,192.25839999990058,0.04260932162134001,333.3326999950259,0.02457604669485545
dma_hardened2,xilinx_u280_xdma_201920_3,3,2,6,1,512,Gather,178.80220000279223,0.045815991077694074,310.6653000031656,0.02636921471408788
dma_hardened2,xilinx_u280_xdma_201920_3,3,2,6,1,512,Gather,204.84980000219366,0.03999027580164723,311.3739000013993,0.026309205748982763
dma_hardened2,xilinx_u280_xdma_201920_3,3,2,6,1,512,Gather,212.19559999963167,0.03860589003737221,320.81819999802974,0.025534710936132396
dma_hardened2,xilinx_u280_xdma_201920_3,3,2,6,1,512,Gather,175.73040000797846,0.04661686310182,309.4981000003827,0.026468660066054917
dma_hardened2,xilinx_u280_xdma_201920_3,3,2,6,1,512,Gather,191.6380000011486,0.042747263068654964,289.93570000466207,0.028254540575266433
dma_hardened2,xilinx_u280_xdma_201920_3,3,2,6,1,512,Gather,198.53969999985566,0.041261269156778,343.95690000792456,0.023816937528542855
dma_hardened2,xilinx_u280_xdma_201920_3,3,2,6,1,512,Gather,175.98130000351375,0.046550400524580926,299.827899993943,0.027322340583266238
dma_hardened2,xilinx_u280_xdma_201920_3,3,2,6,1,512,Gather,191.48160000668213,0.04278217854725532,315.2350000050319,0.02598696210721917
dma_hardened2,xilinx_u280_xdma_201920_3,3,2,6,1,512,Gather,193.10709999444953,0.04242205491271663,324.4009000013648,0.02525270429263771
dma_hardened2,xilinx_u280_xdma_201920_3,3,2,6,1,512,Gather,187.4041000064608,0.04371302442005046,326.2018999976135,0.025113281069362052
dma_hardened2,xilinx_u280_xdma_201920_3,3,2,6,1,512,Gather,199.9658999920939,0.04096698487254021,296.0678000022199,0.027669337901448852
dma_hardened2,xilinx_u280_xdma_201920_3,3,2,6,1,512,Gather,193.63769999927172,0.042305811316860356,300.7304999982807,0.027240336447572937
dma_hardened2,xilinx_u280_xdma_201920_3,3,2,6,1,512,Gather,181.02849999195314,0.04525254310986469,306.18690000210336,0.026754900356428458
dma_hardened2,xilinx_u280_xdma_201920_3,3,2,6,1,512,Gather,204.82239999637386,0.03999562547917137,288.90869999713686,0.02835497858001917
dma_hardened2,xilinx_u280_xdma_201920_3,3,2,6,1,512,Gather,195.8784000066771,0.04182186499236644,303.53220000733927,0.02698889936488426
dma_hardened2,xilinx_u280_xdma_201920_3,3,2,6,1,512,Gather,183.08660000911914,0.044743853452912305,316.0694000030162,0.025918358436222626
dma_hardened2,xilinx_u280_xdma_201920_3,3,2,6,1,512,Gather,186.930500001381,0.043823774076137814,296.2533999948391,0.02765200331926219
dma_hardened2,xilinx_u280_xdma_201920_3,3,2,6,6,512,Gather,196.38320000012754,0.25028617519201274,328.0970000105299,0.1498093551554038
dma_hardened2,xilinx_u280_xdma_201920_3,3,2,6,6,512,Gather,181.8949000039538,0.2702219798297346,331.5660999987813,0.1482419342634264
dma_hardened2,xilinx_u280_xdma_201920_3,3,2,6,6,512,Gather,201.4059000089219,0.24404448925191696,305.1553999966927,0.16107203084242555
dma_hardened2,xilinx_u280_xdma_201920_3,3,2,6,6,512,Gather,179.7044999989339,0.27351568825650774,313.13750000663276,0.15696618897116724
dma_hardened2,xilinx_u280_xdma_201920_3,3,2,6,6,512,Gather,175.63010000003487,0.279860912223988,312.3256000094443,0.15737422740407356
dma_hardened2,xilinx_u280_xdma_201920_3,3,2,6,6,512,Gather,211.7466999948192,0.23212640386462977,301.29709999755505,0.16313466010923722
dma_hardened2,xilinx_u280_xdma_201920_3,3,2,6,6,512,Gather,188.26970000418441,0.26107228087635753,367.5660999988395,0.13372288684988956
dma_hardened2,xilinx_u280_xdma_201920_3,3,2,6,6,512,Gather,175.46950000451034,0.2801170573731422,285.1856000006592,0.1723509181385259
dma_hardened2,xilinx_u280_xdma_201920_3,3,2,6,6,512,Gather,189.6904999966864,0.25911682451603324,281.4499999999498,0.17463847930363746
dma_hardened2,xilinx_u280_xdma_201920_3,3,2,6,6,512,Gather,175.46760000186623,0.28012009054365156,298.304399996141,0.16477128731804108
dma_hardened2,xilinx_u280_xdma_201920_3,3,2,6,6,512,Gather,174.71230000865035,0.28133107970970783,307.1334999958708,0.16003464291801714
dma_hardened2,xilinx_u280_xdma_201920_3,3,2,6,6,512,Gather,194.6719999978086,0.25248623325672565,281.46930000048087,0.1746265045598793
dma_hardened2,xilinx_u280_xdma_201920_3,3,2,6,6,512,Gather,184.03619999389775,0.2670778901196057,304.8721000027399,0.16122170575647382
dma_hardened2,xilinx_u280_xdma_201920_3,3,2,6,6,512,Gather,175.39080000688045,0.280242749323635,295.9710999903109,0.16607026835258262
dma_hardened2,xilinx_u280_xdma_201920_3,3,2,6,6,512,Gather,186.36159999232405,0.2637453209353456,276.0954999985188,0.17802535716903642
dma_hardened2,xilinx_u280_xdma_201920_3,3,2,6,6,512,Gather,180.15939999713737,0.27282506491907166,298.8173999938226,0.16448841332872888
dma_hardened2,xilinx_u280_xdma_201920_3,3,2,6,6,512,Gather,179.73490000713355,0.27346942634985855,295.1821999999993,0.16651410552533358
dma_hardened2,xilinx_u280_xdma_201920_3,3,2,6,6,512,Gather,196.09249999348322,0.2506572153531292,295.1249000034295,0.16654643508368433
dma_hardened2,xilinx_u280_xdma_201920_3,3,2,6,6,512,Gather,195.82879999688885,0.2509947464355646,291.5503000053832,0.1685884048107392
dma_hardened2,xilinx_u280_xdma_201920_3,3,2,6,6,512,Gather,175.15360000288638,0.28062226525284106,290.03649999594927,0.16946832554070426
dma_hardened2,xilinx_u280_xdma_201920_3,3,2,6,12,512,Gather,223.61779999755527,0.4396072226856481,304.17809999789824,0.32317908488704233
dma_hardened2,xilinx_u280_xdma_201920_3,3,2,6,12,512,Gather,186.3819000050171,0.5274331895820025,307.2614999950929,0.3199359503275548
dma_hardened2,xilinx_u280_xdma_201920_3,3,2,6,12,512,Gather,179.21439999781796,0.5485273504874436,325.99759999811795,0.3015482322586655
dma_hardened2,xilinx_u280_xdma_201920_3,3,2,6,12,512,Gather,190.98010000107024,0.5147342576501379,301.12780000308703,0.32645275527198825
dma_hardened2,xilinx_u280_xdma_201920_3,3,2,6,12,512,Gather,195.85379999398356,0.5019254158102615,329.64350000384,0.2982130695701716
dma_hardened2,xilinx_u280_xdma_201920_3,3,2,6,12,512,Gather,187.21019999929922,0.5250995939343475,302.23750000004657,0.3252541461598407
dma_hardened2,xilinx_u280_xdma_201920_3,3,2,6,12,512,Gather,192.22839999883945,0.511391657011105,312.65750000102344,0.3144143351740426
dma_hardened2,xilinx_u280_xdma_201920_3,3,2,6,12,512,Gather,182.441899994501,0.538823592622983,318.39990000435137,0.30874381555602415
dma_hardened2,xilinx_u280_xdma_201920_3,3,2,6,12,512,Gather,177.87729999554358,0.5526506192890428,294.561300006535,0.3337301946923071
dma_hardened2,xilinx_u280_xdma_201920_3,3,2,6,12,512,Gather,189.8376999974971,0.5178318110749134,290.48989999864716,0.33840763482812247
dma_hardened2,xilinx_u280_xdma_201920_3,3,2,6,12,512,Gather,228.04200000337005,0.4310784855357664,293.3840000082455,0.33506939709471956
dma_hardened2,xilinx_u280_xdma_201920_3,3,2,6,12,512,Gather,190.25419999252335,0.5166981859210633,290.30590000047596,0.33862212238827677
dma_hardened2,xilinx_u280_xdma_201920_3,3,2,6,12,512,Gather,195.3100999912749,0.5033226648513903,283.56789999861576,0.34666829355678086
dma_hardened2,xilinx_u280_xdma_201920_3,3,2,6,12,512,Gather,195.86460000482475,0.5018977395485374,324.9004000053901,0.30256657116571456
dma_hardened2,xilinx_u280_xdma_201920_3,3,2,6,12,512,Gather,216.1193999995703,0.45485967479178385,301.75289999760935,0.3257764879833096
dma_hardened2,xilinx_u280_xdma_201920_3,3,2,6,12,512,Gather,198.73029999644132,0.4946603512487041,294.24829999697977,0.3340851926791387
dma_hardened2,xilinx_u280_xdma_201920_3,3,2,6,12,512,Gather,178.32329999691865,0.5512683984745608,313.2297999968614,0.31383987092219523
dma_hardened2,xilinx_u280_xdma_201920_3,3,2,6,12,512,Gather,187.37369999826115,0.524641398450862,321.8708999952469,0.3054143757682091
dma_hardened2,xilinx_u280_xdma_201920_3,3,2,6,12,512,Gather,190.11250000176005,0.5170833059324869,289.695899994058,0.3393351442047207
dma_hardened2,xilinx_u280_xdma_201920_3,3,2,6,12,512,Gather,182.44709999635234,0.538808235384204,308.2623000068452,0.3188972508082146
dma_hardened2,xilinx_u280_xdma_201920_3,3,2,6,24,512,Gather,184.06489999733822,1.068144985832949,286.63199999527933,0.6859248095231447
dma_hardened2,xilinx_u280_xdma_201920_3,3,2,6,24,512,Gather,201.06619999751274,0.9778272031919443,281.74020000051314,0.6978343878496641
dma_hardened2,xilinx_u280_xdma_201920_3,3,2,6,24,512,Gather,185.44609999935346,1.06018945667062,313.73210000538165,0.6266747967346263
dma_hardened2,xilinx_u280_xdma_201920_3,3,2,6,24,512,Gather,214.98769999652723,0.9145081323404822,318.4370999974817,0.6174154958751817
dma_hardened2,xilinx_u280_xdma_201920_3,3,2,6,24,512,Gather,197.73060000716214,0.9943225782599078,312.5889999978426,0.6289664703535855
dma_hardened2,xilinx_u280_xdma_201920_3,3,2,6,24,512,Gather,180.36459999848375,1.0900586922359088,320.0919999926555,0.6142234107834972
dma_hardened2,xilinx_u280_xdma_201920_3,3,2,6,24,512,Gather,182.694900001934,1.0761548351810517,325.858500002596,0.6033539097443636
dma_hardened2,xilinx_u280_xdma_201920_3,3,2,6,24,512,Gather,196.5293000012025,1.0004004491889862,296.8270000110351,0.6623656203535754
dma_hardened2,xilinx_u280_xdma_201920_3,3,2,6,24,512,Gather,188.54119999787144,1.0427853434804681,314.1381999967052,0.6258646672135452
dma_hardened2,xilinx_u280_xdma_201920_3,3,2,6,24,512,Gather,195.3083999978844,1.0066540916935967,297.22289999654095,0.6614833513914576
dma_hardened2,xilinx_u280_xdma_201920_3,3,2,6,24,512,Gather,191.50560000298356,1.026643607272774,290.4758999989099,0.6768478899651841
dma_hardened2,xilinx_u280_xdma_201920_3,3,2,6,24,512,Gather,187.75370000412295,1.0471591238717672,290.98249999606196,0.6756694990339996
dma_hardened2,xilinx_u280_xdma_201920_3,3,2,6,24,512,Gather,224.00410000500415,0.877698220682603,311.3049000035062,0.6315608909393511
dma_hardened2,xilinx_u280_xdma_201920_3,3,2,6,24,512,Gather,193.7346999966394,1.0148311066804783,295.4397999928915,0.6654756739096443
dma_hardened2,xilinx_u280_xdma_201920_3,3,2,6,24,512,Gather,182.89170000116428,1.07499684238677,364.8613999985173,0.5388566727003705
dma_hardened2,xilinx_u280_xdma_201920_3,3,2,6,24,512,Gather,185.91760000390423,1.0575007422421077,328.2319000049938,0.5989911400964038
dma_hardened2,xilinx_u280_xdma_201920_3,3,2,6,24,512,Gather,205.38810000516605,0.9572511747031829,284.5383000021684,0.6909720062237726
dma_hardened2,xilinx_u280_xdma_201920_3,3,2,6,24,512,Gather,193.79780000008395,1.0145006806058419,303.14339999222284,0.6485643428326132
dma_hardened2,xilinx_u280_xdma_201920_3,3,2,6,24,512,Gather,182.6371999982257,1.0764948214378562,298.5953999996127,0.6584428293277627
dma_hardened2,xilinx_u280_xdma_201920_3,3,2,6,24,512,Gather,197.28180000129214,0.9965845810343998,285.9114999978374,0.6876533472822435
dma_hardened2,xilinx_u280_xdma_201920_3,3,2,6,48,512,Gather,195.5128999952649,2.0112023299205486,310.05280000044877,1.2682227027120248
dma_hardened2,xilinx_u280_xdma_201920_3,3,2,6,48,512,Gather,190.3190000007271,2.06608903997235,324.44910000322125,1.2119497326270778
dma_hardened2,xilinx_u280_xdma_201920_3,3,2,6,48,512,Gather,200.01170000796265,1.965964990969757,300.05020000771765,1.310500709514228
dma_hardened2,xilinx_u280_xdma_201920_3,3,2,6,48,512,Gather,197.1804000049815,1.9941941490638315,344.3880999952853,1.1417816120980464
dma_hardened2,xilinx_u280_xdma_201920_3,3,2,6,48,512,Gather,187.931099992511,2.0923412889919204,295.7745000003342,1.3294452361496871
dma_hardened2,xilinx_u280_xdma_201920_3,3,2,6,48,512,Gather,201.69659999282885,1.9495420349871067,334.4155000036153,1.1758306657309516
dma_hardened2,xilinx_u280_xdma_201920_3,3,2,6,48,512,Gather,195.5683999995017,2.0106315744312573,307.5293999927453,1.278628970138387
dma_hardened2,xilinx_u280_xdma_201920_3,3,2,6,48,512,Gather,184.5274000061181,2.130935568305643,292.37759999887203,1.3448909902862496
dma_hardened2,xilinx_u280_xdma_201920_3,3,2,6,48,512,Gather,203.18299999644296,1.9352800185393653,309.72380000093835,1.2695698554609258
dma_hardened2,xilinx_u280_xdma_201920_3,3,2,6,48,512,Gather,184.31280000186234,2.1334166699004458,320.7225999972252,1.2260314677026252
dma_hardened2,xilinx_u280_xdma_201920_3,3,2,6,48,512,Gather,191.95439999748487,2.0484865155742833,332.7404999936334,1.181749741938609
dma_hardened2,xilinx_u280_xdma_201920_3,3,2,6,48,512,Gather,196.8082999951548,1.9979645167895892,289.1141999953106,1.3600715565211874
dma_hardened2,xilinx_u280_xdma_201920_3,3,2,6,48,512,Gather,230.98620000610026,1.7023354641516044,320.0813000034941,1.2284878872827232
dma_hardened2,xilinx_u280_xdma_201920_3,3,2,6,48,512,Gather,224.52319999501924,1.7513379464069772,292.4981999967713,1.3443364779829088
dma_hardened2,xilinx_u280_xdma_201920_3,3,2,6,48,512,Gather,194.88550000232863,2.017677046241519,297.60580000584014,1.3212645721027065
dma_hardened2,xilinx_u280_xdma_201920_3,3,2,6,48,512,Gather,203.11860000674642,1.9358936108605498,333.0541999957859,1.1806366651583295
dma_hardened2,xilinx_u280_xdma_201920_3,3,2,6,48,512,Gather,179.57159999468786,2.1897449263226045,316.8573000039032,1.2409876622541318
dma_hardened2,xilinx_u280_xdma_201920_3,3,2,6,48,512,Gather,197.72370000055162,1.9887145546988196,309.12999999372914,1.2720085401222028
dma_hardened2,xilinx_u280_xdma_201920_3,3,2,6,48,512,Gather,187.30590001041492,2.0993252213525344,325.4573000049277,1.2081953607863347
dma_hardened2,xilinx_u280_xdma_201920_3,3,2,6,48,512,Gather,221.90490000184582,1.7720023307134236,301.7944000021089,1.3029267607260184
dma_hardened2,xilinx_u280_xdma_201920_3,3,2,6,96,512,Gather,198.62730000568263,3.959334894938916,301.85130000290883,2.605362309164882
dma_hardened2,xilinx_u280_xdma_201920_3,3,2,6,96,512,Gather,221.70350000578765,3.547224107781203,326.46540000769164,2.408929093194781
dma_hardened2,xilinx_u280_xdma_201920_3,3,2,6,96,512,Gather,200.573900008294,3.9209089516007816,379.1281999951934,2.0743168142332076
dma_hardened2,xilinx_u280_xdma_201920_3,3,2,6,96,512,Gather,197.09509999756847,3.990114416896727,326.3836999963132,2.4095320936948856
dma_hardened2,xilinx_u280_xdma_201920_3,3,2,6,96,512,Gather,194.24010000648195,4.048762330609159,371.83069999855434,2.1150270808813194
dma_hardened2,xilinx_u280_xdma_201920_3,3,2,6,96,512,Gather,184.69899999900008,4.25791152093004,321.54120000313924,2.445820317870065
dma_hardened2,xilinx_u280_xdma_201920_3,3,2,6,96,512,Gather,217.53090001084274,3.615265693107511,300.96570000068823,2.6130286607350994
dma_hardened2,xilinx_u280_xdma_201920_3,3,2,6,96,512,Gather,198.37229999666306,3.964424468603878,357.69730000083655,2.198596410982584
dma_hardened2,xilinx_u280_xdma_201920_3,3,2,6,96,512,Gather,189.88209999406536,4.141685814642767,375.81850000378836,2.0925845853572205
dma_hardened2,xilinx_u280_xdma_201920_3,3,2,6,96,512,Gather,214.8003999991488,3.661222232375342,300.53030000090075,2.6168143445025107
dma_hardened2,xilinx_u280_xdma_201920_3,3,2,6,96,512,Gather,196.01390000616448,4.012123629881694,351.2406000027113,2.2390122326232484
dma_hardened2,xilinx_u280_xdma_201920_3,3,2,6,96,512,Gather,183.26570000226639,4.2912121580321605,313.6876999974447,2.507053990342644
dma_hardened2,xilinx_u280_xdma_201920_3,3,2,6,96,512,Gather,201.4068999983465,3.9046924410556763,307.0060000027297,2.5616176882308737
dma_hardened2,xilinx_u280_xdma_201920_3,3,2,6,96,512,Gather,191.34619999476854,4.109995390666244,350.84260000530776,2.241552194596957
dma_hardened2,xilinx_u280_xdma_201920_3,3,2,6,96,512,Gather,192.8156000076342,4.078674132014539,325.3079000046455,2.4175004664466173
dma_hardened2,xilinx_u280_xdma_201920_3,3,2,6,96,512,Gather,203.3373000017491,3.8676229102738904,342.4608000045737,2.2964146553109055
dma_hardened2,xilinx_u280_xdma_201920_3,3,2,6,96,512,Gather,189.50090000089403,4.150017229450043,333.3562000079837,2.359134163339891
dma_hardened2,xilinx_u280_xdma_201920_3,3,2,6,96,512,Gather,188.9778000077058,4.161504684507557,328.2016999946791,2.3961850289402826
dma_hardened2,xilinx_u280_xdma_201920_3,3,2,6,96,512,Gather,207.12130000219986,3.796963421877167,337.66709999554223,2.3290157673352905
dma_hardened2,xilinx_u280_xdma_201920_3,3,2,6,96,512,Gather,203.38619999620278,3.8666930205426064,332.25240000547274,2.3669716155159337
dma_hardened2,xilinx_u280_xdma_201920_3,3,2,6,192,512,Gather,215.6569000021591,7.293362744174905,385.9417999933612,4.075391678297234
dma_hardened2,xilinx_u280_xdma_201920_3,3,2,6,192,512,Gather,229.86300000411575,6.842614948781829,366.8702000027224,4.287249277778158
dma_hardened2,xilinx_u280_xdma_201920_3,3,2,6,192,512,Gather,220.37129999716853,7.13733594175017,443.31789999887405,3.5479370447347036
dma_hardened2,xilinx_u280_xdma_201920_3,3,2,6,192,512,Gather,215.19949999628807,7.308864565331843,359.82210000611303,4.37122678116013
dma_hardened2,xilinx_u280_xdma_201920_3,3,2,6,192,512,Gather,219.41029999652528,7.168596916484362,370.21680000179913,4.248494395695594
dma_hardened2,xilinx_u280_xdma_201920_3,3,2,6,192,512,Gather,221.82850000262988,7.090450505599384,391.17569999689294,4.020863259176102
dma_hardened2,xilinx_u280_xdma_201920_3,3,2,6,192,512,Gather,244.13319999894156,6.442646882959053,397.54639999500796,3.9564287339031385
dma_hardened2,xilinx_u280_xdma_201920_3,3,2,6,192,512,Gather,226.04570000339663,6.958168193318278,376.69569999252417,4.17542329267686
dma_hardened2,xilinx_u280_xdma_201920_3,3,2,6,192,512,Gather,209.42270000432472,7.510475225309956,381.572900005267,4.1220537411810145
dma_hardened2,xilinx_u280_xdma_201920_3,3,2,6,192,512,Gather,221.04849999777798,7.115470134453799,386.57999999713866,4.068663666024217
dma_hardened2,xilinx_u280_xdma_201920_3,3,2,6,192,512,Gather,221.62080000498463,7.097095579316669,356.4351000022725,4.412764062770394
dma_hardened2,xilinx_u280_xdma_201920_3,3,2,6,192,512,Gather,213.1528000063554,7.379044516202008,400.4507999979978,3.92773344442779
dma_hardened2,xilinx_u280_xdma_201920_3,3,2,6,192,512,Gather,243.97020000606062,6.446951307827462,360.43249999693217,4.363824017016744
dma_hardened2,xilinx_u280_xdma_201920_3,3,2,6,192,512,Gather,213.14570000185995,7.379290316371735,357.8522999987399,4.395288223676467
dma_hardened2,xilinx_u280_xdma_201920_3,3,2,6,192,512,Gather,220.16399999529312,7.144056249130767,408.80120000110765,3.8475033830520515
dma_hardened2,xilinx_u280_xdma_201920_3,3,2,6,192,512,Gather,245.47589999883712,6.4074070000657946,397.298600000795,3.9588964068759687
dma_hardened2,xilinx_u280_xdma_201920_3,3,2,6,192,512,Gather,211.6701999966608,7.430729502900326,359.2708999917704,4.37793319758441
dma_hardened2,xilinx_u280_xdma_201920_3,3,2,6,192,512,Gather,206.54729999023402,7.615030552683905,369.2756999953417,4.259321693845116
dma_hardened2,xilinx_u280_xdma_201920_3,3,2,6,192,512,Gather,224.73040000932087,6.998892895374921,403.8512999954946,3.894661228074657
dma_hardened2,xilinx_u280_xdma_201920_3,3,2,6,192,512,Gather,225.97270000233038,6.960416014783111,369.73810000517915,4.253994922292206
dma_hardened2,xilinx_u280_xdma_201920_3,3,2,6,384,512,Gather,272.0090000025266,11.564793811862037,451.0159000005842,6.974760756762512
dma_hardened2,xilinx_u280_xdma_201920_3,3,2,6,384,512,Gather,268.90630000480087,11.698230944919617,429.76729999963936,7.319607610915581
dma_hardened2,xilinx_u280_xdma_201920_3,3,2,6,384,512,Gather,254.89470000366055,12.34128445964088,440.6553999956486,7.1387483281291075
dma_hardened2,xilinx_u280_xdma_201920_3,3,2,6,384,512,Gather,260.29250000192405,12.08535781851858,481.4915999986624,6.533297777175632
dma_hardened2,xilinx_u280_xdma_201920_3,3,2,6,384,512,Gather,254.21610000648798,12.374228067851393,457.10110000527493,6.881908619261031
dma_hardened2,xilinx_u280_xdma_201920_3,3,2,6,384,512,Gather,255.92470000219691,12.291615463349165,435.2611999934197,7.227218966559752
dma_hardened2,xilinx_u280_xdma_201920_3,3,2,6,384,512,Gather,246.31039999576385,12.771397391478807,465.9625000044798,6.751032540107319
dma_hardened2,xilinx_u280_xdma_201920_3,3,2,6,384,512,Gather,246.37540000185257,12.768027976723108,448.2203000065965,7.018263117386035
dma_hardened2,xilinx_u280_xdma_201920_3,3,2,6,384,512,Gather,280.84929999749875,11.200768526138452,420.6204000070102,7.478781342863
dma_hardened2,xilinx_u280_xdma_201920_3,3,2,6,384,512,Gather,259.5488999986628,12.119982015012225,426.1210999970899,7.382239462024956
dma_hardened2,xilinx_u280_xdma_201920_3,3,2,6,384,512,Gather,271.19779999793536,11.599386130801756,480.3596999977344,6.548692573533618
dma_hardened2,xilinx_u280_xdma_201920_3,3,2,6,384,512,Gather,279.00860000045213,11.27466321824812,483.7937000047532,6.502209516099722
dma_hardened2,xilinx_u280_xdma_201920_3,3,2,6,384,512,Gather,246.28109999866862,12.772916801236496,469.52599999485756,6.699795112591109
dma_hardened2,xilinx_u280_xdma_201920_3,3,2,6,384,512,Gather,255.01979999944527,12.335230440957302,440.3644000035456,7.143465729688122
dma_hardened2,xilinx_u280_xdma_201920_3,3,2,6,384,512,Gather,264.33760000372786,11.900418252854067,459.31270000210134,6.848772089222893
dma_hardened2,xilinx_u280_xdma_201920_3,3,2,6,384,512,Gather,257.27319999759857,12.2271888406152,465.82260000604947,6.753060070419828
dma_hardened2,xilinx_u280_xdma_201920_3,3,2,6,384,512,Gather,260.15490000190766,12.091749953496679,471.4186000001064,6.67289750552755
dma_hardened2,xilinx_u280_xdma_201920_3,3,2,6,384,512,Gather,258.07680000298205,12.189115797947167,455.11390000001484,6.9119576440093295
dma_hardened2,xilinx_u280_xdma_201920_3,3,2,6,384,512,Gather,272.02040000702254,11.564309147103634,457.1639000005234,6.880963260652029
dma_hardened2,xilinx_u280_xdma_201920_3,3,2,6,384,512,Gather,250.59519999786062,12.553025756386617,430.79030000399143,7.302225700000333
dma_hardened2,xilinx_u280_xdma_201920_3,3,2,6,768,512,Gather,411.70599999986734,15.281428980879626,641.4731999939249,9.807823616106774
dma_hardened2,xilinx_u280_xdma_201920_3,3,2,6,768,512,Gather,410.9328000026835,15.310182102667186,605.2922000094441,10.394080742989647
dma_hardened2,xilinx_u280_xdma_201920_3,3,2,6,768,512,Gather,398.5618000001523,15.785396392724028,643.2626999981039,9.780539117251077
dma_hardened2,xilinx_u280_xdma_201920_3,3,2,6,768,512,Gather,409.34979999747156,15.369388234802754,591.546800001197,10.635601443515997
dma_hardened2,xilinx_u280_xdma_201920_3,3,2,6,768,512,Gather,430.46270000104414,14.615565994416565,620.810899999924,10.134255052546226
dma_hardened2,xilinx_u280_xdma_201920_3,3,2,6,768,512,Gather,453.513800005112,13.872689210182983,647.3387999903935,9.718953969842941
dma_hardened2,xilinx_u280_xdma_201920_3,3,2,6,768,512,Gather,358.2880999942972,17.55976824265204,583.643300001313,10.779625158013202
dma_hardened2,xilinx_u280_xdma_201920_3,3,2,6,768,512,Gather,399.06989999280995,15.765298260062593,637.448800000584,9.869743264077423
dma_hardened2,xilinx_u280_xdma_201920_3,3,2,6,768,512,Gather,398.78129999806333,15.776707684213262,617.0830999963073,10.195476103684657
dma_hardened2,xilinx_u280_xdma_201920_3,3,2,6,768,512,Gather,412.756499997613,15.24253645923537,559.2169000010472,11.25047544161884
dma_hardened2,xilinx_u280_xdma_201920_3,3,2,6,768,512,Gather,406.7479000013918,15.467703705362638,624.0758999979334,10.081235311315233
dma_hardened2,xilinx_u280_xdma_201920_3,3,2,6,768,512,Gather,386.3475000002836,16.284448585781924,640.7627000044158,9.818698872385427
dma_hardened2,xilinx_u280_xdma_201920_3,3,2,6,768,512,Gather,430.20099999466765,14.624456940076808,598.3710999998948,10.514304584564838
dma_hardened2,xilinx_u280_xdma_201920_3,3,2,6,768,512,Gather,377.74840000111,16.655149300384895,633.5753000030309,9.930084079934783
dma_hardened2,xilinx_u280_xdma_201920_3,3,2,6,768,512,Gather,417.80200000403056,15.058463099600544,602.9581000007056,10.434317077741618
dma_hardened2,xilinx_u280_xdma_201920_3,3,2,6,768,512,Gather,404.7742000011567,15.543125031145811,628.2424999994873,10.014375022392045
dma_hardened2,xilinx_u280_xdma_201920_3,3,2,6,768,512,Gather,362.3973000003389,17.360659143967453,622.0451000103822,10.114147671760445
dma_hardened2,xilinx_u280_xdma_201920_3,3,2,6,768,512,Gather,395.2490999949987,15.917698484524342,626.220000003741,10.04671840561211
dma_hardened2,xilinx_u280_xdma_201920_3,3,2,6,768,512,Gather,359.6153999978924,17.494957112617737,601.491099996565,10.459765738904414
dma_hardened2,xilinx_u280_xdma_201920_3,3,2,6,768,512,Gather,382.0493999910468,16.467650518879072,595.4030999987481,10.566716901563376
dma_hardened2,xilinx_u280_xdma_201920_3,3,2,6,1536,512,Gather,598.0593999993289,21.039568979292223,928.2702000064091,13.55522562279078
dma_hardened2,xilinx_u280_xdma_201920_3,3,2,6,1536,512,Gather,580.1195000003645,21.69020693148928,905.3953000034198,13.897699711885485
dma_hardened2,xilinx_u280_xdma_201920_3,3,2,6,1536,512,Gather,573.8588999975036,21.92683950715888,920.422999990933,13.670792668288334
dma_hardened2,xilinx_u280_xdma_201920_3,3,2,6,1536,512,Gather,580.315199999859,21.682892331620913,919.6975000008933,13.681576822800734
dma_hardened2,xilinx_u280_xdma_201920_3,3,2,6,1536,512,Gather,612.8410999963307,20.532095513951884,953.0434999987847,13.20287269155715
dma_hardened2,xilinx_u280_xdma_201920_3,3,2,6,1536,512,Gather,545.129200008887,23.082439905612958,954.7739000026922,13.178944250533576
dma_hardened2,xilinx_u280_xdma_201920_3,3,2,6,1536,512,Gather,572.0135999922604,21.99757488313259,878.0168999919624,14.331059003665178
dma_hardened2,xilinx_u280_xdma_201920_3,3,2,6,1536,512,Gather,576.7728000023453,21.81606344811828,916.1029999972925,13.735259026591102
dma_hardened2,xilinx_u280_xdma_201920_3,3,2,6,1536,512,Gather,589.3383000056929,21.35091508540757,920.0663999990866,13.676091203865822
dma_hardened2,xilinx_u280_xdma_201920_3,3,2,6,1536,512,Gather,569.8391000009906,22.08151739671449,918.9500000047701,13.692705805467854
dma_hardened2,xilinx_u280_xdma_201920_3,3,2,6,1536,512,Gather,575.9820999969634,21.84601222862019,882.7382000049511,14.254409744507969
dma_hardened2,xilinx_u280_xdma_201920_3,3,2,6,1536,512,Gather,592.272000005778,21.24515763007072,988.81710000569,12.725216827184314
dma_hardened2,xilinx_u280_xdma_201920_3,3,2,6,1536,512,Gather,598.1099999985418,21.037789035512997,997.4685999964094,12.614845219233262
dma_hardened2,xilinx_u280_xdma_201920_3,3,2,6,1536,512,Gather,579.7454000003199,21.704203258866833,943.9108999913515,13.330614150250083
dma_hardened2,xilinx_u280_xdma_201920_3,3,2,6,1536,512,Gather,596.5422999906878,21.093075881117606,906.8872000057127,13.874836914580708
dma_hardened2,xilinx_u280_xdma_201920_3,3,2,6,1536,512,Gather,598.7994000065555,21.013568149637834,899.5735999974386,13.987640366542358
dma_hardened2,xilinx_u280_xdma_201920_3,3,2,6,1536,512,Gather,586.3331999989896,21.460343709040668,910.8806999961416,13.814006598288119
dma_hardened2,xilinx_u280_xdma_201920_3,3,2,6,1536,512,Gather,587.2946000067714,21.425213172154013,894.2337999997108,14.07116572869877
dma_hardened2,xilinx_u280_xdma_201920_3,3,2,6,1536,512,Gather,592.8962999973919,21.222787189016614,966.1915999913617,13.023205749369481
dma_hardened2,xilinx_u280_xdma_201920_3,3,2,6,1536,512,Gather,605.9473000050275,20.765687048849955,890.8430000019507,14.124724558617453
dma_hardened2,xilinx_u280_xdma_201920_3,3,2,6,3072,512,Gather,828.09460000135,30.390035148108648,1438.1203999960235,17.499107863339944
dma_hardened2,xilinx_u280_xdma_201920_3,3,2,6,3072,512,Gather,861.5279999958148,29.21068612990205,1386.4450000028228,18.151332364391493
dma_hardened2,xilinx_u280_xdma_201920_3,3,2,6,3072,512,Gather,827.2769999962293,30.42006969867977,1448.5291999903893,17.37336327094198
dma_hardened2,xilinx_u280_xdma_201920_3,3,2,6,3072,512,Gather,831.6073000059987,30.26166797696277,1404.4221000062862,17.918988885098972
dma_hardened2,xilinx_u280_xdma_201920_3,3,2,6,3072,512,Gather,824.0399999976944,30.539566040568918,1450.0249999969128,17.35544145794285
dma_hardened2,xilinx_u280_xdma_201920_3,3,2,6,3072,512,Gather,838.9568999973562,29.996563589952363,1478.8876000011442,17.016725273766937
dma_hardened2,xilinx_u280_xdma_201920_3,3,2,6,3072,512,Gather,838.4823999904256,30.01353874605759,1467.1300999907544,17.15309637513305
dma_hardened2,xilinx_u280_xdma_201920_3,3,2,6,3072,512,Gather,833.8652000020375,30.179726891035276,1461.6000999922107,17.217995537995733
dma_hardened2,xilinx_u280_xdma_201920_3,3,2,6,3072,512,Gather,828.1880000026831,30.386607871544225,1468.4521000049244,17.1376539962833
dma_hardened2,xilinx_u280_xdma_201920_3,3,2,6,3072,512,Gather,839.2957000069146,29.984454823005372,1372.8211000056945,18.33146649617755
dma_hardened2,xilinx_u280_xdma_201920_3,3,2,6,3072,512,Gather,862.3027999988153,29.184439619162287,1440.7169999913094,17.467569272904953
dma_hardened2,xilinx_u280_xdma_201920_3,3,2,6,3072,512,Gather,806.2029000029725,31.215248667434977,1459.2627999945762,17.24557358694646
dma_hardened2,xilinx_u280_xdma_201920_3,3,2,6,3072,512,Gather,816.77559999207,30.811184859396302,1427.1856999926058,17.63318116215037
dma_hardened2,xilinx_u280_xdma_201920_3,3,2,6,3072,512,Gather,809.4099999993887,31.091565461285388,1449.4615999979032,17.36218744948911
dma_hardened2,xilinx_u280_xdma_201920_3,3,2,6,3072,512,Gather,838.7277999986509,30.00475720494835,1426.3086000028125,17.644024582022695
dma_hardened2,xilinx_u280_xdma_201920_3,3,2,6,3072,512,Gather,818.7903000020924,30.73537143751665,1416.5280000042912,17.765850021971865
dma_hardened2,xilinx_u280_xdma_201920_3,3,2,6,3072,512,Gather,826.0586999995212,30.46493427163782,1379.4648000043708,18.24317952869857
dma_hardened2,xilinx_u280_xdma_201920_3,3,2,6,3072,512,Gather,815.304599996125,30.866775435977676,1468.976000001021,17.13154197208294
dma_hardened2,xilinx_u280_xdma_201920_3,3,2,6,3072,512,Gather,813.8794000046801,30.92082684468398,1434.7301000043444,17.540458654853477
dma_hardened2,xilinx_u280_xdma_201920_3,3,2,6,3072,512,Gather,830.7167999987541,30.2941074503823,1477.3875999935626,17.034002451428222
dma_hardened2,xilinx_u280_xdma_201920_3,3,2,6,6144,512,Gather,1368.516799993813,36.778246346868045,2509.334299998045,20.057769106347934
dma_hardened2,xilinx_u280_xdma_201920_3,3,2,6,6144,512,Gather,1349.7906999987208,37.28848331822682,2514.22610000418,20.018743739839596
dma_hardened2,xilinx_u280_xdma_201920_3,3,2,6,6144,512,Gather,1354.2371999960778,37.166050378874374,2503.225400005249,20.106718316254884
dma_hardened2,xilinx_u280_xdma_201920_3,3,2,6,6144,512,Gather,1324.9277999989317,37.98821943357259,2508.7294000059046,20.062605396931826
dma_hardened2,xilinx_u280_xdma_201920_3,3,2,6,6144,512,Gather,1325.1756999920872,37.98111299528095,2466.509099997438,20.40602566601205
dma_hardened2,xilinx_u280_xdma_201920_3,3,2,6,6144,512,Gather,1334.2725000029532,37.722165449627866,2538.4085000041523,19.82803319478235
dma_hardened2,xilinx_u280_xdma_201920_3,3,2,6,6144,512,Gather,1333.1194000102187,37.754793756368855,2519.022199999199,19.980628991684153
dma_hardened2,xilinx_u280_xdma_201920_3,3,2,6,6144,512,Gather,1366.7000999930679,36.827134204684185,2464.5442000064577,20.422294718783345
dma_hardened2,xilinx_u280_xdma_201920_3,3,2,6,6144,512,Gather,1346.0157000054096,37.39306161124103,2442.632300005698,20.605495145496352
dma_hardened2,xilinx_u280_xdma_201920_3,3,2,6,6144,512,Gather,1333.349799995176,37.748269809004434,2541.4370000021336,19.8044051455762
dma_hardened2,xilinx_u280_xdma_201920_3,3,2,6,6144,512,Gather,1349.762200004534,37.289270658069206,2521.9525000011345,19.95741315507622
dma_hardened2,xilinx_u280_xdma_201920_3,3,2,6,6144,512,Gather,1323.0383999939477,38.04246951579806,2495.7141999948362,20.167232289700536
dma_hardened2,xilinx_u280_xdma_201920_3,3,2,6,6144,512,Gather,1328.3129999990706,37.891406618797845,2563.8276999984555,19.631447152252203
dma_hardened2,xilinx_u280_xdma_201920_3,3,2,6,6144,512,Gather,1348.135299997466,37.33427052914837,2484.672799994314,20.25685152592936
dma_hardened2,xilinx_u280_xdma_201920_3,3,2,6,6144,512,Gather,1352.878900001997,37.203365356593046,2482.3992000051476,20.275404536021295
dma_hardened2,xilinx_u280_xdma_201920_3,3,2,6,6144,512,Gather,1312.08750000269,38.35997827880901,2473.216999999295,20.35068010611861
dma_hardened2,xilinx_u280_xdma_201920_3,3,2,6,6144,512,Gather,1361.4278000090962,36.9697519028653,2593.353300005674,19.4079410622108
dma_hardened2,xilinx_u280_xdma_201920_3,3,2,6,6144,512,Gather,1355.5447999920034,37.13019886933793,2532.761700001629,19.87223985579363
dma_hardened2,xilinx_u280_xdma_201920_3,3,2,6,6144,512,Gather,1330.1346000048397,37.839514888054836,2618.5213000076146,19.221401025018828
dma_hardened2,xilinx_u280_xdma_201920_3,3,2,6,6144,512,Gather,1322.3300999925414,38.06284678862252,2560.493599992242,19.657009882841535
dma_hardened2,xilinx_u280_xdma_201920_3,3,2,6,12288,512,Gather,2523.0577000002086,39.89734202273363,4366.877100005695,23.051552332413642
dma_hardened2,xilinx_u280_xdma_201920_3,3,2,6,12288,512,Gather,2505.103299995426,40.183291443583904,4394.600399996307,22.906131806679078
dma_hardened2,xilinx_u280_xdma_201920_3,3,2,6,12288,512,Gather,2499.0964999915377,40.27987554715909,4432.8059999998,22.70870775757038
dma_hardened2,xilinx_u280_xdma_201920_3,3,2,6,12288,512,Gather,2484.8775999998907,40.5103639712493,4454.758299993955,22.59680306339776
dma_hardened2,xilinx_u280_xdma_201920_3,3,2,6,12288,512,Gather,2506.0052000071664,40.16882965754107,4408.4149000013895,22.834351639626355
dma_hardened2,xilinx_u280_xdma_201920_3,3,2,6,12288,512,Gather,2504.359600004591,40.19522435987845,4446.425300000101,22.63915149996959
dma_hardened2,xilinx_u280_xdma_201920_3,3,2,6,12288,512,Gather,2482.878700004676,40.54297779420735,4440.5236999978115,22.669239666494654
dma_hardened2,xilinx_u280_xdma_201920_3,3,2,6,12288,512,Gather,2494.200199998886,40.358947930500904,4448.271000001114,22.629757944148366
dma_hardened2,xilinx_u280_xdma_201920_3,3,2,6,12288,512,Gather,2534.756299996843,39.7132047763824,4422.429299995656,22.76199101704099
dma_hardened2,xilinx_u280_xdma_201920_3,3,2,6,12288,512,Gather,2511.7777999980717,40.07651313745877,4427.262899992002,22.737139915540563
dma_hardened2,xilinx_u280_xdma_201920_3,3,2,6,12288,512,Gather,2533.4238000027653,39.73409265354265,4437.580000001162,22.68427746654114
dma_hardened2,xilinx_u280_xdma_201920_3,3,2,6,12288,512,Gather,2517.9090000051474,39.978925370136174,4432.03419999918,22.712662280453213
dma_hardened2,xilinx_u280_xdma_201920_3,3,2,6,12288,512,Gather,2483.4540000028937,40.53358588477287,4486.821700004384,22.43532342724955
dma_hardened2,xilinx_u280_xdma_201920_3,3,2,6,12288,512,Gather,2473.9385000088987,40.689490057912884,4417.676599996412,22.786479209474447
dma_hardened2,xilinx_u280_xdma_201920_3,3,2,6,12288,512,Gather,2499.564200002169,40.27233867404272,4463.445800001864,22.55282140985289
dma_hardened2,xilinx_u280_xdma_201920_3,3,2,6,12288,512,Gather,2505.3474999936043,40.17937471758189,4383.752600006119,22.962814096730618
dma_hardened2,xilinx_u280_xdma_201920_3,3,2,6,12288,512,Gather,2476.1258000012276,40.65354676242624,4433.502899996711,22.70513818770135
dma_hardened2,xilinx_u280_xdma_201920_3,3,2,6,12288,512,Gather,2470.252199998413,40.75021003930881,4447.027699995942,22.636084771878494
dma_hardened2,xilinx_u280_xdma_201920_3,3,2,6,12288,512,Gather,2476.9207999952414,40.640498477058046,4442.7280999912,22.65799160659852
dma_hardened2,xilinx_u280_xdma_201920_3,3,2,6,12288,512,Gather,2487.503099996502,40.46760625148228,4403.718599996864,22.85870309698528
dma_hardened2,xilinx_u280_xdma_201920_3,3,2,6,24576,512,Gather,4555.497900003047,44.19420147243737,7874.809899999492,25.565898676489066
dma_hardened2,xilinx_u280_xdma_201920_3,3,2,6,24576,512,Gather,4505.002999997032,44.68955780942491,7833.876600000168,25.699484722544096
dma_hardened2,xilinx_u280_xdma_201920_3,3,2,6,24576,512,Gather,4545.915599999262,44.28735808470194,7821.031600008155,25.741692694323095
dma_hardened2,xilinx_u280_xdma_201920_3,3,2,6,24576,512,Gather,4541.455600008248,44.330851104133735,7871.397899998556,25.57698067836679
dma_hardened2,xilinx_u280_xdma_201920_3,3,2,6,24576,512,Gather,4533.281400006217,44.41078641174225,7891.100199992707,25.513120717968587
dma_hardened2,xilinx_u280_xdma_201920_3,3,2,6,24576,512,Gather,4513.332700003048,44.607079819279456,7896.916200002124,25.49433055905365
dma_hardened2,xilinx_u280_xdma_201920_3,3,2,6,24576,512,Gather,4557.187700004306,44.17781431293905,7902.791900005469,25.47537560743067
dma_hardened2,xilinx_u280_xdma_201920_3,3,2,6,24576,512,Gather,4520.018200003051,44.541102068983726,7903.263599996536,25.47385512993496
dma_hardened2,xilinx_u280_xdma_201920_3,3,2,6,24576,512,Gather,4510.158400000819,44.638474781720184,7831.898999995701,25.705973991762473
dma_hardened2,xilinx_u280_xdma_201920_3,3,2,6,24576,512,Gather,4531.872299992301,44.424595106164396,7918.969600007131,25.423331843554333
dma_hardened2,xilinx_u280_xdma_201920_3,3,2,6,24576,512,Gather,4535.265399999844,44.39135844178092,7862.551699997767,25.605757479477965
dma_hardened2,xilinx_u280_xdma_201920_3,3,2,6,24576,512,Gather,4544.751899993571,44.298698021400206,7807.946600007654,25.784832083739232
dma_hardened2,xilinx_u280_xdma_201920_3,3,2,6,24576,512,Gather,4544.079700008297,44.30525107198987,7862.155800000891,25.60704686111374
dma_hardened2,xilinx_u280_xdma_201920_3,3,2,6,24576,512,Gather,4540.160999999898,44.34349178366241,7844.858499993279,25.66350839854823
dma_hardened2,xilinx_u280_xdma_201920_3,3,2,6,24576,512,Gather,4530.300800001896,44.440005396532555,7888.015499997892,25.523097919882865
dma_hardened2,xilinx_u280_xdma_201920_3,3,2,6,24576,512,Gather,4517.730899999606,44.56365296127257,7824.371999993218,25.730702988070416
dma_hardened2,xilinx_u280_xdma_201920_3,3,2,6,24576,512,Gather,4522.380699995665,44.517833715368766,7798.539399993842,25.815935737935614
dma_hardened2,xilinx_u280_xdma_201920_3,3,2,6,24576,512,Gather,4566.4479999913965,44.08822612244338,7827.780200000235,25.719499890913387
dma_hardened2,xilinx_u280_xdma_201920_3,3,2,6,24576,512,Gather,4516.687900002125,44.57394366343206,7845.731299994441,25.66065345624858
dma_hardened2,xilinx_u280_xdma_201920_3,3,2,6,24576,512,Gather,4541.867400007504,44.326831734380306,7837.298099991585,25.688265194380723
experiment,board_instance,number of nodes,rank id,number of banks,buffer size[KB],segment_size[KB],collective name,execution_time[us],throughput[Gbps],execution_time_fullpath[us],throughput_fullpath[Gbps]
dma_hardened2,xilinx_u280_xdma_201920_3,3,2,6,1,512,Allgather,202.72460000114734,0.1212285040881122,286.0541000018202,0.08591381839953918
dma_hardened2,xilinx_u280_xdma_201920_3,3,2,6,1,512,Allgather,195.49780000716055,0.12570985453084305,302.45689999901515,0.08125455230176605
dma_hardened2,xilinx_u280_xdma_201920_3,3,2,6,1,512,Allgather,184.90209999981744,0.1329135796728337,297.86410000269825,0.08250742536538433
dma_hardened2,xilinx_u280_xdma_201920_3,3,2,6,1,512,Allgather,184.82350000113001,0.13297010390913352,294.49339999700896,0.08345178533797229
dma_hardened2,xilinx_u280_xdma_201920_3,3,2,6,1,512,Allgather,206.35439999523442,0.11909607936912206,282.2517000026892,0.08707122047366181
dma_hardened2,xilinx_u280_xdma_201920_3,3,2,6,1,512,Allgather,180.5946999979824,0.13608372781856037,316.6665999970064,0.07760843739198364
dma_hardened2,xilinx_u280_xdma_201920_3,3,2,6,1,512,Allgather,190.16500000361702,0.12923513790409671,337.81109999608816,0.07275071778365065
dma_hardened2,xilinx_u280_xdma_201920_3,3,2,6,1,512,Allgather,194.34000000728702,0.1264587835704358,314.6065999999337,0.07811660658106086
dma_hardened2,xilinx_u280_xdma_201920_3,3,2,6,1,512,Allgather,202.73989999850528,0.1212193554410414,289.15810000853526,0.08499156689463161
dma_hardened2,xilinx_u280_xdma_201920_3,3,2,6,1,512,Allgather,182.35400000321533,0.13477083036054416,302.3372000029667,0.0812867222417845
dma_hardened2,xilinx_u280_xdma_201920_3,3,2,6,1,512,Allgather,223.55389999120234,0.10993321968870663,312.8819999915322,0.07854718392449908
dma_hardened2,xilinx_u280_xdma_201920_3,3,2,6,1,512,Allgather,178.72350000516235,0.1375084977593329,327.41840000198863,0.07505992332700524
dma_hardened2,xilinx_u280_xdma_201920_3,3,2,6,1,512,Allgather,185.78530000468163,0.13228172519236295,333.69359999824155,0.07364840080879438
dma_hardened2,xilinx_u280_xdma_201920_3,3,2,6,1,512,Allgather,191.73720000935646,0.12817544012742824,281.5956999938862,0.08727405993959984
dma_hardened2,xilinx_u280_xdma_201920_3,3,2,6,1,512,Allgather,224.74919999240228,0.10934855385839326,308.42810000422105,0.07968145574175524
dma_hardened2,xilinx_u280_xdma_201920_3,3,2,6,1,512,Allgather,177.63879999392884,0.13834815367385916,329.2751000003591,0.07463667917790685
dma_hardened2,xilinx_u280_xdma_201920_3,3,2,6,1,512,Allgather,195.31119999101065,0.1258299575299887,315.814699990824,0.07781778365830995
dma_hardened2,xilinx_u280_xdma_201920_3,3,2,6,1,512,Allgather,189.4286000037937,0.12973753699023177,309.7085999911542,0.07935201024673495
dma_hardened2,xilinx_u280_xdma_201920_3,3,2,6,1,512,Allgather,191.82270000328572,0.12811830924900464,305.76939999491515,0.0803742951400915
dma_hardened2,xilinx_u280_xdma_201920_3,3,2,6,1,512,Allgather,198.0972999945152,0.1240602471648046,305.90000000074724,0.08033998038555072
dma_hardened2,xilinx_u280_xdma_201920_3,3,2,6,6,512,Allgather,197.60699999551434,0.7462083833231983,291.86550000304123,0.505219013547211
dma_hardened2,xilinx_u280_xdma_201920_3,3,2,6,6,512,Allgather,184.33499999446212,0.7999349011551249,359.5178999944437,0.4101492582212983
dma_hardened2,xilinx_u280_xdma_201920_3,3,2,6,6,512,Allgather,196.42199999907461,0.7507102055813234,288.04119999676914,0.5119267660378236
dma_hardened2,xilinx_u280_xdma_201920_3,3,2,6,6,512,Allgather,178.2295999987582,0.8273373222014042,296.1593999998513,0.49789403949384703
dma_hardened2,xilinx_u280_xdma_201920_3,3,2,6,6,512,Allgather,186.9661000000633,0.7886777335567788,310.51469999283654,0.4748760686801679
dma_hardened2,xilinx_u280_xdma_201920_3,3,2,6,6,512,Allgather,223.86320000578053,0.6586879844306364,373.0146999942008,0.39530881759429987
dma_hardened2,xilinx_u280_xdma_201920_3,3,2,6,6,512,Allgather,196.4872000030482,0.7504610987265962,316.8952999999419,0.4653145691969146
dma_hardened2,xilinx_u280_xdma_201920_3,3,2,6,6,512,Allgather,173.22300000159885,0.8512495453758391,302.4122999931933,0.48759921472545575
dma_hardened2,xilinx_u280_xdma_201920_3,3,2,6,6,512,Allgather,200.35809999399135,0.7359622595963036,318.0166999982248,0.46367376304710767
dma_hardened2,xilinx_u280_xdma_201920_3,3,2,6,6,512,Allgather,190.0685999999041,0.7758041044132192,300.9873999985757,0.48990755094963373
dma_hardened2,xilinx_u280_xdma_201920_3,3,2,6,6,512,Allgather,190.57920000022932,0.773725569211239,305.3334000014729,0.48293439237007374
dma_hardened2,xilinx_u280_xdma_201920_3,3,2,6,6,512,Allgather,218.19309999955294,0.6758050552483196,306.5733999960685,0.48098106359485526
dma_hardened2,xilinx_u280_xdma_201920_3,3,2,6,6,512,Allgather,195.44949999499295,0.754445521752563,295.59160000189877,0.49885044094302
dma_hardened2,xilinx_u280_xdma_201920_3,3,2,6,6,512,Allgather,224.88120000616618,0.6557062128624216,316.0268999977234,0.4665931919120247
dma_hardened2,xilinx_u280_xdma_201920_3,3,2,6,6,512,Allgather,188.52970000580171,0.7821367137138725,298.4402999913982,0.494088767516485
dma_hardened2,xilinx_u280_xdma_201920_3,3,2,6,6,512,Allgather,183.42089999805467,0.8039214724252465,318.5193000035724,0.46294211998565293
dma_hardened2,xilinx_u280_xdma_201920_3,3,2,6,6,512,Allgather,188.22060000047713,0.7834211558119898,340.7369999990806,0.4327560552578613
dma_hardened2,xilinx_u280_xdma_201920_3,3,2,6,6,512,Allgather,192.8904000010334,0.7644548406722678,279.5932000026369,0.5273948007269466
dma_hardened2,xilinx_u280_xdma_201920_3,3,2,6,6,512,Allgather,188.18739999915124,0.7835593668899462,290.4335000039282,0.5077100265568731
dma_hardened2,xilinx_u280_xdma_201920_3,3,2,6,6,512,Allgather,190.35730000496187,0.7746275031015695,333.13050000742805,0.44263734481445577
dma_hardened2,xilinx_u280_xdma_201920_3,3,2,6,12,512,Allgather,196.88760000917682,1.49786985054546,294.3307000009554,1.0019749893539571
dma_hardened2,xilinx_u280_xdma_201920_3,3,2,6,12,512,Allgather,208.73640000900195,1.4128441421203088,347.91230000337237,0.8476618963949862
dma_hardened2,xilinx_u280_xdma_201920_3,3,2,6,12,512,Allgather,191.2917000026937,1.541687381082646,303.2157999996343,0.9726142239301371
dma_hardened2,xilinx_u280_xdma_201920_3,3,2,6,12,512,Allgather,209.55839999032833,1.4073022127178436,296.5772000038669,0.9943852730289273
dma_hardened2,xilinx_u280_xdma_201920_3,3,2,6,12,512,Allgather,201.06059999989156,1.4667816568743903,356.62000000229455,0.8269642756943034
dma_hardened2,xilinx_u280_xdma_201920_3,3,2,6,12,512,Allgather,183.6255000057463,1.606051447052676,294.693900002585,1.0007400899625445
dma_hardened2,xilinx_u280_xdma_201920_3,3,2,6,12,512,Allgather,203.25799999909577,1.4509244408648712,354.5172999906754,0.8318691358863357
dma_hardened2,xilinx_u280_xdma_201920_3,3,2,6,12,512,Allgather,194.3669999945996,1.517294602520973,315.0298999912593,0.9361397124786647
dma_hardened2,xilinx_u280_xdma_201920_3,3,2,6,12,512,Allgather,185.1797999961491,1.5925711120010544,322.7138000056584,0.9138499809888175
dma_hardened2,xilinx_u280_xdma_201920_3,3,2,6,12,512,Allgather,219.59780000315732,1.3429642737575687,314.80609999334774,0.9368052271103763
dma_hardened2,xilinx_u280_xdma_201920_3,3,2,6,12,512,Allgather,248.3538999968005,1.1874667561242216,345.5690000009781,0.8534098834072653
dma_hardened2,xilinx_u280_xdma_201920_3,3,2,6,12,512,Allgather,224.21559999656893,1.3153054470987429,288.51399999894056,1.02217570031639
dma_hardened2,xilinx_u280_xdma_201920_3,3,2,6,12,512,Allgather,192.82560000419835,1.5294234790068277,308.8333000050625,0.9549229308988562
dma_hardened2,xilinx_u280_xdma_201920_3,3,2,6,12,512,Allgather,187.51119999933508,1.5727700532077324,317.74810000797515,0.9281314349089673
dma_hardened2,xilinx_u280_xdma_201920_3,3,2,6,12,512,Allgather,183.9848000031452,1.602915023387576,291.53959999348444,1.0115675537957483
dma_hardened2,xilinx_u280_xdma_201920_3,3,2,6,12,512,Allgather,198.0748999926618,1.488891323488871,375.8975999971881,0.7845540913328686
dma_hardened2,xilinx_u280_xdma_201920_3,3,2,6,12,512,Allgather,193.84709999030747,1.5213640029422462,341.9431999986955,0.8624590282863501
dma_hardened2,xilinx_u280_xdma_201920_3,3,2,6,12,512,Allgather,187.52979999590025,1.5726140592399038,355.0143999973443,0.8307043319995079
dma_hardened2,xilinx_u280_xdma_201920_3,3,2,6,12,512,Allgather,201.69509999732327,1.4621674002190128,335.11369999814633,0.880035641639334
dma_hardened2,xilinx_u280_xdma_201920_3,3,2,6,12,512,Allgather,194.4170000001577,1.5169043859320983,332.6325999978508,0.8865998101265645
dma_hardened2,xilinx_u280_xdma_201920_3,3,2,6,24,512,Allgather,196.65669999540114,2.9992570810645818,312.4461999959749,1.887761797095303
dma_hardened2,xilinx_u280_xdma_201920_3,3,2,6,24,512,Allgather,196.56270000041332,3.0006913824380708,302.68430000433,1.948644181384903
dma_hardened2,xilinx_u280_xdma_201920_3,3,2,6,24,512,Allgather,207.5729000011961,2.8415270008589815,301.08880000625504,1.9589702439537657
dma_hardened2,xilinx_u280_xdma_201920_3,3,2,6,24,512,Allgather,190.7156000015675,3.0926887994225547,303.7669000036658,1.9416993753858043
dma_hardened2,xilinx_u280_xdma_201920_3,3,2,6,24,512,Allgather,202.1029000047747,2.918434124330058,317.20629999654193,1.8594334349804214
dma_hardened2,xilinx_u280_xdma_201920_3,3,2,6,24,512,Allgather,191.96260000171605,3.0725985165585756,303.9002000036817,1.940847686157674
dma_hardened2,xilinx_u280_xdma_201920_3,3,2,6,24,512,Allgather,190.42090000311873,3.097475119539608,348.9538999929209,1.6902633843953758
dma_hardened2,xilinx_u280_xdma_201920_3,3,2,6,24,512,Allgather,198.31599998951788,2.974162447967766,296.9624999991538,1.9861901755328728
dma_hardened2,xilinx_u280_xdma_201920_3,3,2,6,24,512,Allgather,231.7800999890096,2.544756862336188,346.5147999918372,1.7021610621361465
dma_hardened2,xilinx_u280_xdma_201920_3,3,2,6,24,512,Allgather,211.11570000584834,2.7938424285056045,289.38809999772275,2.038176414319184
dma_hardened2,xilinx_u280_xdma_201920_3,3,2,6,24,512,Allgather,196.77999999885287,2.9973777823124217,293.165199991563,2.01191683056848
dma_hardened2,xilinx_u280_xdma_201920_3,3,2,6,24,512,Allgather,184.5269999989796,3.1964102814399067,297.5501999912922,1.9822671939634426
dma_hardened2,xilinx_u280_xdma_201920_3,3,2,6,24,512,Allgather,182.02620000238312,3.2403247444174403,309.2835000074956,1.907065847307423
dma_hardened2,xilinx_u280_xdma_201920_3,3,2,6,24,512,Allgather,215.26380000977952,2.7400055186854644,300.70110000224304,1.9614959838710275
dma_hardened2,xilinx_u280_xdma_201920_3,3,2,6,24,512,Allgather,187.06659999452313,3.153016091687499,351.5679000088312,1.6776958305498995
dma_hardened2,xilinx_u280_xdma_201920_3,3,2,6,24,512,Allgather,194.69829999252397,3.0294255266874344,322.8694000085852,1.8268191410654475
dma_hardened2,xilinx_u280_xdma_201920_3,3,2,6,24,512,Allgather,188.68790000396984,3.1259238138088907,290.09979999727875,2.0331761690477994
dma_hardened2,xilinx_u280_xdma_201920_3,3,2,6,24,512,Allgather,198.09760000271126,2.977441422773054,347.04450000617726,1.699563024308126
dma_hardened2,xilinx_u280_xdma_201920_3,3,2,6,24,512,Allgather,199.9492999971153,2.9498677915276996,282.793999997466,2.085701959749094
dma_hardened2,xilinx_u280_xdma_201920_3,3,2,6,24,512,Allgather,195.832299993981,3.011883126624814,294.9246000071071,1.9999145543836847
dma_hardened2,xilinx_u280_xdma_201920_3,3,2,6,48,512,Allgather,201.48540000946014,5.854756721552099,308.5556999963046,3.8231282067196557
dma_hardened2,xilinx_u280_xdma_201920_3,3,2,6,48,512,Allgather,212.6536999980999,5.547272396438625,387.8926999959731,3.041170921783902
dma_hardened2,xilinx_u280_xdma_201920_3,3,2,6,48,512,Allgather,191.56500000008236,6.157951609111752,319.9644000005719,3.686810157623446
dma_hardened2,xilinx_u280_xdma_201920_3,3,2,6,48,512,Allgather,191.58430000061344,6.157331263554596,320.0692999939747,3.6856018369215877
dma_hardened2,xilinx_u280_xdma_201920_3,3,2,6,48,512,Allgather,192.86799999918003,6.116349005563469,297.101000001021,3.9705285407856117
dma_hardened2,xilinx_u280_xdma_201920_3,3,2,6,48,512,Allgather,204.05489999575366,5.781032457561903,300.491999996666,3.9257218162649536
dma_hardened2,xilinx_u280_xdma_201920_3,3,2,6,48,512,Allgather,205.6100000004335,5.737308496656354,324.2789999944762,3.637756376515575
dma_hardened2,xilinx_u280_xdma_201920_3,3,2,6,48,512,Allgather,199.11409999622265,5.924482495324936,318.7208999975155,3.701194367891141
dma_hardened2,xilinx_u280_xdma_201920_3,3,2,6,48,512,Allgather,276.0909000016909,4.2726797587054675,319.3624000005002,3.69375981642846
dma_hardened2,xilinx_u280_xdma_201920_3,3,2,6,48,512,Allgather,226.10450000684068,5.217269005987543,369.8751000001721,3.1893144469564216
dma_hardened2,xilinx_u280_xdma_201920_3,3,2,6,48,512,Allgather,202.3152999981903,5.830740433425212,309.4916000009107,3.811567099063525
dma_hardened2,xilinx_u280_xdma_201920_3,3,2,6,48,512,Allgather,213.77540000457884,5.518165326668705,300.7315000104427,3.9225954047349134
dma_hardened2,xilinx_u280_xdma_201920_3,3,2,6,48,512,Allgather,222.64540000378474,5.298326396952047,306.12080000764763,3.8535375576260407
dma_hardened2,xilinx_u280_xdma_201920_3,3,2,6,48,512,Allgather,199.1993000046932,5.921948520763913,312.36819999094223,3.7764663625625343
dma_hardened2,xilinx_u280_xdma_201920_3,3,2,6,48,512,Allgather,224.37999999738167,5.257366966814179,304.4708999937029,3.8744195258870313
dma_hardened2,xilinx_u280_xdma_201920_3,3,2,6,48,512,Allgather,233.7031000024581,5.047635226009379,311.50610000167944,3.7869178163562127
dma_hardened2,xilinx_u280_xdma_201920_3,3,2,6,48,512,Allgather,191.98119999828123,6.144601658967447,300.4053000040585,3.9268548190862904
dma_hardened2,xilinx_u280_xdma_201920_3,3,2,6,48,512,Allgather,231.54270000986799,5.094731986582714,308.8640000100895,3.819312059551988
dma_hardened2,xilinx_u280_xdma_201920_3,3,2,6,48,512,Allgather,210.6217999994442,5.600787762725003,348.2275999999729,3.3875775498555885
dma_hardened2,xilinx_u280_xdma_201920_3,3,2,6,48,512,Allgather,202.29310000559053,5.831380308905245,345.7615000002079,3.411739016632247
dma_hardened2,xilinx_u280_xdma_201920_3,3,2,6,96,512,Allgather,228.02629999887358,10.346595984812518,352.9066999931274,6.685325044964989
dma_hardened2,xilinx_u280_xdma_201920_3,3,2,6,96,512,Allgather,210.4810999981055,11.20906342669834,398.33339999404416,5.922917837257121
dma_hardened2,xilinx_u280_xdma_201920_3,3,2,6,96,512,Allgather,205.36519999723168,11.488294998528492,319.15010000602706,7.392433842118319
dma_hardened2,xilinx_u280_xdma_201920_3,3,2,6,96,512,Allgather,215.40660000027856,10.952756322215517,360.55979999218835,6.543424974306939
dma_hardened2,xilinx_u280_xdma_201920_3,3,2,6,96,512,Allgather,215.01820000366934,10.972540928906195,332.60520000339966,7.093382785283829
dma_hardened2,xilinx_u280_xdma_201920_3,3,2,6,96,512,Allgather,206.57769999843367,11.42086488530896,365.5733000073269,6.453687946993707
dma_hardened2,xilinx_u280_xdma_201920_3,3,2,6,96,512,Allgather,240.55760000010196,9.807613644295587,325.7965999978296,7.241622533862284
dma_hardened2,xilinx_u280_xdma_201920_3,3,2,6,96,512,Allgather,237.71190000161369,9.925022684955966,341.4402999965205,6.9098346036599745
dma_hardened2,xilinx_u280_xdma_201920_3,3,2,6,96,512,Allgather,229.37889999639083,10.285584245268952,339.4686999968144,6.949966226701136
dma_hardened2,xilinx_u280_xdma_201920_3,3,2,6,96,512,Allgather,222.61920000801183,10.597899911216514,315.82970000272326,7.470152427018919
dma_hardened2,xilinx_u280_xdma_201920_3,3,2,6,96,512,Allgather,207.61729999776435,11.363677304470317,372.2918999983449,6.33722087429377
dma_hardened2,xilinx_u280_xdma_201920_3,3,2,6,96,512,Allgather,211.01779999526116,11.180554436891025,304.59129999371726,7.7457760613932995
dma_hardened2,xilinx_u280_xdma_201920_3,3,2,6,96,512,Allgather,227.45659999827694,10.372510624083331,343.5924999962481,6.866552675118819
dma_hardened2,xilinx_u280_xdma_201920_3,3,2,6,96,512,Allgather,236.94709999517727,9.957057925790272,337.9028000040307,6.982173571724937
dma_hardened2,xilinx_u280_xdma_201920_3,3,2,6,96,512,Allgather,208.51499999707812,11.314754334379112,391.7074000014509,6.0231080648240525
dma_hardened2,xilinx_u280_xdma_201920_3,3,2,6,96,512,Allgather,225.04579999349517,10.483625999988421,371.2847999963742,6.3544104149241765
dma_hardened2,xilinx_u280_xdma_201920_3,3,2,6,96,512,Allgather,240.67260000038004,9.802927296236774,340.23339999293967,6.9343456581539575
dma_hardened2,xilinx_u280_xdma_201920_3,3,2,6,96,512,Allgather,204.87090000642638,11.516013254815563,327.9122999970241,7.194899367975557
dma_hardened2,xilinx_u280_xdma_201920_3,3,2,6,96,512,Allgather,249.10089999821142,9.471246390586867,332.95929999894724,7.085839019986706
dma_hardened2,xilinx_u280_xdma_201920_3,3,2,6,96,512,Allgather,259.79299999789873,9.081445612541842,410.65630000503006,5.745183989557938
dma_hardened2,xilinx_u280_xdma_201920_3,3,2,6,192,512,Allgather,247.31819999033175,19.07903259923637,436.97249999468113,10.798372895450939
dma_hardened2,xilinx_u280_xdma_201920_3,3,2,6,192,512,Allgather,314.7677000015392,14.990712198160505,450.68650000530397,10.46978775699842
dma_hardened2,xilinx_u280_xdma_201920_3,3,2,6,192,512,Allgather,240.33170000166137,19.633664639194002,389.9048999983279,12.101904849157412
dma_hardened2,xilinx_u280_xdma_201920_3,3,2,6,192,512,Allgather,244.4143999923654,19.305703756191907,442.9011999945942,10.653825277641136
dma_hardened2,xilinx_u280_xdma_201920_3,3,2,6,192,512,Allgather,239.34289999942848,19.714777417718544,379.21669999150254,12.442996313468614
dma_hardened2,xilinx_u280_xdma_201920_3,3,2,6,192,512,Allgather,246.8808999992689,19.112827278311013,383.7428999986514,12.296232712101208
dma_hardened2,xilinx_u280_xdma_201920_3,3,2,6,192,512,Allgather,228.3540999997058,20.66348710185663,462.24079999319656,10.208082021469005
dma_hardened2,xilinx_u280_xdma_201920_3,3,2,6,192,512,Allgather,248.92950000321434,18.955535603209224,412.19380000256933,11.447508429216033
dma_hardened2,xilinx_u280_xdma_201920_3,3,2,6,192,512,Allgather,281.8381999986741,16.74220173142675,393.9151999929891,11.978699984372225
dma_hardened2,xilinx_u280_xdma_201920_3,3,2,6,192,512,Allgather,310.745699994186,15.184737874372145,427.3893999993561,11.040498430721746
dma_hardened2,xilinx_u280_xdma_201920_3,3,2,6,192,512,Allgather,264.9451000024783,17.809697178607426,372.65800000341187,12.66199035028578
dma_hardened2,xilinx_u280_xdma_201920_3,3,2,6,192,512,Allgather,271.1082000018905,17.404829510752887,459.67199999950026,10.26512817836442
dma_hardened2,xilinx_u280_xdma_201920_3,3,2,6,192,512,Allgather,223.98910000447358,21.06616795150192,403.204100007315,11.702738141587336
dma_hardened2,xilinx_u280_xdma_201920_3,3,2,6,192,512,Allgather,283.38199999780045,16.650994064678155,375.54870000349183,12.564527583123379
dma_hardened2,xilinx_u280_xdma_201920_3,3,2,6,192,512,Allgather,234.7098999962327,20.103932557066138,402.1450000095683,11.733558790704173
dma_hardened2,xilinx_u280_xdma_201920_3,3,2,6,192,512,Allgather,240.73430000726148,19.60082962775836,362.59290000089095,13.01347047884392
dma_hardened2,xilinx_u280_xdma_201920_3,3,2,6,192,512,Allgather,244.41990000241276,19.305269333443885,359.8051000039959,13.11429993612541
dma_hardened2,xilinx_u280_xdma_201920_3,3,2,6,192,512,Allgather,231.87950000647106,20.349327990910442,410.8879000000343,11.483891348466592
dma_hardened2,xilinx_u280_xdma_201920_3,3,2,6,192,512,Allgather,221.0256000012123,21.348622059951964,354.24479999619507,13.320144713629338
dma_hardened2,xilinx_u280_xdma_201920_3,3,2,6,192,512,Allgather,270.8734999941953,17.419910032177814,478.6189000014929,9.858766546798051
dma_hardened2,xilinx_u280_xdma_201920_3,3,2,6,384,512,Allgather,369.5922000019891,25.534045361209486,505.51230000337455,18.668554652254755
dma_hardened2,xilinx_u280_xdma_201920_3,3,2,6,384,512,Allgather,344.11090000503464,27.4248330984631,548.6467000082484,17.200839811591173
dma_hardened2,xilinx_u280_xdma_201920_3,3,2,6,384,512,Allgather,356.01899999164743,26.507529093170326,537.0949999928598,17.57079101485856
dma_hardened2,xilinx_u280_xdma_201920_3,3,2,6,384,512,Allgather,360.42600000882885,26.18341629008127,512.7156999947147,18.406270765840176
dma_hardened2,xilinx_u280_xdma_201920_3,3,2,6,384,512,Allgather,349.92629999806013,26.969061771156717,599.7945999979493,15.73402628171755
dma_hardened2,xilinx_u280_xdma_201920_3,3,2,6,384,512,Allgather,340.49030000460334,27.716454770877206,490.0404999943931,19.257967453930803
dma_hardened2,xilinx_u280_xdma_201920_3,3,2,6,384,512,Allgather,324.74230000616444,29.06053199666584,536.5789999927983,17.587687926897363
dma_hardened2,xilinx_u280_xdma_201920_3,3,2,6,384,512,Allgather,379.61929999710264,24.859600131163056,477.4304999955348,19.766613151208947
dma_hardened2,xilinx_u280_xdma_201920_3,3,2,6,384,512,Allgather,292.4946000007367,32.26447257479705,536.7718999991666,17.581367430028756
dma_hardened2,xilinx_u280_xdma_201920_3,3,2,6,384,512,Allgather,397.9847999971753,23.71242318818955,546.8284000016865,17.258035610386905
dma_hardened2,xilinx_u280_xdma_201920_3,3,2,6,384,512,Allgather,370.5555999999888,25.467659913924617,517.2465999976339,18.245038246830756
dma_hardened2,xilinx_u280_xdma_201920_3,3,2,6,384,512,Allgather,321.9069000010677,29.316501137343437,537.8724000024704,17.545395524954724
dma_hardened2,xilinx_u280_xdma_201920_3,3,2,6,384,512,Allgather,296.4375000033215,31.83532447782167,550.3422999936447,17.147844169181578
dma_hardened2,xilinx_u280_xdma_201920_3,3,2,6,384,512,Allgather,385.6263999978182,24.472349403602536,542.4715000003744,17.39664480068259
dma_hardened2,xilinx_u280_xdma_201920_3,3,2,6,384,512,Allgather,382.30900000826296,24.684702687606183,548.7466000090535,17.197708377317145
dma_hardened2,xilinx_u280_xdma_201920_3,3,2,6,384,512,Allgather,357.0008999986385,26.434622433825773,579.0911999952186,16.29654189198164
dma_hardened2,xilinx_u280_xdma_201920_3,3,2,6,384,512,Allgather,372.1600999938346,25.357860770556385,500.6872999956613,18.848458908547865
dma_hardened2,xilinx_u280_xdma_201920_3,3,2,6,384,512,Allgather,382.3766999971667,24.68033224846055,542.3881000069741,17.39931978573766
dma_hardened2,xilinx_u280_xdma_201920_3,3,2,6,384,512,Allgather,344.0812000008009,27.427200323580696,496.8523999991703,18.99393864257425
dma_hardened2,xilinx_u280_xdma_201920_3,3,2,6,384,512,Allgather,365.39090000360375,25.82763829068245,535.3359000082492,17.628528181753886
dma_hardened2,xilinx_u280_xdma_201920_3,3,2,6,768,512,Allgather,497.28400000503825,37.95490705473889,742.0990000014172,25.43376018558704
dma_hardened2,xilinx_u280_xdma_201920_3,3,2,6,768,512,Allgather,511.4033999916501,36.9070053118696,770.811400002458,24.486363330822318
dma_hardened2,xilinx_u280_xdma_201920_3,3,2,6,768,512,Allgather,451.9129000073008,41.765499501552355,704.6734999903492,26.78455767140171
dma_hardened2,xilinx_u280_xdma_201920_3,3,2,6,768,512,Allgather,474.71670000049926,39.75922481762312,727.1515999946132,25.956579068436103
dma_hardened2,xilinx_u280_xdma_201920_3,3,2,6,768,512,Allgather,501.73439999525726,37.61824582922441,701.0050999952,26.924722801773108
dma_hardened2,xilinx_u280_xdma_201920_3,3,2,6,768,512,Allgather,463.50960000154373,40.72055465504304,732.7470999939578,25.758366017628234
dma_hardened2,xilinx_u280_xdma_201920_3,3,2,6,768,512,Allgather,505.57869999465765,37.33220564908973,754.545600000256,25.01421782857603
dma_hardened2,xilinx_u280_xdma_201920_3,3,2,6,768,512,Allgather,477.290499998162,39.54482228343679,746.003499989456,25.300642691712262
dma_hardened2,xilinx_u280_xdma_201920_3,3,2,6,768,512,Allgather,455.2370999931554,41.460522440468445,760.4624999999032,24.819590709604224
dma_hardened2,xilinx_u280_xdma_201920_3,3,2,6,768,512,Allgather,470.49269999206444,40.116176085874116,699.4446000021526,26.98479336310826
dma_hardened2,xilinx_u280_xdma_201920_3,3,2,6,768,512,Allgather,514.3554000028416,36.695187801850096,718.975099994168,26.251768663689607
dma_hardened2,xilinx_u280_xdma_201920_3,3,2,6,768,512,Allgather,464.19720000585585,40.66023664029404,755.4710000022169,24.983577132602857
dma_hardened2,xilinx_u280_xdma_201920_3,3,2,6,768,512,Allgather,484.44249999874955,38.96100775643904,720.1001999987966,26.21075233701024
dma_hardened2,xilinx_u280_xdma_201920_3,3,2,6,768,512,Allgather,478.79339999781223,39.420693769141856,770.1849999989463,24.506278361725848
dma_hardened2,xilinx_u280_xdma_201920_3,3,2,6,768,512,Allgather,475.32429999819215,39.70840119066454,771.5443000051891,24.463103414636148
dma_hardened2,xilinx_u280_xdma_201920_3,3,2,6,768,512,Allgather,509.5615999948678,37.040404928844914,744.4198999905893,25.354464597518955
dma_hardened2,xilinx_u280_xdma_201920_3,3,2,6,768,512,Allgather,498.8819000004696,37.83333891244046,741.6637000005721,25.448687862147548
dma_hardened2,xilinx_u280_xdma_201920_3,3,2,6,768,512,Allgather,479.8950999997942,39.33019528644509,745.6517999912649,25.312576192025702
dma_hardened2,xilinx_u280_xdma_201920_3,3,2,6,768,512,Allgather,513.9783999993597,36.72210349700204,755.6130000011763,24.978882046723147
dma_hardened2,xilinx_u280_xdma_201920_3,3,2,6,768,512,Allgather,450.2768999941509,41.91724692127262,774.9438000018927,24.35578941331475
dma_hardened2,xilinx_u280_xdma_201920_3,3,2,6,1536,512,Allgather,682.3249000035503,55.32369696577625,1024.5352999959323,36.84473926876885
dma_hardened2,xilinx_u280_xdma_201920_3,3,2,6,1536,512,Allgather,709.1260999914084,53.23275507763338,1020.8357999999863,36.97826428109252
dma_hardened2,xilinx_u280_xdma_201920_3,3,2,6,1536,512,Allgather,684.1128000019125,55.17911081315021,1001.8801000001077,37.677897784371545
dma_hardened2,xilinx_u280_xdma_201920_3,3,2,6,1536,512,Allgather,671.2354000001142,56.23770140846799,1047.3360999981196,36.04261898359827
dma_hardened2,xilinx_u280_xdma_201920_3,3,2,6,1536,512,Allgather,688.7469000048441,54.80784886252774,1018.4019999996963,37.06663576859753
dma_hardened2,xilinx_u280_xdma_201920_3,3,2,6,1536,512,Allgather,711.1297000051309,53.08277238277017,1046.400799998537,36.07483480522261
dma_hardened2,xilinx_u280_xdma_201920_3,3,2,6,1536,512,Allgather,683.9781999929073,55.18996950544834,1078.729599998951,34.99369628870544
dma_hardened2,xilinx_u280_xdma_201920_3,3,2,6,1536,512,Allgather,690.8137000095849,54.643872869742225,1041.5244999990136,36.243733104728456
dma_hardened2,xilinx_u280_xdma_201920_3,3,2,6,1536,512,Allgather,731.3708000083352,51.61367667340533,1062.0474000006652,35.543362753843525
dma_hardened2,xilinx_u280_xdma_201920_3,3,2,6,1536,512,Allgather,672.5890999973672,56.12451346616793,1035.9657999970295,36.43820674399506
dma_hardened2,xilinx_u280_xdma_201920_3,3,2,6,1536,512,Allgather,718.3479999980591,52.54937161390021,1033.4109999917018,36.528289325644025
dma_hardened2,xilinx_u280_xdma_201920_3,3,2,6,1536,512,Allgather,696.0741000057169,54.230915932211765,1044.9660999938715,36.124364225998704
dma_hardened2,xilinx_u280_xdma_201920_3,3,2,6,1536,512,Allgather,694.3005999914931,54.36944170934393,1004.2549000104373,37.58879941696842
dma_hardened2,xilinx_u280_xdma_201920_3,3,2,6,1536,512,Allgather,700.4864000009547,53.88932033505368,997.3490999982461,37.849070099994464
dma_hardened2,xilinx_u280_xdma_201920_3,3,2,6,1536,512,Allgather,695.6658000035532,54.262745128202646,1066.8637999970088,35.382900797745535
dma_hardened2,xilinx_u280_xdma_201920_3,3,2,6,1536,512,Allgather,692.3591000031593,54.521903445520906,1048.6242999945716,35.998341827664504
dma_hardened2,xilinx_u280_xdma_201920_3,3,2,6,1536,512,Allgather,686.3319999979467,55.000693542065555,1029.2338999988715,36.676537762739244
dma_hardened2,xilinx_u280_xdma_201920_3,3,2,6,1536,512,Allgather,707.6653000012811,53.34264093481998,1071.4918999951806,35.230071268079385
dma_hardened2,xilinx_u280_xdma_201920_3,3,2,6,1536,512,Allgather,687.9948999994667,54.86775556043985,1040.1304999959393,36.292307551934464
dma_hardened2,xilinx_u280_xdma_201920_3,3,2,6,1536,512,Allgather,662.7543000035985,56.95736112130098,1043.7846000058926,36.16525478512223
dma_hardened2,xilinx_u280_xdma_201920_3,3,2,6,3072,512,Allgather,1051.0035000038442,71.83370179045441,1748.8807000063389,43.169023478689176
dma_hardened2,xilinx_u280_xdma_201920_3,3,2,6,3072,512,Allgather,1075.3279999903498,70.20878466912191,1760.7453999971767,42.87813104615867
dma_hardened2,xilinx_u280_xdma_201920_3,3,2,6,3072,512,Allgather,1062.847100001818,71.03323892954204,1727.752400006466,43.69692786982525
dma_hardened2,xilinx_u280_xdma_201920_3,3,2,6,3072,512,Allgather,1047.1874000018033,72.09547402868864,1750.2544999956626,43.13513948982111
dma_hardened2,xilinx_u280_xdma_201920_3,3,2,6,3072,512,Allgather,1069.821500004764,70.57015773160644,1731.6789999995308,43.59784463518958
dma_hardened2,xilinx_u280_xdma_201920_3,3,2,6,3072,512,Allgather,1025.8714999963559,73.5934978213823,1725.265799996123,43.75990760390061
dma_hardened2,xilinx_u280_xdma_201920_3,3,2,6,3072,512,Allgather,1047.4477999991905,72.07755078588006,1725.894900005187,43.743956830611815
dma_hardened2,xilinx_u280_xdma_201920_3,3,2,6,3072,512,Allgather,1057.5608999943142,71.38829735517444,1784.356400003162,42.31075809735444
dma_hardened2,xilinx_u280_xdma_201920_3,3,2,6,3072,512,Allgather,1055.6507000046622,71.51747448248419,1737.6393000063217,43.44829908009409
dma_hardened2,xilinx_u280_xdma_201920_3,3,2,6,3072,512,Allgather,1071.2786999988566,70.47416512629307,1726.647700002104,43.7248849315978
dma_hardened2,xilinx_u280_xdma_201920_3,3,2,6,3072,512,Allgather,1049.1202999901361,71.96264527596104,1741.6644000036285,43.34788722778206
dma_hardened2,xilinx_u280_xdma_201920_3,3,2,6,3072,512,Allgather,1044.3731000009393,72.28975162222399,1741.1578999940502,43.36049705788199
dma_hardened2,xilinx_u280_xdma_201920_3,3,2,6,3072,512,Allgather,1060.4487000023255,71.19389367900064,1710.3909999946154,44.140475482060936
dma_hardened2,xilinx_u280_xdma_201920_3,3,2,6,3072,512,Allgather,1090.2876999921318,69.24545879087219,1706.2387000009949,44.24789567834558
dma_hardened2,xilinx_u280_xdma_201920_3,3,2,6,3072,512,Allgather,1059.4553000032647,71.26064875013354,1743.7766999933046,43.29537835910405
dma_hardened2,xilinx_u280_xdma_201920_3,3,2,6,3072,512,Allgather,1089.1269000012471,69.31926114386997,1754.6073999938017,43.028128115877486
dma_hardened2,xilinx_u280_xdma_201920_3,3,2,6,3072,512,Allgather,1096.5350999981638,68.85093965539856,1779.4266999999309,42.42797525742585
dma_hardened2,xilinx_u280_xdma_201920_3,3,2,6,3072,512,Allgather,1078.2949000031294,70.0156070475534,1739.903099996809,43.391768196825716
dma_hardened2,xilinx_u280_xdma_201920_3,3,2,6,3072,512,Allgather,1042.372400002023,72.42850251968824,1782.0304999986547,42.365981951519345
dma_hardened2,xilinx_u280_xdma_201920_3,3,2,6,3072,512,Allgather,1054.6836999992593,71.58304617778109,1763.748200005466,42.80513057349457
dma_hardened2,xilinx_u280_xdma_201920_3,3,2,6,6144,512,Allgather,2107.7392000051987,71.63834311172253,3143.173199998728,48.03901484018161
dma_hardened2,xilinx_u280_xdma_201920_3,3,2,6,6144,512,Allgather,2102.96399999379,71.80101228572904,3172.5707999953556,47.59387686485075
dma_hardened2,xilinx_u280_xdma_201920_3,3,2,6,6144,512,Allgather,2069.0325000032317,72.97852692007697,3133.438300005764,48.188261437834036
dma_hardened2,xilinx_u280_xdma_201920_3,3,2,6,6144,512,Allgather,2086.140799997338,72.38003494308374,3181.7830000022695,47.45607855717763
dma_hardened2,xilinx_u280_xdma_201920_3,3,2,6,6144,512,Allgather,2067.6715000035983,73.0265634554315,3184.1146000033405,47.42132836545569
dma_hardened2,xilinx_u280_xdma_201920_3,3,2,6,6144,512,Allgather,2100.8732000041164,71.87246902845168,3114.462500002446,48.48186292173414
dma_hardened2,xilinx_u280_xdma_201920_3,3,2,6,6144,512,Allgather,2032.1762999969906,74.3020888493895,3157.1497999948406,47.826347676073766
dma_hardened2,xilinx_u280_xdma_201920_3,3,2,6,6144,512,Allgather,2091.1275000003116,72.20743068032796,3127.0074999952158,48.28736227854619
dma_hardened2,xilinx_u280_xdma_201920_3,3,2,6,6144,512,Allgather,2024.535200007449,74.58252343522821,3150.4849000043578,47.92752506123459
dma_hardened2,xilinx_u280_xdma_201920_3,3,2,6,6144,512,Allgather,2046.7838000058691,73.7718092157887,3171.6857999981585,47.60715705196513
dma_hardened2,xilinx_u280_xdma_201920_3,3,2,6,6144,512,Allgather,2103.6648999938734,71.77708959275775,3142.2643999917454,48.05290859686939
dma_hardened2,xilinx_u280_xdma_201920_3,3,2,6,6144,512,Allgather,2089.417299998786,72.26653287502106,3126.9836999967993,48.287729801774965
dma_hardened2,xilinx_u280_xdma_201920_3,3,2,6,6144,512,Allgather,2093.2594999976573,72.13388688797016,3084.0559000012036,48.959859644548295
dma_hardened2,xilinx_u280_xdma_201920_3,3,2,6,6144,512,Allgather,2022.0261999952527,74.67506800869074,3174.8874000072647,47.55914934169146
dma_hardened2,xilinx_u280_xdma_201920_3,3,2,6,6144,512,Allgather,2122.6167999998324,71.13622392888433,3133.530700006304,48.186840486259236
dma_hardened2,xilinx_u280_xdma_201920_3,3,2,6,6144,512,Allgather,2113.005000001067,71.45981386694483,3173.203700009708,47.58438419807025
dma_hardened2,xilinx_u280_xdma_201920_3,3,2,6,6144,512,Allgather,2055.9736999985034,73.44206008088037,3105.388500000572,48.6235277808146
dma_hardened2,xilinx_u280_xdma_201920_3,3,2,6,6144,512,Allgather,2061.9111999963025,73.23057559426942,3110.8531999961997,48.5381129524802
dma_hardened2,xilinx_u280_xdma_201920_3,3,2,6,6144,512,Allgather,2097.660000003998,71.98256342768236,3169.0084999922874,47.64737740538326
dma_hardened2,xilinx_u280_xdma_201920_3,3,2,6,6144,512,Allgather,2132.674099993892,70.80075854085369,3022.976599993399,49.94909454487002
dma_hardened2,xilinx_u280_xdma_201920_3,3,2,6,12288,512,Allgather,3622.4124999989726,83.36706214438186,5569.665299992721,54.22047317643929
dma_hardened2,xilinx_u280_xdma_201920_3,3,2,6,12288,512,Allgather,3587.5638999982584,84.17686664762866,5588.59919999577,54.036776872499395
dma_hardened2,xilinx_u280_xdma_201920_3,3,2,6,12288,512,Allgather,3640.983299999334,82.94184925266075,5641.625099997327,53.528882661866895
dma_hardened2,xilinx_u280_xdma_201920_3,3,2,6,12288,512,Allgather,3604.0344000070945,83.79217690025531,5594.804500003647,53.976843694860676
dma_hardened2,xilinx_u280_xdma_201920_3,3,2,6,12288,512,Allgather,3636.0289000072044,83.05486460775977,5573.536800000056,54.1828104552924
dma_hardened2,xilinx_u280_xdma_201920_3,3,2,6,12288,512,Allgather,3634.0737999921657,83.09954740067498,5570.371099997828,54.213603111670196
dma_hardened2,xilinx_u280_xdma_201920_3,3,2,6,12288,512,Allgather,3628.6200999938956,83.22444336361032,5600.710599992453,53.919923661188086
dma_hardened2,xilinx_u280_xdma_201920_3,3,2,6,12288,512,Allgather,3692.560400008915,81.78333061234987,5612.824199999977,53.80355365486082
dma_hardened2,xilinx_u280_xdma_201920_3,3,2,6,12288,512,Allgather,3597.337000007883,83.94817833284405,5551.3971999971545,54.398897632501374
dma_hardened2,xilinx_u280_xdma_201920_3,3,2,6,12288,512,Allgather,3623.742399997809,83.33646674227798,5659.609700001056,53.35878338040583
dma_hardened2,xilinx_u280_xdma_201920_3,3,2,6,12288,512,Allgather,3642.928900001152,82.89755202191964,5615.7705000032365,53.77532575446699
dma_hardened2,xilinx_u280_xdma_201920_3,3,2,6,12288,512,Allgather,3632.0197000009102,83.1465446071023,5516.278200002489,54.74522441595925
dma_hardened2,xilinx_u280_xdma_201920_3,3,2,6,12288,512,Allgather,3633.0537999901935,83.12287805944827,5598.050000003241,53.94555032552856
dma_hardened2,xilinx_u280_xdma_201920_3,3,2,6,12288,512,Allgather,3642.5637999968785,82.90586097634277,5565.655599991715,54.25953557033776
dma_hardened2,xilinx_u280_xdma_201920_3,3,2,6,12288,512,Allgather,3655.5564000082086,82.61119647868705,5555.314200000794,54.360541479356264
dma_hardened2,xilinx_u280_xdma_201920_3,3,2,6,12288,512,Allgather,3639.3542000041634,82.97897687442858,5626.965300007214,53.66834019744405
dma_hardened2,xilinx_u280_xdma_201920_3,3,2,6,12288,512,Allgather,3654.446000007283,82.63629781351213,5577.830599997924,54.14110066378
dma_hardened2,xilinx_u280_xdma_201920_3,3,2,6,12288,512,Allgather,3671.814799997719,82.24540300893923,5573.048999997354,54.187552989421654
dma_hardened2,xilinx_u280_xdma_201920_3,3,2,6,12288,512,Allgather,3642.752999996901,82.90155495040617,5582.197800003996,54.09874368833434
dma_hardened2,xilinx_u280_xdma_201920_3,3,2,6,12288,512,Allgather,3638.157399996089,83.00627345049024,5531.761399993229,54.591994513785366
dma_hardened2,xilinx_u280_xdma_201920_3,3,2,6,24576,512,Allgather,6679.709800005185,90.42006226071845,10033.70220000761,60.19510684695644
dma_hardened2,xilinx_u280_xdma_201920_3,3,2,6,24576,512,Allgather,6673.345399997288,90.50629628735318,10091.555899998639,59.850015397534634
dma_hardened2,xilinx_u280_xdma_201920_3,3,2,6,24576,512,Allgather,6663.842700004352,90.63535908487239,10007.627400000274,60.35194475765389
dma_hardened2,xilinx_u280_xdma_201920_3,3,2,6,24576,512,Allgather,6683.947999999873,90.36272813612725,10058.587100002114,60.046184418870624
dma_hardened2,xilinx_u280_xdma_201920_3,3,2,6,24576,512,Allgather,6657.233900000392,90.72533503741913,10090.984099997513,59.853406765366806
dma_hardened2,xilinx_u280_xdma_201920_3,3,2,6,24576,512,Allgather,6646.83850000074,90.8672259751659,10081.153700002687,59.91177140765536
dma_hardened2,xilinx_u280_xdma_201920_3,3,2,6,24576,512,Allgather,6661.743600000136,90.66391807694124,10050.157000000581,60.09655132750315
dma_hardened2,xilinx_u280_xdma_201920_3,3,2,6,24576,512,Allgather,6648.111499998777,90.84982645073134,10005.788799992388,60.36303464654975
dma_hardened2,xilinx_u280_xdma_201920_3,3,2,6,24576,512,Allgather,6669.698700000026,90.55578117794101,10028.554200005146,60.226007054904294
dma_hardened2,xilinx_u280_xdma_201920_3,3,2,6,24576,512,Allgather,6628.1901000024845,91.12288073930976,10012.129799997638,60.3248048182658
dma_hardened2,xilinx_u280_xdma_201920_3,3,2,6,24576,512,Allgather,6634.010899995246,91.0429278915464,10186.781499999142,59.290540000298506
dma_hardened2,xilinx_u280_xdma_201920_3,3,2,6,24576,512,Allgather,6670.772999996188,90.5411975494212,10061.49350000669,60.02883925727313
dma_hardened2,xilinx_u280_xdma_201920_3,3,2,6,24576,512,Allgather,6639.304700001958,90.97033549308588,10009.62419999496,60.339905268402
dma_hardened2,xilinx_u280_xdma_201920_3,3,2,6,24576,512,Allgather,6662.0381999996425,90.65990885492558,10078.655299992079,59.92662294943996
dma_hardened2,xilinx_u280_xdma_201920_3,3,2,6,24576,512,Allgather,6627.666400004273,91.1300810191066,10051.483899997038,60.088617960197695
dma_hardened2,xilinx_u280_xdma_201920_3,3,2,6,24576,512,Allgather,6660.4975000018385,90.68088021950813,10057.930499999657,60.050104343037624
dma_hardened2,xilinx_u280_xdma_201920_3,3,2,6,24576,512,Allgather,6658.993600001395,90.7013600373296,10019.292600009067,60.2816785687498
dma_hardened2,xilinx_u280_xdma_201920_3,3,2,6,24576,512,Allgather,6641.948300000422,90.93412786726473,9993.567599997277,60.43685300134104
dma_hardened2,xilinx_u280_xdma_201920_3,3,2,6,24576,512,Allgather,6658.748899997136,90.70469318947585,10114.399700000831,59.71484160349628
dma_hardened2,xilinx_u280_xdma_201920_3,3,2,6,24576,512,Allgather,6637.851099992531,90.99025677160483,10059.239499992145,60.0422900757529
experiment,board_instance,number of nodes,rank id,number of banks,buffer size[KB],segment_size[KB],collective name,execution_time[us],throughput[Gbps],execution_time_fullpath[us],throughput_fullpath[Gbps]
dma_hardened2,xilinx_u280_xdma_201920_3,3,2,6,1,1024,Send/recv,214.27489999723548,0.03823126273821941,283.94959999786806,0.028850190315681045
dma_hardened2,xilinx_u280_xdma_201920_3,3,2,6,1,1024,Send/recv,167.60890000568907,0.04887568619400248,277.73570000135805,0.029495668003644986
dma_hardened2,xilinx_u280_xdma_201920_3,3,2,6,1,1024,Send/recv,177.68380000688921,0.04610437192182054,306.93639999981315,0.02668956826236636
dma_hardened2,xilinx_u280_xdma_201920_3,3,2,6,1,1024,Send/recv,173.03899999205896,0.04734192870032735,305.73859999094566,0.026794130673204505
dma_hardened2,xilinx_u280_xdma_201920_3,3,2,6,1,1024,Send/recv,181.108200001745,0.04523262889212675,286.0876999989159,0.028634576040951928
dma_hardened2,xilinx_u280_xdma_201920_3,3,2,6,1,1024,Send/recv,173.12850000053004,0.04731745495383441,294.9834999981249,0.027771044821327542
dma_hardened2,xilinx_u280_xdma_201920_3,3,2,6,1,1024,Send/recv,178.77720000569752,0.04582239793295188,310.95099999447484,0.02634498683119064
dma_hardened2,xilinx_u280_xdma_201920_3,3,2,6,1,1024,Send/recv,177.09150000655427,0.04625857254411877,282.69819999877654,0.028977899399555616
dma_hardened2,xilinx_u280_xdma_201920_3,3,2,6,1,1024,Send/recv,178.01679999820408,0.04601812862652651,323.644900004183,0.025311691918810157
dma_hardened2,xilinx_u280_xdma_201920_3,3,2,6,1,1024,Send/recv,167.78939999539944,0.048823108016505294,321.19989999728205,0.025504366595597693
dma_hardened2,xilinx_u280_xdma_201920_3,3,2,6,1,1024,Send/recv,176.27339999535252,0.0464732625581397,303.2418999964648,0.027014736420314947
dma_hardened2,xilinx_u280_xdma_201920_3,3,2,6,1,1024,Send/recv,183.37169999540492,0.0446742872548233,282.9087000009167,0.028956338210784804
dma_hardened2,xilinx_u280_xdma_201920_3,3,2,6,1,1024,Send/recv,174.27290000568973,0.04700673483790391,286.5100999997594,0.02859236026934785
dma_hardened2,xilinx_u280_xdma_201920_3,3,2,6,1,1024,Send/recv,175.52240000213715,0.04667210566799596,309.8153999985698,0.026441551969456065
dma_hardened2,xilinx_u280_xdma_201920_3,3,2,6,1,1024,Send/recv,175.92720000720874,0.046564715403100414,280.4556999990382,0.029209604226364785
dma_hardened2,xilinx_u280_xdma_201920_3,3,2,6,1,1024,Send/recv,172.80229999414587,0.047406776416040325,318.92929999912667,0.0256859435618566
dma_hardened2,xilinx_u280_xdma_201920_3,3,2,6,1,1024,Send/recv,169.189300004291,0.048419137615630735,294.46890000599524,0.02781957619236943
dma_hardened2,xilinx_u280_xdma_201920_3,3,2,6,1,1024,Send/recv,170.15050000281917,0.04814561226598964,288.05539999439134,0.028438973892381477
dma_hardened2,xilinx_u280_xdma_201920_3,3,2,6,1,1024,Send/recv,179.32629999677374,0.045682089019554756,310.70159999444513,0.026366133937342006
dma_hardened2,xilinx_u280_xdma_201920_3,3,2,6,1,1024,Send/recv,182.94589999641175,0.04477826505081926,297.5818999971125,0.027528556004513344
dma_hardened2,xilinx_u280_xdma_201920_3,3,2,6,6,1024,Send/recv,180.7228999950894,0.27197438731525203,290.531399991778,0.16917964805659902
dma_hardened2,xilinx_u280_xdma_201920_3,3,2,6,6,1024,Send/recv,161.2587999943571,0.30480197050777985,273.5243000074661,0.17969884210894005
dma_hardened2,xilinx_u280_xdma_201920_3,3,2,6,6,1024,Send/recv,174.37540000173612,0.28187462222028237,333.051699999487,0.1475806909259905
dma_hardened2,xilinx_u280_xdma_201920_3,3,2,6,6,1024,Send/recv,164.7067000021707,0.29842137568995203,309.32259999190137,0.1589020653559969
dma_hardened2,xilinx_u280_xdma_201920_3,3,2,6,6,1024,Send/recv,165.76299999542243,0.2965197299841179,328.08630000999983,0.1498142409436233
dma_hardened2,xilinx_u280_xdma_201920_3,3,2,6,6,1024,Send/recv,176.19519999243494,0.27896333158968223,286.3949000015964,0.17162316786970025
dma_hardened2,xilinx_u280_xdma_201920_3,3,2,6,6,1024,Send/recv,174.6111999977984,0.28149397060795495,283.28289999990375,0.17350853157750326
dma_hardened2,xilinx_u280_xdma_201920_3,3,2,6,6,1024,Send/recv,169.88400000172987,0.2893268347784341,292.5476999962484,0.1680136264979363
dma_hardened2,xilinx_u280_xdma_201920_3,3,2,6,6,1024,Send/recv,174.40159999750904,0.2818322767721284,268.2351999965249,0.18324216956102996
dma_hardened2,xilinx_u280_xdma_201920_3,3,2,6,6,1024,Send/recv,178.5293000011734,0.2753161525849087,410.55579999920155,0.11972063237225145
dma_hardened2,xilinx_u280_xdma_201920_3,3,2,6,6,1024,Send/recv,188.86080000584116,0.2602551720551846,278.3448000059252,0.17658673702168562
dma_hardened2,xilinx_u280_xdma_201920_3,3,2,6,6,1024,Send/recv,194.13060000488258,0.25319037801749844,344.07190000820265,0.14285386280840784
dma_hardened2,xilinx_u280_xdma_201920_3,3,2,6,6,1024,Send/recv,195.65339999871867,0.2512197590244887,276.7097999935686,0.17763013814885636
dma_hardened2,xilinx_u280_xdma_201920_3,3,2,6,6,1024,Send/recv,166.65769999235636,0.2949278671327777,285.91730000471216,0.17190984945363547
dma_hardened2,xilinx_u280_xdma_201920_3,3,2,6,6,1024,Send/recv,190.34439999359165,0.25822666703961245,322.4100000011276,0.15245184702654413
dma_hardened2,xilinx_u280_xdma_201920_3,3,2,6,6,1024,Send/recv,178.2849000051101,0.2756935668617543,259.6520999986751,0.18929945107415191
dma_hardened2,xilinx_u280_xdma_201920_3,3,2,6,6,1024,Send/recv,199.5136999994429,0.24635902196258827,283.75430000551205,0.17322028247341167
dma_hardened2,xilinx_u280_xdma_201920_3,3,2,6,6,1024,Send/recv,188.0367000012484,0.2613957807155394,264.80349999928876,0.18561688195258755
dma_hardened2,xilinx_u280_xdma_201920_3,3,2,6,6,1024,Send/recv,215.03189999521055,0.22858003859471443,324.1398999989542,0.1516382278150841
dma_hardened2,xilinx_u280_xdma_201920_3,3,2,6,6,1024,Send/recv,186.05950000392113,0.26417355737795783,333.7554999916392,0.14726948320321698
dma_hardened2,xilinx_u280_xdma_201920_3,3,2,6,12,1024,Send/recv,221.50239999518817,0.4438055750282413,289.04510000984374,0.34009917482307145
dma_hardened2,xilinx_u280_xdma_201920_3,3,2,6,12,1024,Send/recv,197.62629999604542,0.4974236728713086,319.2110999975739,0.3079592157063058
dma_hardened2,xilinx_u280_xdma_201920_3,3,2,6,12,1024,Send/recv,174.40020000094592,0.5636690783580914,288.1117000015365,0.34120099947164845
dma_hardened2,xilinx_u280_xdma_201920_3,3,2,6,12,1024,Send/recv,179.26920000945756,0.5483596735792532,285.0499000032869,0.3448659339956494
dma_hardened2,xilinx_u280_xdma_201920_3,3,2,6,12,1024,Send/recv,186.94670000058977,0.5258397179500354,281.2729999959629,0.34949675227060883
dma_hardened2,xilinx_u280_xdma_201920_3,3,2,6,12,1024,Send/recv,188.34400000287133,0.5219385804618217,303.30450000519704,0.32410992912507264
dma_hardened2,xilinx_u280_xdma_201920_3,3,2,6,12,1024,Send/recv,203.29650000121546,0.4835498889524033,288.83489999316225,0.34034668248998723
dma_hardened2,xilinx_u280_xdma_201920_3,3,2,6,12,1024,Send/recv,215.23440000237315,0.45672996509348,290.9349999981714,0.33788990668231
dma_hardened2,xilinx_u280_xdma_201920_3,3,2,6,12,1024,Send/recv,184.17040000713314,0.5337665552998341,289.3311999969228,0.3397628738312547
dma_hardened2,xilinx_u280_xdma_201920_3,3,2,6,12,1024,Send/recv,183.26790000173787,0.5363950806391508,298.63379999142126,0.3291790815467771
dma_hardened2,xilinx_u280_xdma_201920_3,3,2,6,12,1024,Send/recv,235.2585000039653,0.4178552528318555,278.6614000001464,0.35277221746516874
dma_hardened2,xilinx_u280_xdma_201920_3,3,2,6,12,1024,Send/recv,166.1599000044589,0.591622888539064,270.0665000020308,0.3639992372221686
dma_hardened2,xilinx_u280_xdma_201920_3,3,2,6,12,1024,Send/recv,195.69280000268918,0.5023383588903073,351.18130000455494,0.27992378864912504
dma_hardened2,xilinx_u280_xdma_201920_3,3,2,6,12,1024,Send/recv,194.23630000119374,0.5061051924866559,279.21449999439574,0.3520734059369163
dma_hardened2,xilinx_u280_xdma_201920_3,3,2,6,12,1024,Send/recv,186.50499999921522,0.5270850647457904,295.20949999550794,0.3329974137061844
dma_hardened2,xilinx_u280_xdma_201920_3,3,2,6,12,1024,Send/recv,195.6023000047935,0.5025707775296657,273.2808000018849,0.3597179165141567
dma_hardened2,xilinx_u280_xdma_201920_3,3,2,6,12,1024,Send/recv,190.16210000017963,0.5169484350451912,284.20910000477306,0.3458861802748366
dma_hardened2,xilinx_u280_xdma_201920_3,3,2,6,12,1024,Send/recv,183.26870000464623,0.5363927391720889,272.65439999837326,0.36054433744911696
dma_hardened2,xilinx_u280_xdma_201920_3,3,2,6,12,1024,Send/recv,186.21530000473285,0.5279050647154209,293.00479999392337,0.33550303613469373
dma_hardened2,xilinx_u280_xdma_201920_3,3,2,6,12,1024,Send/recv,219.78150000450114,0.44728059458137615,319.578599999204,0.3076050774371151
dma_hardened2,xilinx_u280_xdma_201920_3,3,2,6,24,1024,Send/recv,185.2357999950982,1.0613931000659846,284.46940000321774,0.6911393633121035
dma_hardened2,xilinx_u280_xdma_201920_3,3,2,6,24,1024,Send/recv,204.19149999497677,0.9628608438883924,280.55059999587684,0.7007933684793027
dma_hardened2,xilinx_u280_xdma_201920_3,3,2,6,24,1024,Send/recv,198.21649999585134,0.9918851357183434,321.61120000182564,0.611321993757941
dma_hardened2,xilinx_u280_xdma_201920_3,3,2,6,24,1024,Send/recv,189.2585000064173,1.0388331303129503,293.1250000074215,0.6707309168273679
dma_hardened2,xilinx_u280_xdma_201920_3,3,2,6,24,1024,Send/recv,225.05829999772686,0.8735869772498316,311.2868000016533,0.6315976135157538
dma_hardened2,xilinx_u280_xdma_201920_3,3,2,6,24,1024,Send/recv,219.58059999178658,0.8953796465049924,281.7347000018344,0.69784801090785
dma_hardened2,xilinx_u280_xdma_201920_3,3,2,6,24,1024,Send/recv,189.7600000006605,1.0360876897097158,293.60180000139735,0.6696416711309817
dma_hardened2,xilinx_u280_xdma_201920_3,3,2,6,24,1024,Send/recv,189.9690000072951,1.0349478072340748,317.24490000897276,0.6197357309587618
dma_hardened2,xilinx_u280_xdma_201920_3,3,2,6,24,1024,Send/recv,200.47880000220175,0.9806922228078019,297.1161999994365,0.6617209024629854
dma_hardened2,xilinx_u280_xdma_201920_3,3,2,6,24,1024,Send/recv,198.31050000220785,0.9914149780158444,339.07210000734267,0.5798412785827629
dma_hardened2,xilinx_u280_xdma_201920_3,3,2,6,24,1024,Send/recv,199.54289999759567,0.9852918846141304,324.1822000063621,0.6064737669006551
dma_hardened2,xilinx_u280_xdma_201920_3,3,2,6,24,1024,Send/recv,193.02410000818782,1.0185671115247275,311.41690000140443,0.6313337522758505
dma_hardened2,xilinx_u280_xdma_201920_3,3,2,6,24,1024,Send/recv,181.6502999986369,1.0823433817696713,324.53540000005887,0.605813726329899
dma_hardened2,xilinx_u280_xdma_201920_3,3,2,6,24,1024,Send/recv,218.93790000149238,0.8980080652945873,306.6789000058634,0.641087469650638
dma_hardened2,xilinx_u280_xdma_201920_3,3,2,6,24,1024,Send/recv,196.73430000466396,0.9993580173632103,304.5375999931821,0.6455951580507681
dma_hardened2,xilinx_u280_xdma_201920_3,3,2,6,24,1024,Send/recv,193.40549999924406,1.0165584742976206,309.8362000059751,0.6345546453132607
dma_hardened2,xilinx_u280_xdma_201920_3,3,2,6,24,1024,Send/recv,192.51910000548378,1.0212389315886048,297.2806999991917,0.6613547398150454
dma_hardened2,xilinx_u280_xdma_201920_3,3,2,6,24,1024,Send/recv,195.96759999558344,1.0032678871631382,329.19870000114315,0.5972320060781445
dma_hardened2,xilinx_u280_xdma_201920_3,3,2,6,24,1024,Send/recv,184.34109999816428,1.0665445741723245,311.91020000278513,0.6303352695687555
dma_hardened2,xilinx_u280_xdma_201920_3,3,2,6,24,1024,Send/recv,189.14180000138003,1.0394740876874677,312.62329999890426,0.6288974622195119
dma_hardened2,xilinx_u280_xdma_201920_3,3,2,6,48,1024,Send/recv,222.4814999976843,1.7674098745472895,305.6269000012435,1.286588320590891
dma_hardened2,xilinx_u280_xdma_201920_3,3,2,6,48,1024,Send/recv,216.4061000030415,1.8170282630409842,306.218599996555,1.2841022720514812
dma_hardened2,xilinx_u280_xdma_201920_3,3,2,6,48,1024,Send/recv,215.86169999636695,1.8216107813781601,324.64109999637003,1.2112329585021635
dma_hardened2,xilinx_u280_xdma_201920_3,3,2,6,48,1024,Send/recv,201.46429999385873,1.9517899697960703,277.0693999991636,1.4191967788618558
dma_hardened2,xilinx_u280_xdma_201920_3,3,2,6,48,1024,Send/recv,189.4329000037942,2.075753472560068,344.7878999963905,1.1404576552834846
dma_hardened2,xilinx_u280_xdma_201920_3,3,2,6,48,1024,Send/recv,182.47609999662018,2.1548904213060402,292.0326999969802,1.346479349757976
dma_hardened2,xilinx_u280_xdma_201920_3,3,2,6,48,1024,Send/recv,206.65910000161603,1.9027277288874536,303.3178999999109,1.2963824423158528
dma_hardened2,xilinx_u280_xdma_201920_3,3,2,6,48,1024,Send/recv,193.9225000000988,2.0276966313852167,308.0469999986235,1.276480537066607
dma_hardened2,xilinx_u280_xdma_201920_3,3,2,6,48,1024,Send/recv,202.1680999973796,1.9449952787066636,294.9925999928382,1.332969030441938
dma_hardened2,xilinx_u280_xdma_201920_3,3,2,6,48,1024,Send/recv,192.02219999669978,2.0477632274120285,327.7974999946309,1.1995698564096449
dma_hardened2,xilinx_u280_xdma_201920_3,3,2,6,48,1024,Send/recv,198.31319999639163,1.982802960202118,324.4359999939661,1.211998668481035
dma_hardened2,xilinx_u280_xdma_201920_3,3,2,6,48,1024,Send/recv,182.2157999981755,2.157968738188111,321.62290000314897,1.2225995101597247
dma_hardened2,xilinx_u280_xdma_201920_3,3,2,6,48,1024,Send/recv,223.38329999911366,1.7602748280715712,294.7670000025937,1.3339892185914297
dma_hardened2,xilinx_u280_xdma_201920_3,3,2,6,48,1024,Send/recv,218.71280000596016,1.7978645968104494,315.945499994541,1.2445690791823085
dma_hardened2,xilinx_u280_xdma_201920_3,3,2,6,48,1024,Send/recv,192.87090000261742,2.0387523467493733,332.18940000097064,1.1837102568560316
dma_hardened2,xilinx_u280_xdma_201920_3,3,2,6,48,1024,Send/recv,234.2930999930104,1.6783080680213405,306.90920000324695,1.281212814721227
dma_hardened2,xilinx_u280_xdma_201920_3,3,2,6,48,1024,Send/recv,176.9978999959676,2.2215856798807123,306.0957000002418,1.2846178499067105
dma_hardened2,xilinx_u280_xdma_201920_3,3,2,6,48,1024,Send/recv,179.51920000314203,2.1903840925823963,349.8823999962042,1.1238518999648623
dma_hardened2,xilinx_u280_xdma_201920_3,3,2,6,48,1024,Send/recv,224.94930000220847,1.7480205539476652,312.50709999994797,1.2582626122736587
dma_hardened2,xilinx_u280_xdma_201920_3,3,2,6,48,1024,Send/recv,189.3427000027259,2.076742330147077,344.1095000084715,1.1427060281402273
dma_hardened2,xilinx_u280_xdma_201920_3,3,2,6,96,1024,Send/recv,217.81450000162295,3.6105585256910824,343.41240000230755,2.2900512619658335
dma_hardened2,xilinx_u280_xdma_201920_3,3,2,6,96,1024,Send/recv,197.3894000002474,3.9841653097836778,311.8129000085901,2.522127852883363
dma_hardened2,xilinx_u280_xdma_201920_3,3,2,6,96,1024,Send/recv,230.2058999930523,3.4162113135403342,333.28929999925094,2.3596077041830252
dma_hardened2,xilinx_u280_xdma_201920_3,3,2,6,96,1024,Send/recv,195.9813999974358,4.012788968801578,349.6143999996093,2.2494267970680806
dma_hardened2,xilinx_u280_xdma_201920_3,3,2,6,96,1024,Send/recv,207.58940000860093,3.788401527088648,383.3169000017733,2.0516496924512375
dma_hardened2,xilinx_u280_xdma_201920_3,3,2,6,96,1024,Send/recv,207.65440000332092,3.787215681379364,358.9642000065396,2.190836857786021
dma_hardened2,xilinx_u280_xdma_201920_3,3,2,6,96,1024,Send/recv,201.42959999702725,3.9042524038751325,366.2331000100494,2.1473536935313065
dma_hardened2,xilinx_u280_xdma_201920_3,3,2,6,96,1024,Send/recv,209.1575000008561,3.7599990437674053,377.5345999997626,2.0830726508258963
dma_hardened2,xilinx_u280_xdma_201920_3,3,2,6,96,1024,Send/recv,208.45099999178274,3.7727427550407606,321.29030000760395,2.447730292453235
dma_hardened2,xilinx_u280_xdma_201920_3,3,2,6,96,1024,Send/recv,207.62599999670783,3.7877337135641485,346.46220000240646,2.2698926462815785
dma_hardened2,xilinx_u280_xdma_201920_3,3,2,6,96,1024,Send/recv,216.58299999671726,3.631088312618811,348.0302999946616,2.2596653222781553
dma_hardened2,xilinx_u280_xdma_201920_3,3,2,6,96,1024,Send/recv,248.16259999624887,3.169019022253504,346.7713999953048,2.26786868816358
dma_hardened2,xilinx_u280_xdma_201920_3,3,2,6,96,1024,Send/recv,235.26130000846024,3.342802237221843,318.6769000080858,2.4678035966210476
dma_hardened2,xilinx_u280_xdma_201920_3,3,2,6,96,1024,Send/recv,209.097100002964,3.761085160859965,351.73570000779364,2.2358606191597117
dma_hardened2,xilinx_u280_xdma_201920_3,3,2,6,96,1024,Send/recv,219.6507999997266,3.580373939002175,363.8927999986663,2.1611639471923665
dma_hardened2,xilinx_u280_xdma_201920_3,3,2,6,96,1024,Send/recv,215.59299999580617,3.6477622186958674,315.536699997665,2.4923630119913773
dma_hardened2,xilinx_u280_xdma_201920_3,3,2,6,96,1024,Send/recv,205.64600000625433,3.824202756076375,376.11100000276565,2.0909571908139273
dma_hardened2,xilinx_u280_xdma_201920_3,3,2,6,96,1024,Send/recv,233.86389999586754,3.362776384101593,355.21410000001197,2.2139661685726257
dma_hardened2,xilinx_u280_xdma_201920_3,3,2,6,96,1024,Send/recv,233.98360000328466,3.3610560739682613,352.6844000020901,2.2298462874891527
dma_hardened2,xilinx_u280_xdma_201920_3,3,2,6,96,1024,Send/recv,200.73330000514034,3.9177954030540088,337.6156000058472,2.3293710361321565
dma_hardened2,xilinx_u280_xdma_201920_3,3,2,6,192,1024,Send/recv,245.47120000306677,6.407529681609694,379.6249999936663,4.1432044781725175
dma_hardened2,xilinx_u280_xdma_201920_3,3,2,6,192,1024,Send/recv,238.43569999826286,6.596596063473126,380.9559000046647,4.128729860807355
dma_hardened2,xilinx_u280_xdma_201920_3,3,2,6,192,1024,Send/recv,247.71719999989728,6.349433951298708,375.12129999868193,4.192947721191856
dma_hardened2,xilinx_u280_xdma_201920_3,3,2,6,192,1024,Send/recv,209.2842000024575,7.515445504159085,399.2277000065769,3.939766704499934
dma_hardened2,xilinx_u280_xdma_201920_3,3,2,6,192,1024,Send/recv,249.93900000254143,6.292991489859553,387.3693000059575,4.060373395557702
dma_hardened2,xilinx_u280_xdma_201920_3,3,2,6,192,1024,Send/recv,241.6463000031399,6.5089513060186,377.20540000236724,4.169781238524499
dma_hardened2,xilinx_u280_xdma_201920_3,3,2,6,192,1024,Send/recv,223.92910000235133,7.023937487282735,378.23600000592705,4.1584196109713325
dma_hardened2,xilinx_u280_xdma_201920_3,3,2,6,192,1024,Send/recv,221.67419999732374,7.095385931330705,387.51299999830735,4.0588677025206135
dma_hardened2,xilinx_u280_xdma_201920_3,3,2,6,192,1024,Send/recv,232.74449999917124,6.757899757053768,416.14770000251156,3.7795811438835476
dma_hardened2,xilinx_u280_xdma_201920_3,3,2,6,192,1024,Send/recv,225.6886000054692,6.969177884757512,396.26919999591337,3.969180547002443
dma_hardened2,xilinx_u280_xdma_201920_3,3,2,6,192,1024,Send/recv,242.37239999820304,6.489451769308969,404.5990999998139,3.8874629231768516
dma_hardened2,xilinx_u280_xdma_201920_3,3,2,6,192,1024,Send/recv,223.1488999996145,7.048495421679054,392.9270999947221,4.002941003613971
dma_hardened2,xilinx_u280_xdma_201920_3,3,2,6,192,1024,Send/recv,232.28649999964546,6.771224328587329,423.51710000048115,3.7138146251903716
dma_hardened2,xilinx_u280_xdma_201920_3,3,2,6,192,1024,Send/recv,215.6361999936962,7.294062870918613,401.82079999340203,3.9143419156644623
dma_hardened2,xilinx_u280_xdma_201920_3,3,2,6,192,1024,Send/recv,224.61870000825002,7.002373355122393,380.7316000006722,4.131162215054446
dma_hardened2,xilinx_u280_xdma_201920_3,3,2,6,192,1024,Send/recv,232.66120000471346,6.760319296763429,412.3452000044381,3.8144350897817443
dma_hardened2,xilinx_u280_xdma_201920_3,3,2,6,192,1024,Send/recv,242.9915999982768,6.472915113160925,423.5810000068341,3.7132543715950987
dma_hardened2,xilinx_u280_xdma_201920_3,3,2,6,192,1024,Send/recv,267.0208000040475,5.890417525436815,393.53859999664564,3.9967210332440235
dma_hardened2,xilinx_u280_xdma_201920_3,3,2,6,192,1024,Send/recv,237.90419999158985,6.611333469756324,406.13429999893924,3.8727681951613246
dma_hardened2,xilinx_u280_xdma_201920_3,3,2,6,192,1024,Send/recv,248.56440001030933,6.327792716635064,385.2047999998831,4.083188994530902
dma_hardened2,xilinx_u280_xdma_201920_3,3,2,6,384,1024,Send/recv,269.54809999324425,11.670377198276826,509.1888999913863,6.177919432362361
dma_hardened2,xilinx_u280_xdma_201920_3,3,2,6,384,1024,Send/recv,321.1673000009796,9.794670877111106,512.5880000036886,6.136952094035293
dma_hardened2,xilinx_u280_xdma_201920_3,3,2,6,384,1024,Send/recv,296.82000000548214,10.59809985830436,536.8740999983856,5.859340206594915
dma_hardened2,xilinx_u280_xdma_201920_3,3,2,6,384,1024,Send/recv,299.00800000177696,10.520547945142956,528.9342000082797,5.947295523622329
dma_hardened2,xilinx_u280_xdma_201920_3,3,2,6,384,1024,Send/recv,284.10639999947307,11.072358806439539,535.9270999974797,5.8696938445822076
dma_hardened2,xilinx_u280_xdma_201920_3,3,2,6,384,1024,Send/recv,286.1743000039496,10.992349767105518,535.3788000093118,5.875705201523269
dma_hardened2,xilinx_u280_xdma_201920_3,3,2,6,384,1024,Send/recv,300.3902000045855,10.472139237405148,544.9858000019958,5.772128374699817
dma_hardened2,xilinx_u280_xdma_201920_3,3,2,6,384,1024,Send/recv,267.3224000091068,11.767543609861484,528.2046000047558,5.955510421476218
dma_hardened2,xilinx_u280_xdma_201920_3,3,2,6,384,1024,Send/recv,270.90170000292346,11.612064449820922,531.6066999967006,5.917397203646086
dma_hardened2,xilinx_u280_xdma_201920_3,3,2,6,384,1024,Send/recv,323.8859000020966,9.712457380761672,510.8560999929068,6.157757536894789
dma_hardened2,xilinx_u280_xdma_201920_3,3,2,6,384,1024,Send/recv,290.81650000080117,10.816882810952384,497.38310000293495,6.324557468843308
dma_hardened2,xilinx_u280_xdma_201920_3,3,2,6,384,1024,Send/recv,304.37310000479556,10.335105171746246,516.8018999938795,6.086912606237042
dma_hardened2,xilinx_u280_xdma_201920_3,3,2,6,384,1024,Send/recv,284.23799999472976,11.067232389963083,526.3818000003084,5.976133673311192
dma_hardened2,xilinx_u280_xdma_201920_3,3,2,6,384,1024,Send/recv,294.68080000469854,10.675035495864822,518.77199999808,6.063796812494974
dma_hardened2,xilinx_u280_xdma_201920_3,3,2,6,384,1024,Send/recv,290.44639999256106,10.830666174828018,521.4827999907357,6.032275657137465
dma_hardened2,xilinx_u280_xdma_201920_3,3,2,6,384,1024,Send/recv,322.9685000064819,9.74004585566972,493.88909999379393,6.3693003146648275
dma_hardened2,xilinx_u280_xdma_201920_3,3,2,6,384,1024,Send/recv,304.464700002427,10.331995794504008,541.7424000029314,5.806685982088496
dma_hardened2,xilinx_u280_xdma_201920_3,3,2,6,384,1024,Send/recv,274.44030000651765,11.462339896601527,529.1830999908598,5.944498227653782
dma_hardened2,xilinx_u280_xdma_201920_3,3,2,6,384,1024,Send/recv,289.3333999963943,10.872329292225517,526.0640999949828,5.9797427728484065
dma_hardened2,xilinx_u280_xdma_201920_3,3,2,6,384,1024,Send/recv,285.055699998793,11.035485345542364,571.5602999998737,5.503755246822943
dma_hardened2,xilinx_u280_xdma_201920_3,3,2,6,768,1024,Send/recv,439.6308000082172,14.310771674510534,709.8933999941437,8.862536262559845
dma_hardened2,xilinx_u280_xdma_201920_3,3,2,6,768,1024,Send/recv,438.3017000009204,14.354167460420046,714.0775000038957,8.810606691802608
dma_hardened2,xilinx_u280_xdma_201920_3,3,2,6,768,1024,Send/recv,435.2982999989763,14.453205996933129,726.6472999958751,8.658197725410545
dma_hardened2,xilinx_u280_xdma_201920_3,3,2,6,768,1024,Send/recv,406.80360000351357,15.465585850139135,710.8356999992793,8.850787882497148
dma_hardened2,xilinx_u280_xdma_201920_3,3,2,6,768,1024,Send/recv,447.98619999255607,14.043861172742691,739.4198999918444,8.50863764968916
dma_hardened2,xilinx_u280_xdma_201920_3,3,2,6,768,1024,Send/recv,436.54309999965335,14.411992767735867,721.9670000040423,8.714326278022089
dma_hardened2,xilinx_u280_xdma_201920_3,3,2,6,768,1024,Send/recv,435.70270000827804,14.439791169254786,717.3702000045523,8.770166365929441
dma_hardened2,xilinx_u280_xdma_201920_3,3,2,6,768,1024,Send/recv,423.46209999095663,14.857187928115312,725.6631000018388,8.669940637720256
dma_hardened2,xilinx_u280_xdma_201920_3,3,2,6,768,1024,Send/recv,435.68440000854025,14.440397682076005,714.61160000581,8.804021653089382
dma_hardened2,xilinx_u280_xdma_201920_3,3,2,6,768,1024,Send/recv,442.7045000056751,14.211411900984402,741.3360999976248,8.486644586740288
dma_hardened2,xilinx_u280_xdma_201920_3,3,2,6,768,1024,Send/recv,450.73009999896385,13.95836665892618,718.0626000035772,8.761709633628957
dma_hardened2,xilinx_u280_xdma_201920_3,3,2,6,768,1024,Send/recv,434.25759999990987,14.48784316037602,697.8570999990552,9.015392979463156
dma_hardened2,xilinx_u280_xdma_201920_3,3,2,6,768,1024,Send/recv,410.7621000002837,15.31654454000419,738.7903999983791,8.515887591411316
dma_hardened2,xilinx_u280_xdma_201920_3,3,2,6,768,1024,Send/recv,441.93929999210013,14.236018385584769,710.6743999997889,8.852796723790627
dma_hardened2,xilinx_u280_xdma_201920_3,3,2,6,768,1024,Send/recv,451.2557999987621,13.942105564110776,741.3066000026447,8.48698230931379
dma_hardened2,xilinx_u280_xdma_201920_3,3,2,6,768,1024,Send/recv,444.50870000218856,14.15372972445539,731.0156000016832,8.606459287579517
dma_hardened2,xilinx_u280_xdma_201920_3,3,2,6,768,1024,Send/recv,446.57309999820427,14.088300437319889,705.5927999999767,8.91655357027482
dma_hardened2,xilinx_u280_xdma_201920_3,3,2,6,768,1024,Send/recv,429.2529000053946,14.656758288461027,747.0143999967149,8.422134834385613
dma_hardened2,xilinx_u280_xdma_201920_3,3,2,6,768,1024,Send/recv,427.7862999970239,14.70700674622766,692.1618999967905,9.089572829751498
dma_hardened2,xilinx_u280_xdma_201920_3,3,2,6,768,1024,Send/recv,454.6199000060369,13.838936658770228,723.6542000100599,8.694008823430499
dma_hardened2,xilinx_u280_xdma_201920_3,3,2,6,1536,1024,Send/recv,597.316599998976,21.06573297983276,1045.292900005279,12.037690105745913
dma_hardened2,xilinx_u280_xdma_201920_3,3,2,6,1536,1024,Send/recv,562.1538999889708,22.38339358714201,1000.45259999888,12.577219550445554
dma_hardened2,xilinx_u280_xdma_201920_3,3,2,6,1536,1024,Send/recv,621.6189000042505,20.24216445142508,982.3313000083544,12.809234521889902
dma_hardened2,xilinx_u280_xdma_201920_3,3,2,6,1536,1024,Send/recv,603.6764999976185,20.843799617923903,1053.0003999974724,11.949579506361255
dma_hardened2,xilinx_u280_xdma_201920_3,3,2,6,1536,1024,Send/recv,576.9630000031611,21.808871625963985,1028.2023999934609,12.237777309292436
dma_hardened2,xilinx_u280_xdma_201920_3,3,2,6,1536,1024,Send/recv,611.1850000024788,20.58773039251449,1011.7571000023418,12.436692561851928
dma_hardened2,xilinx_u280_xdma_201920_3,3,2,6,1536,1024,Send/recv,616.666299993085,20.404734294935686,1005.2276999999777,12.517474399084186
dma_hardened2,xilinx_u280_xdma_201920_3,3,2,6,1536,1024,Send/recv,595.1986000013676,21.14069488733859,1045.0380999941444,12.040625121773555
dma_hardened2,xilinx_u280_xdma_201920_3,3,2,6,1536,1024,Send/recv,589.4356999988304,21.34738700086365,1021.6535000040494,12.31622267231515
dma_hardened2,xilinx_u280_xdma_201920_3,3,2,6,1536,1024,Send/recv,581.9732999952976,21.621115608055682,996.1880999981078,12.631060338929867
dma_hardened2,xilinx_u280_xdma_201920_3,3,2,6,1536,1024,Send/recv,628.2112000008055,20.029747957349162,1000.5186999933358,12.57638862730283
dma_hardened2,xilinx_u280_xdma_201920_3,3,2,6,1536,1024,Send/recv,594.6875999939039,21.158860551538297,1014.5009999973809,12.403055295196836
dma_hardened2,xilinx_u280_xdma_201920_3,3,2,6,1536,1024,Send/recv,593.3164999987639,21.207756736962843,1036.8285000026845,12.135962697753218
dma_hardened2,xilinx_u280_xdma_201920_3,3,2,6,1536,1024,Send/recv,628.5959000024377,20.01748977355914,975.3217000024961,12.901294003781313
dma_hardened2,xilinx_u280_xdma_201920_3,3,2,6,1536,1024,Send/recv,602.6408000025185,20.879621824389275,1038.0873000030988,12.121246450045616
dma_hardened2,xilinx_u280_xdma_201920_3,3,2,6,1536,1024,Send/recv,569.7736000001896,22.08405584252379,1058.589399997345,11.886489700380109
dma_hardened2,xilinx_u280_xdma_201920_3,3,2,6,1536,1024,Send/recv,620.1855999961481,20.28894576087892,1015.3998999953728,12.392075279953582
dma_hardened2,xilinx_u280_xdma_201920_3,3,2,6,1536,1024,Send/recv,606.1697000063759,20.758068243707413,1032.5438999984726,12.186321569493183
dma_hardened2,xilinx_u280_xdma_201920_3,3,2,6,1536,1024,Send/recv,616.1456999961956,20.421974867434265,1034.4057999986944,12.164386549278708
dma_hardened2,xilinx_u280_xdma_201920_3,3,2,6,1536,1024,Send/recv,587.0017000006555,21.435903848295407,1035.14529999984,12.155696403202471
dma_hardened2,xilinx_u280_xdma_201920_3,3,2,6,3072,1024,Send/recv,814.3263999954797,30.903853786564813,1709.1689999915616,14.724011493377336
dma_hardened2,xilinx_u280_xdma_201920_3,3,2,6,3072,1024,Send/recv,802.9825999983586,31.340435023189098,1635.8280999952513,15.384149471495848
dma_hardened2,xilinx_u280_xdma_201920_3,3,2,6,3072,1024,Send/recv,780.0753000083205,32.26076251835121,1666.7984000036995,15.098301030253054
dma_hardened2,xilinx_u280_xdma_201920_3,3,2,6,3072,1024,Send/recv,788.0346999968424,31.93491860206262,1709.3230000000403,14.722684946027993
dma_hardened2,xilinx_u280_xdma_201920_3,3,2,6,3072,1024,Send/recv,763.824000000568,32.947150128800985,1745.0086000053489,14.421604569698316
dma_hardened2,xilinx_u280_xdma_201920_3,3,2,6,3072,1024,Send/recv,773.7956000028134,32.52257314452098,1711.3857000026655,14.704939979316645
dma_hardened2,xilinx_u280_xdma_201920_3,3,2,6,3072,1024,Send/recv,794.788099995003,31.663564162772722,1695.361800000228,14.84392534973751
dma_hardened2,xilinx_u280_xdma_201920_3,3,2,6,3072,1024,Send/recv,793.2613999969362,31.724503423584203,1667.6867000001039,15.090258859771703
dma_hardened2,xilinx_u280_xdma_201920_3,3,2,6,3072,1024,Send/recv,775.5408999969404,32.44938339177119,1670.8188999928097,15.061969911944557
dma_hardened2,xilinx_u280_xdma_201920_3,3,2,6,3072,1024,Send/recv,810.5319000037525,31.04852998368539,1634.1132999968977,15.400293235510523
dma_hardened2,xilinx_u280_xdma_201920_3,3,2,6,3072,1024,Send/recv,808.0717999973785,31.143054367299587,1696.7102999956296,14.832127794629892
dma_hardened2,xilinx_u280_xdma_201920_3,3,2,6,3072,1024,Send/recv,815.5869999995957,30.856087701266052,1703.262299997732,14.775072518210207
dma_hardened2,xilinx_u280_xdma_201920_3,3,2,6,3072,1024,Send/recv,818.3170999927825,30.753144472016974,1668.718500002342,15.080928269186614
dma_hardened2,xilinx_u280_xdma_201920_3,3,2,6,3072,1024,Send/recv,867.8698000039731,28.99723437765065,1699.816899997586,14.805020470166959
dma_hardened2,xilinx_u280_xdma_201920_3,3,2,6,3072,1024,Send/recv,823.5076999994817,30.559306245728898,1727.8020999924593,14.565223644600174
dma_hardened2,xilinx_u280_xdma_201920_3,3,2,6,3072,1024,Send/recv,804.5100000003913,31.280933736047732,1750.644900005227,14.375173400342273
dma_hardened2,xilinx_u280_xdma_201920_3,3,2,6,3072,1024,Send/recv,842.2071999916625,29.880798929585417,1719.1878000062388,14.638205319924138
dma_hardened2,xilinx_u280_xdma_201920_3,3,2,6,3072,1024,Send/recv,835.2476000027309,30.12977708636064,1695.810100000017,14.840001247781075
dma_hardened2,xilinx_u280_xdma_201920_3,3,2,6,3072,1024,Send/recv,810.0987000034365,31.065133174381398,1702.5139999987005,14.781566553942705
dma_hardened2,xilinx_u280_xdma_201920_3,3,2,6,3072,1024,Send/recv,844.9512000083814,29.783760292606686,1753.06940000155,14.355292494397396
dma_hardened2,xilinx_u280_xdma_201920_3,3,2,6,6144,1024,Send/recv,1324.6177999917563,37.9971098080618,2975.5421999993814,16.91511819258032
dma_hardened2,xilinx_u280_xdma_201920_3,3,2,6,6144,1024,Send/recv,1334.007200000542,37.72966742606753,2915.5526999943504,17.26315837134329
dma_hardened2,xilinx_u280_xdma_201920_3,3,2,6,6144,1024,Send/recv,1297.7662000025703,38.783293939925635,2868.1957999992846,17.548191096302613
dma_hardened2,xilinx_u280_xdma_201920_3,3,2,6,6144,1024,Send/recv,1302.5588000004973,38.64059572587493,2983.1729999955314,16.87185020784091
dma_hardened2,xilinx_u280_xdma_201920_3,3,2,6,6144,1024,Send/recv,1289.80340000453,39.02272858004812,2966.2785000027725,16.96794417650027
dma_hardened2,xilinx_u280_xdma_201920_3,3,2,6,6144,1024,Send/recv,1263.8778999985334,39.823188616604824,2863.4829999987232,17.577072397504175
dma_hardened2,xilinx_u280_xdma_201920_3,3,2,6,6144,1024,Send/recv,1293.5642999991614,38.909274165986666,2953.5488999954396,17.041074891320644
dma_hardened2,xilinx_u280_xdma_201920_3,3,2,6,6144,1024,Send/recv,1279.2247999982465,39.345428575234784,2945.6120999952873,17.086991189396773
dma_hardened2,xilinx_u280_xdma_201920_3,3,2,6,6144,1024,Send/recv,1310.8866000038688,38.39511976081795,2940.2638000078696,17.11807219470079
dma_hardened2,xilinx_u280_xdma_201920_3,3,2,6,6144,1024,Send/recv,1294.5949000027213,38.87829930420258,2969.159299993862,16.95148118193054
dma_hardened2,xilinx_u280_xdma_201920_3,3,2,6,6144,1024,Send/recv,1279.6038999908887,39.33377195893071,2925.1694000095085,17.20640452475552
dma_hardened2,xilinx_u280_xdma_201920_3,3,2,6,6144,1024,Send/recv,1268.585200000416,39.67541793801748,2987.428500000533,16.847816776197664
dma_hardened2,xilinx_u280_xdma_201920_3,3,2,6,6144,1024,Send/recv,1294.9138999942988,38.8687216966484,2886.621900006503,17.436176175302563
dma_hardened2,xilinx_u280_xdma_201920_3,3,2,6,6144,1024,Send/recv,1293.0013999948642,38.9262130730871,2916.6917999987163,17.256416327574325
dma_hardened2,xilinx_u280_xdma_201920_3,3,2,6,6144,1024,Send/recv,1314.0937999992275,38.30141196924419,2917.215600007239,17.25331785551781
dma_hardened2,xilinx_u280_xdma_201920_3,3,2,6,6144,1024,Send/recv,1289.7567999971216,39.02413850433844,2887.2863000060534,17.432163897253442
dma_hardened2,xilinx_u280_xdma_201920_3,3,2,6,6144,1024,Send/recv,1256.2572999968324,40.06476061880549,2896.9341999982134,17.374108117481935
dma_hardened2,xilinx_u280_xdma_201920_3,3,2,6,6144,1024,Send/recv,1305.2324000000226,38.561445455996285,2881.812099997205,17.465277489829685
dma_hardened2,xilinx_u280_xdma_201920_3,3,2,6,6144,1024,Send/recv,1315.267900008621,38.26722145326446,2939.090600000327,17.124905234290633
dma_hardened2,xilinx_u280_xdma_201920_3,3,2,6,6144,1024,Send/recv,1320.6176000039704,38.11220447149022,2968.252499999835,16.956659852894184
dma_hardened2,xilinx_u280_xdma_201920_3,3,2,6,12288,1024,Send/recv,2299.1076000039357,43.783638486440424,4901.015999996616,20.539271040957527
dma_hardened2,xilinx_u280_xdma_201920_3,3,2,6,12288,1024,Send/recv,2292.638000005809,43.90719162804811,4953.365500000473,20.322202349087785
dma_hardened2,xilinx_u280_xdma_201920_3,3,2,6,12288,1024,Send/recv,2284.0050000013434,44.07315045279708,4875.514299999395,20.64670305653959
dma_hardened2,xilinx_u280_xdma_201920_3,3,2,6,12288,1024,Send/recv,2295.0852000008126,43.860374333800046,4953.925100005563,20.319906734134307
dma_hardened2,xilinx_u280_xdma_201920_3,3,2,6,12288,1024,Send/recv,2258.7412000007134,44.566104341643126,4930.908300002557,20.414757256781233
dma_hardened2,xilinx_u280_xdma_201920_3,3,2,6,12288,1024,Send/recv,2323.1025999962185,43.33140344303513,4937.882899992019,20.38592207202052
dma_hardened2,xilinx_u280_xdma_201920_3,3,2,6,12288,1024,Send/recv,2245.7473000031314,44.82396394280854,4990.3540000059365,20.171574200924475
dma_hardened2,xilinx_u280_xdma_201920_3,3,2,6,12288,1024,Send/recv,2252.3890999991636,44.69178793310506,4933.01540000175,20.406037248528413
dma_hardened2,xilinx_u280_xdma_201920_3,3,2,6,12288,1024,Send/recv,2279.694899993956,44.15647725503394,4969.536299995525,20.256074193499835
dma_hardened2,xilinx_u280_xdma_201920_3,3,2,6,12288,1024,Send/recv,2300.3881000022375,43.7592665341566,4901.784799994857,20.536049644632627
dma_hardened2,xilinx_u280_xdma_201920_3,3,2,6,12288,1024,Send/recv,2277.607700000317,44.19694225655542,4933.4223999949245,20.404353780877056
dma_hardened2,xilinx_u280_xdma_201920_3,3,2,6,12288,1024,Send/recv,2305.334999994102,43.66536577124693,4904.795499999182,20.523444045733772
dma_hardened2,xilinx_u280_xdma_201920_3,3,2,6,12288,1024,Send/recv,2237.4606999960633,44.98997278485253,4914.606900001672,20.482471548226115
dma_hardened2,xilinx_u280_xdma_201920_3,3,2,6,12288,1024,Send/recv,2270.4570000087188,44.33613849529564,4960.437400006867,20.293229786522584
dma_hardened2,xilinx_u280_xdma_201920_3,3,2,6,12288,1024,Send/recv,2306.749399997443,43.63859203783107,4978.227600008722,20.220709876708657
dma_hardened2,xilinx_u280_xdma_201920_3,3,2,6,12288,1024,Send/recv,2303.77130000079,43.695003926807104,4966.582500003369,20.26812118794598
dma_hardened2,xilinx_u280_xdma_201920_3,3,2,6,12288,1024,Send/recv,2255.70659999903,44.626059080575146,4942.96110000505,20.364978393193738
dma_hardened2,xilinx_u280_xdma_201920_3,3,2,6,12288,1024,Send/recv,2301.8524000008256,43.73142952170343,4916.695399992932,20.473771061787705
dma_hardened2,xilinx_u280_xdma_201920_3,3,2,6,12288,1024,Send/recv,2343.221499995707,42.95936000936507,4959.326499999861,20.29777551447819
dma_hardened2,xilinx_u280_xdma_201920_3,3,2,6,12288,1024,Send/recv,2250.7858999915697,44.7236212028772,4954.2001999952845,20.3187783973881
dma_hardened2,xilinx_u280_xdma_201920_3,3,2,6,24576,1024,Send/recv,3920.6444000001284,51.35038311559023,8631.21060000367,23.325417641867574
dma_hardened2,xilinx_u280_xdma_201920_3,3,2,6,24576,1024,Send/recv,3953.960599994843,50.91770312538334,8655.357999998614,23.26034255313671
dma_hardened2,xilinx_u280_xdma_201920_3,3,2,6,24576,1024,Send/recv,3885.436400003073,51.81569617246618,8670.692999999119,23.219204278137912
dma_hardened2,xilinx_u280_xdma_201920_3,3,2,6,24576,1024,Send/recv,3926.6463999979346,51.271892472952466,8651.45540000185,23.270835101335315
dma_hardened2,xilinx_u280_xdma_201920_3,3,2,6,24576,1024,Send/recv,3922.045700005583,51.33203623805643,8688.19209999856,23.172437911453795
dma_hardened2,xilinx_u280_xdma_201920_3,3,2,6,24576,1024,Send/recv,3909.6011999959046,51.49542925253115,8680.49879999262,23.192975039656844
dma_hardened2,xilinx_u280_xdma_201920_3,3,2,6,24576,1024,Send/recv,3903.8138000023537,51.571771174096114,8686.976000001323,23.175681848317453
dma_hardened2,xilinx_u280_xdma_201920_3,3,2,6,24576,1024,Send/recv,3913.08680000293,51.449559462838714,8657.299800006513,23.255125345185405
dma_hardened2,xilinx_u280_xdma_201920_3,3,2,6,24576,1024,Send/recv,3928.8274999989876,51.243428732885796,8643.46310000883,23.29235280703568
dma_hardened2,xilinx_u280_xdma_201920_3,3,2,6,24576,1024,Send/recv,3943.1072999946086,51.05785277521493,8619.584599989594,23.356878706224784
dma_hardened2,xilinx_u280_xdma_201920_3,3,2,6,24576,1024,Send/recv,3936.003800004073,51.1499993978135,8678.25459999949,23.19897275196464
dma_hardened2,xilinx_u280_xdma_201920_3,3,2,6,24576,1024,Send/recv,3918.6168000014727,51.37695321469666,8660.789800001112,23.245754330623996
dma_hardened2,xilinx_u280_xdma_201920_3,3,2,6,24576,1024,Send/recv,3941.716899998937,51.07586290635288,8678.911999993488,23.197215503527524
dma_hardened2,xilinx_u280_xdma_201920_3,3,2,6,24576,1024,Send/recv,3982.708400008051,50.55017133556477,8667.092199993931,23.22885084805501
dma_hardened2,xilinx_u280_xdma_201920_3,3,2,6,24576,1024,Send/recv,3960.192699992149,50.837574646405244,8631.093100007092,23.32573518409094
dma_hardened2,xilinx_u280_xdma_201920_3,3,2,6,24576,1024,Send/recv,3926.140099997611,51.27850429996691,8657.963199993901,23.25334346537091
dma_hardened2,xilinx_u280_xdma_201920_3,3,2,6,24576,1024,Send/recv,3900.738499999079,51.61242980016413,8662.458499998138,23.24127636513852
dma_hardened2,xilinx_u280_xdma_201920_3,3,2,6,24576,1024,Send/recv,3944.482700001117,51.040049434097654,8688.343699998313,23.17203358334444
dma_hardened2,xilinx_u280_xdma_201920_3,3,2,6,24576,1024,Send/recv,3952.2451000038923,50.939804315223704,8686.79699999575,23.176159406061696
dma_hardened2,xilinx_u280_xdma_201920_3,3,2,6,24576,1024,Send/recv,3955.7594000029894,50.894549349954865,8680.260700009512,23.193611224116736
experiment,board_instance,number of nodes,rank id,number of banks,buffer size[KB],segment_size[KB],collective name,execution_time[us],throughput[Gbps],execution_time_fullpath[us],throughput_fullpath[Gbps]
dma_hardened2,xilinx_u280_xdma_201920_3,3,2,6,1,1024,Broadcast,163.84640000524087,0.09999609389938341,271.36840000139273,0.06037548955558538
dma_hardened2,xilinx_u280_xdma_201920_3,3,2,6,1,1024,Broadcast,178.6592000030396,0.09170532499709645,266.7713000050753,0.06141590193430964
dma_hardened2,xilinx_u280_xdma_201920_3,3,2,6,1,1024,Broadcast,167.99649999938993,0.09752584131252436,250.4675000068346,0.06541367642330012
dma_hardened2,xilinx_u280_xdma_201920_3,3,2,6,1,1024,Broadcast,164.14870000289739,0.09981193880737896,298.6437999993541,0.05486134317884864
dma_hardened2,xilinx_u280_xdma_201920_3,3,2,6,1,1024,Broadcast,182.1080000013353,0.08996859006677281,301.84160000317206,0.054280125734252074
dma_hardened2,xilinx_u280_xdma_201920_3,3,2,6,1,1024,Broadcast,193.82070000801832,0.08453173473897369,273.94049999429626,0.05980860807489632
dma_hardened2,xilinx_u280_xdma_201920_3,3,2,6,1,1024,Broadcast,161.44800000574833,0.10148159159244247,295.703099993716,0.05540692674628091
dma_hardened2,xilinx_u280_xdma_201920_3,3,2,6,1,1024,Broadcast,163.1740999982867,0.10040809172639549,264.66860000482484,0.06190382992051693
dma_hardened2,xilinx_u280_xdma_201920_3,3,2,6,1,1024,Broadcast,167.04539999636836,0.0980811204639948,289.2688999963866,0.056639341457739356
dma_hardened2,xilinx_u280_xdma_201920_3,3,2,6,1,1024,Broadcast,157.88639999527732,0.10377081243533375,299.21990000048027,0.05475571644791574
dma_hardened2,xilinx_u280_xdma_201920_3,3,2,6,1,1024,Broadcast,168.56979999602117,0.09719415933569785,249.06610000243748,0.06578173424580727
dma_hardened2,xilinx_u280_xdma_201920_3,3,2,6,1,1024,Broadcast,169.11559999925885,0.09688047702324211,287.86289999516157,0.05691598326938061
dma_hardened2,xilinx_u280_xdma_201920_3,3,2,6,1,1024,Broadcast,179.77500000370128,0.09113614239834615,309.23460000167324,0.05298242822734373
dma_hardened2,xilinx_u280_xdma_201920_3,3,2,6,1,1024,Broadcast,170.67800000631905,0.09599362541975774,289.27409999823794,0.05663832330685603
dma_hardened2,xilinx_u280_xdma_201920_3,3,2,6,1,1024,Broadcast,164.44159999764452,0.09963415583547403,255.91500000246018,0.06402125705739209
dma_hardened2,xilinx_u280_xdma_201920_3,3,2,6,1,1024,Broadcast,181.99359999471199,0.09002514374393415,260.17950000323253,0.06297190977689035
dma_hardened2,xilinx_u280_xdma_201920_3,3,2,6,1,1024,Broadcast,162.86750000062966,0.10059711114824417,268.1197000015345,0.061107035402121625
dma_hardened2,xilinx_u280_xdma_201920_3,3,2,6,1,1024,Broadcast,167.76559999698293,0.09766006857362086,256.05160000168325,0.06398710259921161
dma_hardened2,xilinx_u280_xdma_201920_3,3,2,6,1,1024,Broadcast,169.63589999932083,0.09658332935460948,272.9612000052839,0.06002318278085985
dma_hardened2,xilinx_u280_xdma_201920_3,3,2,6,1,1024,Broadcast,166.829299996607,0.09820816847120512,293.95919999615217,0.05573562589711246
dma_hardened2,xilinx_u280_xdma_201920_3,3,2,6,6,1024,Broadcast,181.6022000070916,0.5413150281007676,305.5323000012322,0.3217466696634155
dma_hardened2,xilinx_u280_xdma_201920_3,3,2,6,6,1024,Broadcast,172.80739999705474,0.5688645278019081,308.7032000053114,0.3184417913332568
dma_hardened2,xilinx_u280_xdma_201920_3,3,2,6,6,1024,Broadcast,162.37019999607583,0.6054312922098748,301.62540000446825,0.32591419687646905
dma_hardened2,xilinx_u280_xdma_201920_3,3,2,6,6,1024,Broadcast,181.7373999983829,0.5409123273518534,289.7916000051737,0.33922308306467464
dma_hardened2,xilinx_u280_xdma_201920_3,3,2,6,6,1024,Broadcast,184.91890000404965,0.5316060175452438,287.03939999559225,0.34247563227037664
dma_hardened2,xilinx_u280_xdma_201920_3,3,2,6,6,1024,Broadcast,183.26740000702557,0.5363965440456486,281.73299999707524,0.3489261108958501
dma_hardened2,xilinx_u280_xdma_201920_3,3,2,6,6,1024,Broadcast,182.6996999966468,0.5380632809019622,289.37030000406594,0.3397169647286495
dma_hardened2,xilinx_u280_xdma_201920_3,3,2,6,6,1024,Broadcast,177.13050000338626,0.5549806498492393,291.8489999956364,0.33683171777689763
dma_hardened2,xilinx_u280_xdma_201920_3,3,2,6,6,1024,Broadcast,179.6878999925866,0.5470819126054438,294.6153000038976,0.3336690253313372
dma_hardened2,xilinx_u280_xdma_201920_3,3,2,6,6,1024,Broadcast,186.32469999602108,0.5275951068328528,312.2171000086382,0.31485783449170524
dma_hardened2,xilinx_u280_xdma_201920_3,3,2,6,6,1024,Broadcast,164.86360000271816,0.5962747386225901,261.46870000047784,0.3759685193670231
dma_hardened2,xilinx_u280_xdma_201920_3,3,2,6,6,1024,Broadcast,166.6513000031955,0.589878386775951,295.3597000100672,0.3328280736899765
dma_hardened2,xilinx_u280_xdma_201920_3,3,2,6,6,1024,Broadcast,194.98220000286892,0.504169098505164,298.9164999917193,0.3288677607382772
dma_hardened2,xilinx_u280_xdma_201920_3,3,2,6,6,1024,Broadcast,183.48610000202825,0.5357572044907671,299.49510000051305,0.32823241515414314
dma_hardened2,xilinx_u280_xdma_201920_3,3,2,6,6,1024,Broadcast,168.21549999121999,0.5843932337099196,270.83890000767497,0.36296115512658744
dma_hardened2,xilinx_u280_xdma_201920_3,3,2,6,6,1024,Broadcast,172.77730000841984,0.5689636311900315,292.46889999967607,0.336117788934512
dma_hardened2,xilinx_u280_xdma_201920_3,3,2,6,6,1024,Broadcast,179.04559999806224,0.5490444892310334,291.88549999616953,0.3367895972951382
dma_hardened2,xilinx_u280_xdma_201920_3,3,2,6,6,1024,Broadcast,162.62240000060046,0.6044923700525697,278.512900001715,0.35296031171049763
dma_hardened2,xilinx_u280_xdma_201920_3,3,2,6,6,1024,Broadcast,182.72469999374152,0.5379896642510126,280.11230000402065,0.35094496028410377
dma_hardened2,xilinx_u280_xdma_201920_3,3,2,6,6,1024,Broadcast,175.75020000322183,0.5593393350232199,287.32810000065,0.34213152142020775
dma_hardened2,xilinx_u280_xdma_201920_3,3,2,6,12,1024,Broadcast,183.47960000255625,1.071552368749773,282.57719999373876,0.6957673867684878
dma_hardened2,xilinx_u280_xdma_201920_3,3,2,6,12,1024,Broadcast,163.30500000094617,1.2039312941971212,283.6116000025868,0.6932297550530612
dma_hardened2,xilinx_u280_xdma_201920_3,3,2,6,12,1024,Broadcast,182.10480000107054,1.0796420522624566,276.48069999486324,0.7111093107173585
dma_hardened2,xilinx_u280_xdma_201920_3,3,2,6,12,1024,Broadcast,213.0933999978879,0.9226376790738179,293.74129999268916,0.6693236531767692
dma_hardened2,xilinx_u280_xdma_201920_3,3,2,6,12,1024,Broadcast,183.0646000030356,1.0739815343695058,278.27950000300916,0.7065126967594594
dma_hardened2,xilinx_u280_xdma_201920_3,3,2,6,12,1024,Broadcast,169.22639999847888,1.1618045411458688,262.6268999961212,0.7486209523963606
dma_hardened2,xilinx_u280_xdma_201920_3,3,2,6,12,1024,Broadcast,169.3340999963766,1.1610656093734635,259.00809999939156,0.7590805075225904
dma_hardened2,xilinx_u280_xdma_201920_3,3,2,6,12,1024,Broadcast,172.5186000044232,1.1396336394739996,282.94490000462247,0.6948632048034371
dma_hardened2,xilinx_u280_xdma_201920_3,3,2,6,12,1024,Broadcast,181.8862999925841,1.0809390262379086,270.9654000000228,0.725583413970874
dma_hardened2,xilinx_u280_xdma_201920_3,3,2,6,12,1024,Broadcast,199.26609999174616,0.986660550932365,259.0325000028315,0.7590090046532804
dma_hardened2,xilinx_u280_xdma_201920_3,3,2,6,12,1024,Broadcast,189.05250000216256,1.039965089050666,312.2527999948943,0.6296436733416474
dma_hardened2,xilinx_u280_xdma_201920_3,3,2,6,12,1024,Broadcast,181.01619999697505,1.0861348321491973,337.77910000480915,0.5820608794244546
dma_hardened2,xilinx_u280_xdma_201920_3,3,2,6,12,1024,Broadcast,173.42860001008376,1.1336538494145054,298.8898000012341,0.6577942773530184
dma_hardened2,xilinx_u280_xdma_201920_3,3,2,6,12,1024,Broadcast,180.65400000750742,1.0883124646663211,294.0696999985448,0.6685761912940126
dma_hardened2,xilinx_u280_xdma_201920_3,3,2,6,12,1024,Broadcast,179.44300000181101,1.0956571167335352,288.84910000215314,0.68065990165292
dma_hardened2,xilinx_u280_xdma_201920_3,3,2,6,12,1024,Broadcast,164.97760000220296,1.1917254221019986,283.17659999856915,0.6942946557059921
dma_hardened2,xilinx_u280_xdma_201920_3,3,2,6,12,1024,Broadcast,170.43000000285247,1.153599718340136,251.68570000460022,0.7811647622268825
dma_hardened2,xilinx_u280_xdma_201920_3,3,2,6,12,1024,Broadcast,162.02880000264486,1.2134139115810936,300.7873000001382,0.6536446186388509
dma_hardened2,xilinx_u280_xdma_201920_3,3,2,6,12,1024,Broadcast,178.1049999976858,1.1038881558774578,291.28410000112126,0.6749699005172035
dma_hardened2,xilinx_u280_xdma_201920_3,3,2,6,12,1024,Broadcast,185.554699999102,1.0595689572991225,278.9025999959449,0.7049342673853115
dma_hardened2,xilinx_u280_xdma_201920_3,3,2,6,24,1024,Broadcast,178.6390000006577,2.201176674738172,353.235299996868,1.1131843278502644
dma_hardened2,xilinx_u280_xdma_201920_3,3,2,6,24,1024,Broadcast,180.04319999818108,2.184009171154326,286.7621000063991,1.3712272297881254
dma_hardened2,xilinx_u280_xdma_201920_3,3,2,6,24,1024,Broadcast,167.7132000054371,2.3445739511693313,263.95810000394704,1.4896909774472544
dma_hardened2,xilinx_u280_xdma_201920_3,3,2,6,24,1024,Broadcast,176.53479999353294,2.2274135185493447,283.15779999275037,1.3886815055423773
dma_hardened2,xilinx_u280_xdma_201920_3,3,2,6,24,1024,Broadcast,174.36550000411444,2.2551250103416183,303.593900002852,1.2952038891305329
dma_hardened2,xilinx_u280_xdma_201920_3,3,2,6,24,1024,Broadcast,178.0504000066685,2.208453336725292,269.09209999530503,1.461269208597579
dma_hardened2,xilinx_u280_xdma_201920_3,3,2,6,24,1024,Broadcast,173.12389999233346,2.2712981859663106,311.88279999696533,1.260781293498154
dma_hardened2,xilinx_u280_xdma_201920_3,3,2,6,24,1024,Broadcast,184.5021999997698,2.1312266195226433,303.5407999959716,1.2954304660369167
dma_hardened2,xilinx_u280_xdma_201920_3,3,2,6,24,1024,Broadcast,184.9769999921591,2.125756175182146,304.29860000822373,1.2922044333735787
dma_hardened2,xilinx_u280_xdma_201920_3,3,2,6,24,1024,Broadcast,179.7080999949685,2.1880816725067445,300.55899999297253,1.308282234134376
dma_hardened2,xilinx_u280_xdma_201920_3,3,2,6,24,1024,Broadcast,186.58289999393673,2.107460008461537,326.2271000039618,1.2053443751154476
dma_hardened2,xilinx_u280_xdma_201920_3,3,2,6,24,1024,Broadcast,169.9515000041174,2.3136953777429063,310.7707000026494,1.2652930279355414
dma_hardened2,xilinx_u280_xdma_201920_3,3,2,6,24,1024,Broadcast,184.5924000008381,2.1301852080487316,291.8269000019791,1.3474289039061627
dma_hardened2,xilinx_u280_xdma_201920_3,3,2,6,24,1024,Broadcast,184.4139000013456,2.1322470811426406,299.97089999369564,1.3108471522013103
dma_hardened2,xilinx_u280_xdma_201920_3,3,2,6,24,1024,Broadcast,165.9039999935885,2.3701417688253215,306.9847999995545,1.2808972952425353
dma_hardened2,xilinx_u280_xdma_201920_3,3,2,6,24,1024,Broadcast,161.83230000024196,2.4297745258481287,266.4788999936718,1.4755990061852473
dma_hardened2,xilinx_u280_xdma_201920_3,3,2,6,24,1024,Broadcast,171.51729999795862,2.2925734022438555,304.00319999444037,1.2934600688650355
dma_hardened2,xilinx_u280_xdma_201920_3,3,2,6,24,1024,Broadcast,172.23520000015924,2.283017640991136,268.2818999915071,1.4656821798729172
dma_hardened2,xilinx_u280_xdma_201920_3,3,2,6,24,1024,Broadcast,161.69780000154788,2.431795608822358,365.199999998822,1.076714129247723
dma_hardened2,xilinx_u280_xdma_201920_3,3,2,6,24,1024,Broadcast,234.3029000030583,1.6782378707001382,329.3758000040725,1.1938217683118741
dma_hardened2,xilinx_u280_xdma_201920_3,3,2,6,48,1024,Broadcast,223.75319999810017,3.5147296217738,311.86830000251575,2.5216798244440235
dma_hardened2,xilinx_u280_xdma_201920_3,3,2,6,48,1024,Broadcast,210.56709999811574,3.7348284703880017,309.4038000085675,2.54176580888219
dma_hardened2,xilinx_u280_xdma_201920_3,3,2,6,48,1024,Broadcast,175.57150000584443,4.479269129521712,291.9841999982964,2.6934060130808053
dma_hardened2,xilinx_u280_xdma_201920_3,3,2,6,48,1024,Broadcast,173.99990000512844,4.519726735341922,288.9815000003182,2.7213921998437067
dma_hardened2,xilinx_u280_xdma_201920_3,3,2,6,48,1024,Broadcast,180.19740000454476,4.3642805056019975,288.84330000664704,2.7226942774227485
dma_hardened2,xilinx_u280_xdma_201920_3,3,2,6,48,1024,Broadcast,174.63339999039817,4.5033309781705,291.7494000030274,2.6955736669615753
dma_hardened2,xilinx_u280_xdma_201920_3,3,2,6,48,1024,Broadcast,191.3630999979432,4.1096324213416935,327.9654000039045,2.3979114869758744
dma_hardened2,xilinx_u280_xdma_201920_3,3,2,6,48,1024,Broadcast,189.92349999962244,4.140782999479072,295.20689998889793,2.664002772393111
dma_hardened2,xilinx_u280_xdma_201920_3,3,2,6,48,1024,Broadcast,186.3914999944427,4.2192481954565935,320.0163999963479,2.4574740544827542
dma_hardened2,xilinx_u280_xdma_201920_3,3,2,6,48,1024,Broadcast,190.6595999912497,4.124796233895871,297.60489999262063,2.642537135710804
dma_hardened2,xilinx_u280_xdma_201920_3,3,2,6,48,1024,Broadcast,177.35499999389504,4.434225141817659,286.87829999398673,2.7413436290457818
dma_hardened2,xilinx_u280_xdma_201920_3,3,2,6,48,1024,Broadcast,184.80850000059945,4.255388686112647,316.79690000601113,2.482448534013678
dma_hardened2,xilinx_u280_xdma_201920_3,3,2,6,48,1024,Broadcast,191.57049999876108,4.105183209341136,290.0359000022945,2.711498817883505
dma_hardened2,xilinx_u280_xdma_201920_3,3,2,6,48,1024,Broadcast,173.3662000106051,4.536247549706302,312.38640000310625,2.5174975606882377
dma_hardened2,xilinx_u280_xdma_201920_3,3,2,6,48,1024,Broadcast,183.1747000096584,4.293344004158506,318.92960000732273,2.465848262381238
dma_hardened2,xilinx_u280_xdma_201920_3,3,2,6,48,1024,Broadcast,185.23329999879934,4.245629700518738,316.95540000100664,2.4812071351284826
dma_hardened2,xilinx_u280_xdma_201920_3,3,2,6,48,1024,Broadcast,194.04070000064166,4.052922917704375,298.44880000382545,2.635065042948471
dma_hardened2,xilinx_u280_xdma_201920_3,3,2,6,48,1024,Broadcast,186.25870000050782,4.222256463713404,290.8705999971062,2.7037177356797972
dma_hardened2,xilinx_u280_xdma_201920_3,3,2,6,48,1024,Broadcast,191.16969999686262,4.113789999214868,321.0877000014989,2.449274761992841
dma_hardened2,xilinx_u280_xdma_201920_3,3,2,6,48,1024,Broadcast,191.41230000059295,4.108576094626959,320.85379999671204,2.451060264856016
dma_hardened2,xilinx_u280_xdma_201920_3,3,2,6,96,1024,Broadcast,196.72040000386914,7.9954290453306545,320.20940000165865,4.9119857193194605
dma_hardened2,xilinx_u280_xdma_201920_3,3,2,6,96,1024,Broadcast,192.21659999857366,8.182768813992503,315.8170999995491,4.980300306735277
dma_hardened2,xilinx_u280_xdma_201920_3,3,2,6,96,1024,Broadcast,196.60839999460222,7.9999837242110825,319.65069999841944,4.920571110927575
dma_hardened2,xilinx_u280_xdma_201920_3,3,2,6,96,1024,Broadcast,196.21899999719972,8.015859830202206,375.6989000066824,4.186501477571598
dma_hardened2,xilinx_u280_xdma_201920_3,3,2,6,96,1024,Broadcast,235.94240000193167,6.6663049964191385,362.08159999659983,4.343948988335144
dma_hardened2,xilinx_u280_xdma_201920_3,3,2,6,96,1024,Broadcast,191.82860000910296,8.199319600546332,354.8152999997001,4.432909178384725
dma_hardened2,xilinx_u280_xdma_201920_3,3,2,6,96,1024,Broadcast,207.88670000229104,7.565967423518032,370.0664999996661,4.2502198929149735
dma_hardened2,xilinx_u280_xdma_201920_3,3,2,6,96,1024,Broadcast,203.2463999967149,7.738705335127325,326.2796000058188,4.820601716968974
dma_hardened2,xilinx_u280_xdma_201920_3,3,2,6,96,1024,Broadcast,196.71779999725914,7.995534720406159,336.67899999727524,4.671702125801518
dma_hardened2,xilinx_u280_xdma_201920_3,3,2,6,96,1024,Broadcast,190.42929999386615,8.259569299738343,351.2321000016527,4.4781328357875
dma_hardened2,xilinx_u280_xdma_201920_3,3,2,6,96,1024,Broadcast,197.57009999921138,7.961042688171329,363.5647000010067,4.32622859148769
dma_hardened2,xilinx_u280_xdma_201920_3,3,2,6,96,1024,Broadcast,205.27239998955338,7.662325768491261,337.42649999339847,4.661352916948646
dma_hardened2,xilinx_u280_xdma_201920_3,3,2,6,96,1024,Broadcast,185.6490000022859,8.47224601253243,313.87039999799526,5.011189331679719
dma_hardened2,xilinx_u280_xdma_201920_3,3,2,6,96,1024,Broadcast,207.51069999960237,7.57967661428068,342.96930000436987,4.586019798215058
dma_hardened2,xilinx_u280_xdma_201920_3,3,2,6,96,1024,Broadcast,205.0402000008944,7.671003052050959,327.6175999985753,4.8009142366186675
dma_hardened2,xilinx_u280_xdma_201920_3,3,2,6,96,1024,Broadcast,198.14620000033756,7.937896361360049,340.0753000050827,4.625046276446694
dma_hardened2,xilinx_u280_xdma_201920_3,3,2,6,96,1024,Broadcast,190.90870000582072,8.238828298301984,326.1501999986649,4.822514289448354
dma_hardened2,xilinx_u280_xdma_201920_3,3,2,6,96,1024,Broadcast,211.6190000037932,7.4325273249179284,353.249100010089,4.452563360968444
dma_hardened2,xilinx_u280_xdma_201920_3,3,2,6,96,1024,Broadcast,204.81379999637284,7.679482535004256,367.5585999985742,4.279219694508852
dma_hardened2,xilinx_u280_xdma_201920_3,3,2,6,96,1024,Broadcast,202.64469999347057,7.761683380076949,350.8624999994936,4.482850119355218
dma_hardened2,xilinx_u280_xdma_201920_3,3,2,6,192,1024,Broadcast,240.31949999425706,13.089774238358409,445.8615999965332,7.055391179739318
dma_hardened2,xilinx_u280_xdma_201920_3,3,2,6,192,1024,Broadcast,236.29439999695023,13.312748842294193,412.65869999733695,7.623074468126567
dma_hardened2,xilinx_u280_xdma_201920_3,3,2,6,192,1024,Broadcast,240.43690000326023,13.083382791731824,440.0304999990112,7.148886270399594
dma_hardened2,xilinx_u280_xdma_201920_3,3,2,6,192,1024,Broadcast,242.83820000619016,12.95400805935727,440.19929999876695,7.14614493936908
dma_hardened2,xilinx_u280_xdma_201920_3,3,2,6,192,1024,Broadcast,253.06020000925855,12.43074967887052,412.10119999277595,7.633387139021057
dma_hardened2,xilinx_u280_xdma_201920_3,3,2,6,192,1024,Broadcast,236.1395999969318,13.321475940676079,396.70959999966726,7.929548465685324
dma_hardened2,xilinx_u280_xdma_201920_3,3,2,6,192,1024,Broadcast,245.92270000312055,12.791531647790478,423.4552000070835,7.42871500916125
dma_hardened2,xilinx_u280_xdma_201920_3,3,2,6,192,1024,Broadcast,252.32599999753802,12.466919778503575,426.55440000771705,7.374740478455007
dma_hardened2,xilinx_u280_xdma_201920_3,3,2,6,192,1024,Broadcast,227.36949999853096,13.83531212418695,407.631100006256,7.717095187172229
dma_hardened2,xilinx_u280_xdma_201920_3,3,2,6,192,1024,Broadcast,235.64609999766617,13.349374337326843,394.78539999890927,7.968197405498509
dma_hardened2,xilinx_u280_xdma_201920_3,3,2,6,192,1024,Broadcast,258.48060000726036,12.170073885280523,441.597000008187,7.123526654260965
dma_hardened2,xilinx_u280_xdma_201920_3,3,2,6,192,1024,Broadcast,248.8911000000371,12.638973430546656,423.9604999952462,7.419861048459167
dma_hardened2,xilinx_u280_xdma_201920_3,3,2,6,192,1024,Broadcast,245.7469999967543,12.800677119320062,440.31139999560764,7.144325584191961
dma_hardened2,xilinx_u280_xdma_201920_3,3,2,6,192,1024,Broadcast,233.4692999966137,13.473840029698236,412.9165999984252,7.618313238101828
dma_hardened2,xilinx_u280_xdma_201920_3,3,2,6,192,1024,Broadcast,243.71020000444332,12.907658357929407,412.6011000039398,7.624138665577872
dma_hardened2,xilinx_u280_xdma_201920_3,3,2,6,192,1024,Broadcast,225.50840000121752,13.949493677322069,389.99139999305044,8.06614709979773
dma_hardened2,xilinx_u280_xdma_201920_3,3,2,6,192,1024,Broadcast,250.29590000258395,12.568036471901957,390.42859999653956,8.057114668412819
dma_hardened2,xilinx_u280_xdma_201920_3,3,2,6,192,1024,Broadcast,254.52040000573106,12.359433663978082,417.9919999955928,7.525809106473732
dma_hardened2,xilinx_u280_xdma_201920_3,3,2,6,192,1024,Broadcast,254.43199999699576,12.36372783312297,431.86010000226815,7.284136691450492
dma_hardened2,xilinx_u280_xdma_201920_3,3,2,6,192,1024,Broadcast,231.86419999774444,13.567113853844628,388.9501999992717,8.087739767214131
dma_hardened2,xilinx_u280_xdma_201920_3,3,2,6,384,1024,Broadcast,320.275199999287,19.643906240676785,630.3375000015876,9.981091082133227
dma_hardened2,xilinx_u280_xdma_201920_3,3,2,6,384,1024,Broadcast,368.4335999992072,17.076227575371895,587.2707999969862,10.713040730157685
dma_hardened2,xilinx_u280_xdma_201920_3,3,2,6,384,1024,Broadcast,373.6909999929594,16.835984811297394,575.2910999945016,10.936126076103266
dma_hardened2,xilinx_u280_xdma_201920_3,3,2,6,384,1024,Broadcast,354.1035000012016,17.767279905391078,576.2080999943464,10.918721899365403
dma_hardened2,xilinx_u280_xdma_201920_3,3,2,6,384,1024,Broadcast,357.17050000130257,17.61471342111696,573.4450000090874,10.971332908823513
dma_hardened2,xilinx_u280_xdma_201920_3,3,2,6,384,1024,Broadcast,332.6065999999628,18.91560780814543,573.3217000056356,10.973692431209487
dma_hardened2,xilinx_u280_xdma_201920_3,3,2,6,384,1024,Broadcast,335.76839999795993,18.73748691073438,569.7402999999213,11.042673302206058
dma_hardened2,xilinx_u280_xdma_201920_3,3,2,6,384,1024,Broadcast,350.4799999973329,17.95097009828771,607.2391999964566,10.360754048876805
dma_hardened2,xilinx_u280_xdma_201920_3,3,2,6,384,1024,Broadcast,342.8313999961574,18.351457888835498,597.4788999992597,10.530005327397829
dma_hardened2,xilinx_u280_xdma_201920_3,3,2,6,384,1024,Broadcast,336.7899999943802,18.680649663306458,576.1667999991005,10.919504560154841
dma_hardened2,xilinx_u280_xdma_201920_3,3,2,6,384,1024,Broadcast,367.2746000006555,17.130114633543325,605.5622000076255,10.389446368879655
dma_hardened2,xilinx_u280_xdma_201920_3,3,2,6,384,1024,Broadcast,332.7097999999751,18.90974056069425,605.8205000044836,10.385016683907919
dma_hardened2,xilinx_u280_xdma_201920_3,3,2,6,384,1024,Broadcast,355.73440000007395,17.685824030508975,576.682799999162,10.909734086068013
dma_hardened2,xilinx_u280_xdma_201920_3,3,2,6,384,1024,Broadcast,366.70789999107,17.156587027858432,629.8573999970358,9.988699029382854
dma_hardened2,xilinx_u280_xdma_201920_3,3,2,6,384,1024,Broadcast,331.44259999744463,18.98203791561044,595.2536999984659,10.569368993449709
dma_hardened2,xilinx_u280_xdma_201920_3,3,2,6,384,1024,Broadcast,324.5785999979489,19.383459045173517,568.463900003735,11.0674679605137
dma_hardened2,xilinx_u280_xdma_201920_3,3,2,6,384,1024,Broadcast,375.94629999375684,16.73498582139119,583.7721000034435,10.77724680566764
dma_hardened2,xilinx_u280_xdma_201920_3,3,2,6,384,1024,Broadcast,356.73060000362966,17.636434889342222,560.9472999935861,11.215770180321641
dma_hardened2,xilinx_u280_xdma_201920_3,3,2,6,384,1024,Broadcast,348.06099999968865,18.075728105147167,621.0432999978366,10.130462723004847
dma_hardened2,xilinx_u280_xdma_201920_3,3,2,6,384,1024,Broadcast,333.17170000373153,18.88352462087727,544.448999994529,11.555638820281095
dma_hardened2,xilinx_u280_xdma_201920_3,3,2,6,768,1024,Broadcast,553.7500999935219,22.723087544629255,850.5214000024353,14.794350853445865
dma_hardened2,xilinx_u280_xdma_201920_3,3,2,6,768,1024,Broadcast,557.2014999984276,22.58233691049918,847.9725000029248,14.838820834350877
dma_hardened2,xilinx_u280_xdma_201920_3,3,2,6,768,1024,Broadcast,557.6077000000623,22.565886374952484,843.1128999973225,14.924349989236267
dma_hardened2,xilinx_u280_xdma_201920_3,3,2,6,768,1024,Broadcast,565.9179999952357,22.234514541163087,824.5704999922054,15.259958972724522
dma_hardened2,xilinx_u280_xdma_201920_3,3,2,6,768,1024,Broadcast,547.8212000070926,22.969012516925396,833.8088000073185,15.090884145009692
dma_hardened2,xilinx_u280_xdma_201920_3,3,2,6,768,1024,Broadcast,528.1498999920586,23.82450891345279,845.3040000063083,14.88566480213757
dma_hardened2,xilinx_u280_xdma_201920_3,3,2,6,768,1024,Broadcast,551.6682000006767,22.808840531291388,856.8652999997539,14.684819189204667
dma_hardened2,xilinx_u280_xdma_201920_3,3,2,6,768,1024,Broadcast,588.1876999978886,21.39268128191931,851.6258999975435,14.775163601807197
dma_hardened2,xilinx_u280_xdma_201920_3,3,2,6,768,1024,Broadcast,566.9371000067258,22.194546802195028,844.0535999966414,14.907716761174965
dma_hardened2,xilinx_u280_xdma_201920_3,3,2,6,768,1024,Broadcast,576.9274999920526,21.810213588662936,887.5626000076409,14.176929041277399
dma_hardened2,xilinx_u280_xdma_201920_3,3,2,6,768,1024,Broadcast,554.0040000028057,22.712673554588548,844.1813999979786,14.90545989289758
dma_hardened2,xilinx_u280_xdma_201920_3,3,2,6,768,1024,Broadcast,538.2684999972298,23.376645670450266,862.6590000062606,14.58619454489976
dma_hardened2,xilinx_u280_xdma_201920_3,3,2,6,768,1024,Broadcast,520.9734000004573,24.152695703828556,843.9643999963664,14.909292382539093
dma_hardened2,xilinx_u280_xdma_201920_3,3,2,6,768,1024,Broadcast,563.4529999952065,22.331786324870126,858.736499992574,14.652820743160227
dma_hardened2,xilinx_u280_xdma_201920_3,3,2,6,768,1024,Broadcast,540.8602999978029,23.26462489491485,870.0086999965606,14.46297261171037
dma_hardened2,xilinx_u280_xdma_201920_3,3,2,6,768,1024,Broadcast,535.6028000051083,23.492991447916236,875.3210999998373,14.375195571090812
dma_hardened2,xilinx_u280_xdma_201920_3,3,2,6,768,1024,Broadcast,559.8297000005914,22.476320924000117,821.8438999961108,15.310586353515
dma_hardened2,xilinx_u280_xdma_201920_3,3,2,6,768,1024,Broadcast,542.3453000048539,23.20092383927248,860.3466000067783,14.625398647360106
dma_hardened2,xilinx_u280_xdma_201920_3,3,2,6,768,1024,Broadcast,519.5142999923519,24.22053059980301,866.8140999930074,14.51627517376737
dma_hardened2,xilinx_u280_xdma_201920_3,3,2,6,768,1024,Broadcast,584.1299999929106,21.54128704252943,870.7464000053733,14.45071952054278
dma_hardened2,xilinx_u280_xdma_201920_3,3,2,6,1536,1024,Broadcast,750.2717000079429,33.542280749405286,1290.6399000030433,19.498718426371802
dma_hardened2,xilinx_u280_xdma_201920_3,3,2,6,1536,1024,Broadcast,720.7085000004554,34.91817288124685,1218.2677999931002,20.65705422087207
dma_hardened2,xilinx_u280_xdma_201920_3,3,2,6,1536,1024,Broadcast,749.8913000063112,33.55929586033096,1248.8706999988608,20.15086429685872
dma_hardened2,xilinx_u280_xdma_201920_3,3,2,6,1536,1024,Broadcast,750.1047000005201,33.549748455092406,1192.26049999952,21.107655583666595
dma_hardened2,xilinx_u280_xdma_201920_3,3,2,6,1536,1024,Broadcast,731.8667000049572,34.38580276958842,1265.175600008206,19.89117083813249
dma_hardened2,xilinx_u280_xdma_201920_3,3,2,6,1536,1024,Broadcast,745.0834999986,33.77584391554408,1328.7889000025643,18.93891798761371
dma_hardened2,xilinx_u280_xdma_201920_3,3,2,6,1536,1024,Broadcast,723.6712999997508,34.77521355345813,1268.748899997263,19.835149413768388
dma_hardened2,xilinx_u280_xdma_201920_3,3,2,6,1536,1024,Broadcast,727.5689000039165,34.58892209365262,1273.6276999930851,19.759168240559333
dma_hardened2,xilinx_u280_xdma_201920_3,3,2,6,1536,1024,Broadcast,763.1515999946714,32.976179307198876,1210.09930001037,20.796494965152316
dma_hardened2,xilinx_u280_xdma_201920_3,3,2,6,1536,1024,Broadcast,742.5226000009388,33.892334051472886,1290.0816000069426,19.507156756490883
dma_hardened2,xilinx_u280_xdma_201920_3,3,2,6,1536,1024,Broadcast,769.8244000039267,32.690343408018286,1200.9777999992366,20.954445619241252
dma_hardened2,xilinx_u280_xdma_201920_3,3,2,6,1536,1024,Broadcast,732.3639999981424,34.36245364335745,1210.866700000679,20.783314959430207
dma_hardened2,xilinx_u280_xdma_201920_3,3,2,6,1536,1024,Broadcast,756.5843999941535,33.262414609915915,1267.9631999958474,19.84744036741951
dma_hardened2,xilinx_u280_xdma_201920_3,3,2,6,1536,1024,Broadcast,741.0294999999678,33.960623699867675,1259.5256000054178,19.98039896917677
dma_hardened2,xilinx_u280_xdma_201920_3,3,2,6,1536,1024,Broadcast,747.1809999969992,33.68102775646205,1201.5872999995736,20.943816566643914
dma_hardened2,xilinx_u280_xdma_201920_3,3,2,6,1536,1024,Broadcast,776.1827000081212,32.42255206117927,1187.6894000010907,21.188893325120937
dma_hardened2,xilinx_u280_xdma_201920_3,3,2,6,1536,1024,Broadcast,770.129900001848,32.67737559590871,1233.2076000006964,20.40680255294063
dma_hardened2,xilinx_u280_xdma_201920_3,3,2,6,1536,1024,Broadcast,758.6022000054982,33.17394017551967,1250.2204000043093,20.12911003524919
dma_hardened2,xilinx_u280_xdma_201920_3,3,2,6,1536,1024,Broadcast,718.8815999938925,35.00691073497194,1203.949399996418,20.90272564617323
dma_hardened2,xilinx_u280_xdma_201920_3,3,2,6,1536,1024,Broadcast,747.6693000057821,33.6590308038666,1267.5002000037239,19.85469035817593
dma_hardened2,xilinx_u280_xdma_201920_3,3,2,6,3072,1024,Broadcast,1253.1562999924972,40.16390293876457,2205.157000003055,22.824519070492606
dma_hardened2,xilinx_u280_xdma_201920_3,3,2,6,3072,1024,Broadcast,1246.8575999946552,40.3667972992391,2166.2481000021216,23.23447992866131
dma_hardened2,xilinx_u280_xdma_201920_3,3,2,6,3072,1024,Broadcast,1193.4576000044217,42.17296701601592,2215.2052000024014,22.720986750999607
dma_hardened2,xilinx_u280_xdma_201920_3,3,2,6,3072,1024,Broadcast,1222.6405999967938,41.16634765779248,2244.899599998007,22.420444994531017
dma_hardened2,xilinx_u280_xdma_201920_3,3,2,6,3072,1024,Broadcast,1236.1091000002489,40.717803954351496,2203.223000003618,22.844554545734752
dma_hardened2,xilinx_u280_xdma_201920_3,3,2,6,3072,1024,Broadcast,1233.003100003316,40.82037425523475,2118.441100003565,23.758813969345333
dma_hardened2,xilinx_u280_xdma_201920_3,3,2,6,3072,1024,Broadcast,1221.3930000029904,41.20839729708355,2196.7743000004702,22.911615453617255
dma_hardened2,xilinx_u280_xdma_201920_3,3,2,6,3072,1024,Broadcast,1210.59940000805,41.575807818561046,2240.31529999138,22.466323378764436
dma_hardened2,xilinx_u280_xdma_201920_3,3,2,6,3072,1024,Broadcast,1223.6358999984986,41.13286313360188,2181.6854999997304,23.070074948935684
dma_hardened2,xilinx_u280_xdma_201920_3,3,2,6,3072,1024,Broadcast,1220.8941000039886,41.22523648843546,2190.9470000082365,22.972553877300903
dma_hardened2,xilinx_u280_xdma_201920_3,3,2,6,3072,1024,Broadcast,1251.9080000060967,40.20395108886187,2219.3564999952287,22.678487210192774
dma_hardened2,xilinx_u280_xdma_201920_3,3,2,6,3072,1024,Broadcast,1251.9769999926211,40.20173533563048,2190.914799996335,22.972891506362636
dma_hardened2,xilinx_u280_xdma_201920_3,3,2,6,3072,1024,Broadcast,1229.6621000018604,40.9312834801722,2217.385899996316,22.69864167535458
dma_hardened2,xilinx_u280_xdma_201920_3,3,2,6,3072,1024,Broadcast,1236.603200004538,40.701534655429725,2249.0555999979733,22.379014551728
dma_hardened2,xilinx_u280_xdma_201920_3,3,2,6,3072,1024,Broadcast,1201.237800000854,41.89982033529433,2228.3330999925965,22.587129365967424
dma_hardened2,xilinx_u280_xdma_201920_3,3,2,6,3072,1024,Broadcast,1225.0807999976132,41.0843497017487,2145.386699999108,23.460408326396788
dma_hardened2,xilinx_u280_xdma_201920_3,3,2,6,3072,1024,Broadcast,1214.774100003524,41.43292814676736,2185.000199995102,23.035077067779138
dma_hardened2,xilinx_u280_xdma_201920_3,3,2,6,3072,1024,Broadcast,1222.1812000007048,41.18182148438462,2164.8180999932265,23.249827780060357
dma_hardened2,xilinx_u280_xdma_201920_3,3,2,6,3072,1024,Broadcast,1208.494200000132,41.648232982826485,2177.9668000021957,23.10946521312871
dma_hardened2,xilinx_u280_xdma_201920_3,3,2,6,3072,1024,Broadcast,1213.9009999941663,41.462728838877204,2180.90469999197,23.07833441790708
dma_hardened2,xilinx_u280_xdma_201920_3,3,2,6,6144,1024,Broadcast,2213.3987999950477,45.47905962550681,3789.83049999988,26.56142431699866
dma_hardened2,xilinx_u280_xdma_201920_3,3,2,6,6144,1024,Broadcast,2248.916600001394,44.7607954870081,3827.048999994531,26.303111352936387
dma_hardened2,xilinx_u280_xdma_201920_3,3,2,6,6144,1024,Broadcast,2226.8666000059056,45.2040081789062,3709.149200005868,27.13918760664595
dma_hardened2,xilinx_u280_xdma_201920_3,3,2,6,6144,1024,Broadcast,2235.002700001587,45.03945163016068,3729.6794999974736,26.989797916970662
dma_hardened2,xilinx_u280_xdma_201920_3,3,2,6,6144,1024,Broadcast,2180.6603000072755,46.1618418969998,3791.8060999913905,26.54758533149376
dma_hardened2,xilinx_u280_xdma_201920_3,3,2,6,6144,1024,Broadcast,2223.2191999933093,45.27816960212603,3806.8270999929155,26.442833718449503
dma_hardened2,xilinx_u280_xdma_201920_3,3,2,6,6144,1024,Broadcast,2205.1830999998856,45.648497850362276,3743.5043999948903,26.890123596525598
dma_hardened2,xilinx_u280_xdma_201920_3,3,2,6,6144,1024,Broadcast,2245.2849999922364,44.83319311372412,3768.6547000021164,26.71067105191236
dma_hardened2,xilinx_u280_xdma_201920_3,3,2,6,6144,1024,Broadcast,2266.2308000008125,44.418819124673405,3760.221899995031,26.770573300510012
dma_hardened2,xilinx_u280_xdma_201920_3,3,2,6,6144,1024,Broadcast,2258.3526000062193,44.57377293506903,3803.5479000086525,26.465631207055658
dma_hardened2,xilinx_u280_xdma_201920_3,3,2,6,6144,1024,Broadcast,2234.5260999941274,45.04905805318835,3761.4019999978154,26.76217431693248
dma_hardened2,xilinx_u280_xdma_201920_3,3,2,6,6144,1024,Broadcast,2218.9808999996785,45.364651854378096,3781.1460999932933,26.622429638510543
dma_hardened2,xilinx_u280_xdma_201920_3,3,2,6,6144,1024,Broadcast,2203.7428999965414,45.678330262644515,3795.212700003958,26.52375609933404
dma_hardened2,xilinx_u280_xdma_201920_3,3,2,6,6144,1024,Broadcast,2209.7170000051847,45.55483620742557,3832.817400007116,26.263525102921186
dma_hardened2,xilinx_u280_xdma_201920_3,3,2,6,6144,1024,Broadcast,2233.847999991667,45.06273300617388,3750.084599994352,26.842940023313503
dma_hardened2,xilinx_u280_xdma_201920_3,3,2,6,6144,1024,Broadcast,2227.0395999953507,45.20049665942633,3774.8015000033774,26.66717600909874
dma_hardened2,xilinx_u280_xdma_201920_3,3,2,6,6144,1024,Broadcast,2246.02869999444,44.818348047043735,3792.411400002038,26.543348118810606
dma_hardened2,xilinx_u280_xdma_201920_3,3,2,6,6144,1024,Broadcast,2243.3870999975625,44.87112188534443,3751.1881999989782,26.83504282723736
dma_hardened2,xilinx_u280_xdma_201920_3,3,2,6,6144,1024,Broadcast,2232.332099993073,45.09333355924612,3759.0520999970067,26.778904181743094
dma_hardened2,xilinx_u280_xdma_201920_3,3,2,6,6144,1024,Broadcast,2259.1700000020865,44.55764550693707,3808.1892000036532,26.433375736663354
dma_hardened2,xilinx_u280_xdma_201920_3,3,2,6,12288,1024,Broadcast,3897.529999994731,51.65491785830312,6557.853199990404,30.70007605542231
dma_hardened2,xilinx_u280_xdma_201920_3,3,2,6,12288,1024,Broadcast,3930.7267000026513,51.2186695655702,6552.755600000637,30.7239586350482
dma_hardened2,xilinx_u280_xdma_201920_3,3,2,6,12288,1024,Broadcast,3845.5114000043977,52.35365886570243,6609.546800007138,30.459969206933007
dma_hardened2,xilinx_u280_xdma_201920_3,3,2,6,12288,1024,Broadcast,3915.7409000040393,51.41468680928105,6559.341900003801,30.693108404653113
dma_hardened2,xilinx_u280_xdma_201920_3,3,2,6,12288,1024,Broadcast,3933.3714000008517,51.18423142039331,6601.035799997135,30.499242558279622
dma_hardened2,xilinx_u280_xdma_201920_3,3,2,6,12288,1024,Broadcast,3908.717000001616,51.50707815375653,6563.24899999845,30.67483680720441
dma_hardened2,xilinx_u280_xdma_201920_3,3,2,6,12288,1024,Broadcast,3876.8645000004653,51.930262716165565,6549.934400004531,30.737192115979166
dma_hardened2,xilinx_u280_xdma_201920_3,3,2,6,12288,1024,Broadcast,3916.926899989903,51.39911903909133,6589.732400004777,30.55155805717605
dma_hardened2,xilinx_u280_xdma_201920_3,3,2,6,12288,1024,Broadcast,3868.973700002698,52.036174864631306,6547.75680000057,30.74741444275732
dma_hardened2,xilinx_u280_xdma_201920_3,3,2,6,12288,1024,Broadcast,3871.8311000025096,51.99777232014834,6599.538200009647,30.506163597887156
dma_hardened2,xilinx_u280_xdma_201920_3,3,2,6,12288,1024,Broadcast,3894.709899998361,51.69232039595163,6597.688900001231,30.51471432670347
dma_hardened2,xilinx_u280_xdma_201920_3,3,2,6,12288,1024,Broadcast,3902.904500000659,51.583786382671164,6562.536100000216,30.678169069423234
dma_hardened2,xilinx_u280_xdma_201920_3,3,2,6,12288,1024,Broadcast,3872.9641000031734,51.98256085044399,6628.297399993244,30.373801875607636
dma_hardened2,xilinx_u280_xdma_201920_3,3,2,6,12288,1024,Broadcast,3916.127200000119,51.40961509115278,6562.891200007925,30.676509157999888
dma_hardened2,xilinx_u280_xdma_201920_3,3,2,6,12288,1024,Broadcast,3848.7849000034657,52.30913060374424,6517.735500005983,30.889039912683657
dma_hardened2,xilinx_u280_xdma_201920_3,3,2,6,12288,1024,Broadcast,3855.763600006412,52.21445422630816,6591.45700000181,30.543564495671397
dma_hardened2,xilinx_u280_xdma_201920_3,3,2,6,12288,1024,Broadcast,3905.3578999983074,51.55138073263075,6582.531399999425,30.58498011874544
dma_hardened2,xilinx_u280_xdma_201920_3,3,2,6,12288,1024,Broadcast,3906.1209999999846,51.54130965221016,6574.890900003538,30.620522083475432
dma_hardened2,xilinx_u280_xdma_201920_3,3,2,6,12288,1024,Broadcast,3909.177799994268,51.50100668235024,6541.728799993507,30.77574723064029
dma_hardened2,xilinx_u280_xdma_201920_3,3,2,6,12288,1024,Broadcast,3889.698800003316,51.75891562601926,6590.783399997235,30.54668614964413
dma_hardened2,xilinx_u280_xdma_201920_3,3,2,6,24576,1024,Broadcast,7141.523400002825,56.38197362762134,12026.799499994922,33.4796621495328
dma_hardened2,xilinx_u280_xdma_201920_3,3,2,6,24576,1024,Broadcast,7102.492399997118,56.691814833925534,12041.231199998492,33.43953598366672
dma_hardened2,xilinx_u280_xdma_201920_3,3,2,6,24576,1024,Broadcast,7132.124999998268,56.45627130765343,12038.617400003204,33.44679630734779
dma_hardened2,xilinx_u280_xdma_201920_3,3,2,6,24576,1024,Broadcast,7122.319500001595,56.53399626342372,12109.73689999264,33.25036599269507
dma_hardened2,xilinx_u280_xdma_201920_3,3,2,6,24576,1024,Broadcast,7113.125800003672,56.60706633359305,12019.636499996977,33.49961406903622
dma_hardened2,xilinx_u280_xdma_201920_3,3,2,6,24576,1024,Broadcast,7107.41999999982,56.65251019357378,12027.193199992325,33.47856622110776
dma_hardened2,xilinx_u280_xdma_201920_3,3,2,6,24576,1024,Broadcast,7143.767999991724,56.36425818986094,11977.195700001175,33.61831885238049
dma_hardened2,xilinx_u280_xdma_201920_3,3,2,6,24576,1024,Broadcast,7103.567499996188,56.68323472680679,12024.504600003638,33.486051807895535
dma_hardened2,xilinx_u280_xdma_201920_3,3,2,6,24576,1024,Broadcast,7158.897200008596,56.245141220845646,12011.888300003193,33.52122280390277
dma_hardened2,xilinx_u280_xdma_201920_3,3,2,6,24576,1024,Broadcast,7116.351399997711,56.581408276175,12019.155699999828,33.50095414771986
dma_hardened2,xilinx_u280_xdma_201920_3,3,2,6,24576,1024,Broadcast,7137.15649999358,56.41647118153598,12045.31239999369,33.4282059799637
dma_hardened2,xilinx_u280_xdma_201920_3,3,2,6,24576,1024,Broadcast,7138.250600007723,56.407824068205784,12052.656800005934,33.407836187603195
dma_hardened2,xilinx_u280_xdma_201920_3,3,2,6,24576,1024,Broadcast,7122.992400002204,56.52865556895377,12021.718200003306,33.4938132221307
dma_hardened2,xilinx_u280_xdma_201920_3,3,2,6,24576,1024,Broadcast,7153.993099996114,56.28369756188592,12017.964899996514,33.50427358962555
dma_hardened2,xilinx_u280_xdma_201920_3,3,2,6,24576,1024,Broadcast,7116.032399994765,56.583944727443374,12034.656900004848,33.457803354563254
dma_hardened2,xilinx_u280_xdma_201920_3,3,2,6,24576,1024,Broadcast,7142.760800002179,56.37220610829879,12030.900700005986,33.46824930570657
dma_hardened2,xilinx_u280_xdma_201920_3,3,2,6,24576,1024,Broadcast,7135.794999999234,56.42723536761401,12027.002000002085,33.479098448635014
dma_hardened2,xilinx_u280_xdma_201920_3,3,2,6,24576,1024,Broadcast,7116.47370000037,56.58043589762428,12033.918199995242,33.45985715609727
dma_hardened2,xilinx_u280_xdma_201920_3,3,2,6,24576,1024,Broadcast,7151.529199995821,56.30308885549056,11984.36509999965,33.59820738438716
dma_hardened2,xilinx_u280_xdma_201920_3,3,2,6,24576,1024,Broadcast,7129.079000003458,56.48039304934125,12046.875300006832,33.42386917541777
experiment,board_instance,number of nodes,rank id,number of banks,buffer size[KB],segment_size[KB],collective name,execution_time[us],throughput[Gbps],execution_time_fullpath[us],throughput_fullpath[Gbps]
dma_hardened2,xilinx_u280_xdma_201920_3,3,2,6,1,1024,Scatter,196.37809999721867,0.041715445867517936,285.7541000025776,0.028668005113228836
dma_hardened2,xilinx_u280_xdma_201920_3,3,2,6,1,1024,Scatter,191.8799999998555,0.042693350010455336,294.44580000017595,0.027821758707358382
dma_hardened2,xilinx_u280_xdma_201920_3,3,2,6,1,1024,Scatter,190.6668000060563,0.04296500491821225,295.71190000297065,0.027702638953378964
dma_hardened2,xilinx_u280_xdma_201920_3,3,2,6,1,1024,Scatter,182.4115999966125,0.04490942462075948,316.54379999963567,0.025879514936035485
dma_hardened2,xilinx_u280_xdma_201920_3,3,2,6,1,1024,Scatter,172.0536999982869,0.04761304174267433,286.9242999963717,0.0285510847289811
dma_hardened2,xilinx_u280_xdma_201920_3,3,2,6,1,1024,Scatter,191.37230000296768,0.042806613077613444,337.2368999976061,0.02429152918929735
dma_hardened2,xilinx_u280_xdma_201920_3,3,2,6,1,1024,Scatter,172.9551999915202,0.04736486674237979,280.27940001038587,0.029227977509929167
dma_hardened2,xilinx_u280_xdma_201920_3,3,2,6,1,1024,Scatter,186.19079999098176,0.0439978774482777,289.4625000067208,0.028300729800267037
dma_hardened2,xilinx_u280_xdma_201920_3,3,2,6,1,1024,Scatter,184.3461000021307,0.04443815193218254,277.9215999908047,0.029475938539037773
dma_hardened2,xilinx_u280_xdma_201920_3,3,2,6,1,1024,Scatter,185.32109999114255,0.04420435665658977,296.6688000014983,0.02761328457848829
dma_hardened2,xilinx_u280_xdma_201920_3,3,2,6,1,1024,Scatter,187.01430000191976,0.043804136902450275,286.43690000080824,0.028599667151742267
dma_hardened2,xilinx_u280_xdma_201920_3,3,2,6,1,1024,Scatter,183.60280000706553,0.04461805593207048,272.93050000025687,0.03001496718026124
dma_hardened2,xilinx_u280_xdma_201920_3,3,2,6,1,1024,Scatter,183.35910000359945,0.04467735716328879,289.17450000562894,0.028328915585020598
dma_hardened2,xilinx_u280_xdma_201920_3,3,2,6,1,1024,Scatter,189.93119999777264,0.04313140758388337,303.3793999975387,0.027002492588707277
dma_hardened2,xilinx_u280_xdma_201920_3,3,2,6,1,1024,Scatter,187.05979999822375,0.04379348208475465,273.828499996398,0.02991653535007408
dma_hardened2,xilinx_u280_xdma_201920_3,3,2,6,1,1024,Scatter,173.50680000163266,0.04721428785455622,287.15799999190494,0.02852784878091829
dma_hardened2,xilinx_u280_xdma_201920_3,3,2,6,1,1024,Scatter,181.23699999250675,0.04520048334688115,335.4836999960753,0.02441847398277721
dma_hardened2,xilinx_u280_xdma_201920_3,3,2,6,1,1024,Scatter,188.10600000733757,0.043549913345031256,289.10720000112633,0.02833551014975789
dma_hardened2,xilinx_u280_xdma_201920_3,3,2,6,1,1024,Scatter,176.208499999575,0.046490379295095065,288.78340000346725,0.02836728149852673
dma_hardened2,xilinx_u280_xdma_201920_3,3,2,6,1,1024,Scatter,177.455599998666,0.04616366009335057,297.6660999934211,0.027520769077100334
dma_hardened2,xilinx_u280_xdma_201920_3,3,2,6,6,1024,Scatter,184.0131999983896,0.26711127245453126,294.5943999975498,0.16684634874393
dma_hardened2,xilinx_u280_xdma_201920_3,3,2,6,6,1024,Scatter,174.77889999781837,0.2812238777141493,271.7076000067209,0.18090035022496315
dma_hardened2,xilinx_u280_xdma_201920_3,3,2,6,6,1024,Scatter,169.81789999590546,0.2894394525028582,274.00499999430394,0.179383587894461
dma_hardened2,xilinx_u280_xdma_201920_3,3,2,6,6,1024,Scatter,184.70750000005864,0.2661072235831485,297.8305000056025,0.1650334670192455
dma_hardened2,xilinx_u280_xdma_201920_3,3,2,6,6,1024,Scatter,203.78890000074534,0.24119076161567304,311.8289999974877,0.15762485208366125
dma_hardened2,xilinx_u280_xdma_201920_3,3,2,6,6,1024,Scatter,195.57749999421503,0.2513172527589005,304.871399998774,0.16122207593168025
dma_hardened2,xilinx_u280_xdma_201920_3,3,2,6,6,1024,Scatter,187.53049999986615,0.26210136484483904,280.3941000024679,0.17529612784137538
dma_hardened2,xilinx_u280_xdma_201920_3,3,2,6,6,1024,Scatter,182.2261000029357,0.2697308453575429,330.02080000414935,0.14893606705814305
dma_hardened2,xilinx_u280_xdma_201920_3,3,2,6,6,1024,Scatter,186.38039999814282,0.26371871720679735,297.431499996037,0.16525485700288942
dma_hardened2,xilinx_u280_xdma_201920_3,3,2,6,6,1024,Scatter,257.8412000048047,0.19062896076765112,297.01070000101026,0.16548898743322316
dma_hardened2,xilinx_u280_xdma_201920_3,3,2,6,6,1024,Scatter,180.4073000016615,0.27245017246833875,270.62150001029295,0.18162636744726685
dma_hardened2,xilinx_u280_xdma_201920_3,3,2,6,6,1024,Scatter,183.46589999964635,0.2679080962734478,301.32529999491453,0.1631193928980724
dma_hardened2,xilinx_u280_xdma_201920_3,3,2,6,6,1024,Scatter,180.5542999932186,0.27222835458278255,322.51289999294386,0.15240320620066788
dma_hardened2,xilinx_u280_xdma_201920_3,3,2,6,6,1024,Scatter,185.0719999993089,0.26558312440662846,306.16909999707786,0.16053873496858148
dma_hardened2,xilinx_u280_xdma_201920_3,3,2,6,6,1024,Scatter,182.74410000458374,0.26896627578546795,291.08879999739656,0.1688556893993847
dma_hardened2,xilinx_u280_xdma_201920_3,3,2,6,6,1024,Scatter,180.64079999930982,0.2720979977955578,275.58159999898635,0.17835733590406905
dma_hardened2,xilinx_u280_xdma_201920_3,3,2,6,6,1024,Scatter,187.73750000491418,0.2618123709898843,268.65910000424265,0.18295304346371963
dma_hardened2,xilinx_u280_xdma_201920_3,3,2,6,6,1024,Scatter,171.24040000453533,0.2870350688196138,292.2766999972737,0.16816940933183686
dma_hardened2,xilinx_u280_xdma_201920_3,3,2,6,6,1024,Scatter,200.62099999904603,0.2449992772453219,300.9599999927559,0.16331738437394697
dma_hardened2,xilinx_u280_xdma_201920_3,3,2,6,6,1024,Scatter,176.5491000014663,0.278404137996692,284.0488999936497,0.17304062786759203
dma_hardened2,xilinx_u280_xdma_201920_3,3,2,6,12,1024,Scatter,181.1740999983158,0.5425941125189188,302.08389999870633,0.32541952749028
dma_hardened2,xilinx_u280_xdma_201920_3,3,2,6,12,1024,Scatter,179.83270000740958,0.5466414061288609,287.5378999988243,0.34188188757169735
dma_hardened2,xilinx_u280_xdma_201920_3,3,2,6,12,1024,Scatter,175.7935999989968,0.5592012450997135,282.2377000029519,0.3483021580709163
dma_hardened2,xilinx_u280_xdma_201920_3,3,2,6,12,1024,Scatter,184.45150000161448,0.5329531069096188,268.92340000586046,0.3655464715895222
dma_hardened2,xilinx_u280_xdma_201920_3,3,2,6,12,1024,Scatter,172.5421999935861,0.5697388812919636,271.75919999535836,0.36173200392729676
dma_hardened2,xilinx_u280_xdma_201920_3,3,2,6,12,1024,Scatter,209.66869999483606,0.468853958661551,282.58530001039617,0.34787372165637576
dma_hardened2,xilinx_u280_xdma_201920_3,3,2,6,12,1024,Scatter,176.29330000090704,0.5576161998186784,262.8447999995842,0.37400017044337763
dma_hardened2,xilinx_u280_xdma_201920_3,3,2,6,12,1024,Scatter,172.59210000020175,0.5695741577968232,323.8022000005003,0.3035927489061165
dma_hardened2,xilinx_u280_xdma_201920_3,3,2,6,12,1024,Scatter,187.55930000224907,0.5241222376007013,277.5558999928762,0.3541773026713649
dma_hardened2,xilinx_u280_xdma_201920_3,3,2,6,12,1024,Scatter,184.92279999691164,0.5315948060576725,277.70089999421543,0.35399237093595187
dma_hardened2,xilinx_u280_xdma_201920_3,3,2,6,12,1024,Scatter,184.05979999442934,0.5340872912117433,285.6930999996621,0.3440895142378877
dma_hardened2,xilinx_u280_xdma_201920_3,3,2,6,12,1024,Scatter,174.4569999914347,0.5634855580734875,281.73580000157017,0.3489226431268307
dma_hardened2,xilinx_u280_xdma_201920_3,3,2,6,12,1024,Scatter,197.36400000738286,0.498084757079927,270.5085999991752,0.36340434278355566
dma_hardened2,xilinx_u280_xdma_201920_3,3,2,6,12,1024,Scatter,170.45539999571702,0.5767139087554284,296.757500007061,0.3312603725185074
dma_hardened2,xilinx_u280_xdma_201920_3,3,2,6,12,1024,Scatter,170.65470000261485,0.5760403903232302,301.0650999954123,0.32652074252876867
dma_hardened2,xilinx_u280_xdma_201920_3,3,2,6,12,1024,Scatter,171.45980000350391,0.5733355573609153,255.97119999929416,0.3840432048616058
dma_hardened2,xilinx_u280_xdma_201920_3,3,2,6,12,1024,Scatter,170.72870000447438,0.5757907135556218,273.9937999990616,0.3587818410501868
dma_hardened2,xilinx_u280_xdma_201920_3,3,2,6,12,1024,Scatter,170.61450000710465,0.5761761163084408,266.5600000000268,0.36878751500596535
dma_hardened2,xilinx_u280_xdma_201920_3,3,2,6,12,1024,Scatter,177.8808999915782,0.5526394346141391,273.8768000085656,0.35893511241888865
dma_hardened2,xilinx_u280_xdma_201920_3,3,2,6,12,1024,Scatter,203.70949999914956,0.48256954143233577,263.9952000095036,0.3723704067212628
dma_hardened2,xilinx_u280_xdma_201920_3,3,2,6,24,1024,Scatter,180.5467999929533,1.0889586523143782,307.1979999958785,0.6400041667023801
dma_hardened2,xilinx_u280_xdma_201920_3,3,2,6,24,1024,Scatter,175.10339999944335,1.1228108648982544,292.4488999951791,0.6722815507366963
dma_hardened2,xilinx_u280_xdma_201920_3,3,2,6,24,1024,Scatter,184.11839999998847,1.0678346107722656,277.80350000057297,0.7077232648242174
dma_hardened2,xilinx_u280_xdma_201920_3,3,2,6,24,1024,Scatter,174.08460000751802,1.129381921155055,288.22900000022855,0.68212428312156
dma_hardened2,xilinx_u280_xdma_201920_3,3,2,6,24,1024,Scatter,180.80959999906554,1.0873758915512015,273.3773999921141,0.7191816148872271
dma_hardened2,xilinx_u280_xdma_201920_3,3,2,6,24,1024,Scatter,188.03760000309921,1.0455781184016364,267.57020000331977,0.7347903465989885
dma_hardened2,xilinx_u280_xdma_201920_3,3,2,6,24,1024,Scatter,180.53290000352717,1.0890424958340488,261.88189999629685,0.75075062462423
dma_hardened2,xilinx_u280_xdma_201920_3,3,2,6,24,1024,Scatter,198.05700000006254,0.9926839243245021,276.6434000022855,0.7106910918473953
dma_hardened2,xilinx_u280_xdma_201920_3,3,2,6,24,1024,Scatter,188.66579999894384,1.0420966598138117,286.2874000015836,0.6867504472740067
dma_hardened2,xilinx_u280_xdma_201920_3,3,2,6,24,1024,Scatter,190.46729998990486,1.0322401798651033,309.0831999998045,0.6361005709793491
dma_hardened2,xilinx_u280_xdma_201920_3,3,2,6,24,1024,Scatter,182.08500000582717,1.0797594529681636,321.91760000159775,0.61074013970974
dma_hardened2,xilinx_u280_xdma_201920_3,3,2,6,24,1024,Scatter,188.2023999996818,1.0446625547832142,271.7665999966812,0.7234443084705808
dma_hardened2,xilinx_u280_xdma_201920_3,3,2,6,24,1024,Scatter,185.61140000201704,1.0592452834139685,303.97009999205693,0.6468004583514548
dma_hardened2,xilinx_u280_xdma_201920_3,3,2,6,24,1024,Scatter,212.06860000120287,0.9270962320630439,295.5219999989822,0.6652905705858689
dma_hardened2,xilinx_u280_xdma_201920_3,3,2,6,24,1024,Scatter,180.0600000024133,1.0919026990856655,280.2911000003405,0.7014421792192516
dma_hardened2,xilinx_u280_xdma_201920_3,3,2,6,24,1024,Scatter,179.25460000469684,1.0968086732214877,297.7869999995164,0.660230298838832
dma_hardened2,xilinx_u280_xdma_201920_3,3,2,6,24,1024,Scatter,178.50049999879047,1.1014422928861949,274.6655000009923,0.7158088656904114
dma_hardened2,xilinx_u280_xdma_201920_3,3,2,6,24,1024,Scatter,175.2957000007882,1.1215791374181796,290.1971000028425,0.6774981555572892
dma_hardened2,xilinx_u280_xdma_201920_3,3,2,6,24,1024,Scatter,184.375200001341,1.0663473178527807,283.2146999935503,0.6942012543998507
dma_hardened2,xilinx_u280_xdma_201920_3,3,2,6,24,1024,Scatter,176.94969999411114,1.1110954130272224,261.98860000477,0.7504448666713758
dma_hardened2,xilinx_u280_xdma_201920_3,3,2,6,48,1024,Scatter,208.468100004211,1.8862166441391135,282.72969999534325,1.3907842013289604
dma_hardened2,xilinx_u280_xdma_201920_3,3,2,6,48,1024,Scatter,176.474500005952,2.2281746087210217,288.5013999957664,1.3629604570576441
dma_hardened2,xilinx_u280_xdma_201920_3,3,2,6,48,1024,Scatter,196.70760000281007,1.9989873293883038,307.5366999951257,1.2785986193070042
dma_hardened2,xilinx_u280_xdma_201920_3,3,2,6,48,1024,Scatter,175.4739000034533,2.2408802676196378,290.71940000449104,1.352561954908842
dma_hardened2,xilinx_u280_xdma_201920_3,3,2,6,48,1024,Scatter,179.312199998094,2.192912696426566,307.3289999974804,1.2794627256237574
dma_hardened2,xilinx_u280_xdma_201920_3,3,2,6,48,1024,Scatter,194.00709999217725,2.0268124208642635,296.98719999942114,1.3240166579595567
dma_hardened2,xilinx_u280_xdma_201920_3,3,2,6,48,1024,Scatter,181.77839999680145,2.1631612997304352,281.7392999986623,1.39567323409218
dma_hardened2,xilinx_u280_xdma_201920_3,3,2,6,48,1024,Scatter,189.7737000035704,2.072025786463572,289.171700001134,1.3598011146957256
dma_hardened2,xilinx_u280_xdma_201920_3,3,2,6,48,1024,Scatter,184.2099999976199,2.134607241762557,282.37540000191075,1.3925292358942714
dma_hardened2,xilinx_u280_xdma_201920_3,3,2,6,48,1024,Scatter,208.98609999449036,1.8815414039994365,298.76730000069074,1.3161279698249806
dma_hardened2,xilinx_u280_xdma_201920_3,3,2,6,48,1024,Scatter,175.87429999821325,2.2357786214585915,280.2622999979576,1.403028520078746
dma_hardened2,xilinx_u280_xdma_201920_3,3,2,6,48,1024,Scatter,178.51830000381597,2.2026649368249345,328.4022000002551,1.1973610408203554
dma_hardened2,xilinx_u280_xdma_201920_3,3,2,6,48,1024,Scatter,196.77720000572663,1.9982802885118631,312.0738000006895,1.260009651560404
dma_hardened2,xilinx_u280_xdma_201920_3,3,2,6,48,1024,Scatter,186.2673999994513,2.111029627305467,300.22820000112915,1.3097237368059398
dma_hardened2,xilinx_u280_xdma_201920_3,3,2,6,48,1024,Scatter,189.66009999985545,2.073266860031708,287.6644000025408,1.3669261820250505
dma_hardened2,xilinx_u280_xdma_201920_3,3,2,6,48,1024,Scatter,179.69980000316355,2.1881827358354187,263.24929999645974,1.4937019775752038
dma_hardened2,xilinx_u280_xdma_201920_3,3,2,6,48,1024,Scatter,208.5710999949697,1.8852851617960664,305.14259999563365,1.288630299425995
dma_hardened2,xilinx_u280_xdma_201920_3,3,2,6,48,1024,Scatter,178.70279999669947,2.2003908165247688,288.53730000264477,1.3627908765916772
dma_hardened2,xilinx_u280_xdma_201920_3,3,2,6,48,1024,Scatter,181.081699997776,2.1714839213726695,278.86670000043523,1.4100500346559353
dma_hardened2,xilinx_u280_xdma_201920_3,3,2,6,48,1024,Scatter,169.4403999977112,2.3206744082598454,303.36410000018077,1.2961850133215027
dma_hardened2,xilinx_u280_xdma_201920_3,3,2,6,96,1024,Scatter,179.1541999978108,4.38969334801869,290.3409000055035,2.7086504174406465
dma_hardened2,xilinx_u280_xdma_201920_3,3,2,6,96,1024,Scatter,176.99520000178381,4.443239138643726,317.91749999001695,2.473698365219578
dma_hardened2,xilinx_u280_xdma_201920_3,3,2,6,96,1024,Scatter,183.49509999779912,4.285847415050498,306.9668999955866,2.5619439751038526
dma_hardened2,xilinx_u280_xdma_201920_3,3,2,6,96,1024,Scatter,179.85349999207756,4.372625498167352,308.6706000090089,2.54780338644836
dma_hardened2,xilinx_u280_xdma_201920_3,3,2,6,96,1024,Scatter,180.67130000645193,4.352833017595577,283.4203000020352,2.7747906554130126
dma_hardened2,xilinx_u280_xdma_201920_3,3,2,6,96,1024,Scatter,178.86919999909878,4.396687635456313,310.7237999984136,2.5309680172681177
dma_hardened2,xilinx_u280_xdma_201920_3,3,2,6,96,1024,Scatter,187.68370000543655,4.190198722516765,303.92910000500706,2.5875508465199415
dma_hardened2,xilinx_u280_xdma_201920_3,3,2,6,96,1024,Scatter,204.97850000538165,3.8366560394351237,292.273800005205,2.6907372470128856
dma_hardened2,xilinx_u280_xdma_201920_3,3,2,6,96,1024,Scatter,177.1943999983705,4.438244098048426,297.9878000019198,2.639141602424439
dma_hardened2,xilinx_u280_xdma_201920_3,3,2,6,96,1024,Scatter,184.18129999417943,4.269879732767947,297.3707000023751,2.6446183164438155
dma_hardened2,xilinx_u280_xdma_201920_3,3,2,6,96,1024,Scatter,177.84990000109246,4.421886096057233,292.5901000025988,2.687828467173069
dma_hardened2,xilinx_u280_xdma_201920_3,3,2,6,96,1024,Scatter,188.31940000154646,4.1760540867990334,294.5947999933196,2.669537955245081
dma_hardened2,xilinx_u280_xdma_201920_3,3,2,6,96,1024,Scatter,186.27090000791213,4.2219799226105375,297.23300000341624,2.6458434964857913
dma_hardened2,xilinx_u280_xdma_201920_3,3,2,6,96,1024,Scatter,185.1018000024851,4.248645880209926,307.9946000070777,2.553395416614213
dma_hardened2,xilinx_u280_xdma_201920_3,3,2,6,96,1024,Scatter,191.49119999610775,4.106883240671033,328.3680999970784,2.3949707660610065
dma_hardened2,xilinx_u280_xdma_201920_3,3,2,6,96,1024,Scatter,190.27920000098675,4.133042392420831,286.1079000012978,2.748725218689986
dma_hardened2,xilinx_u280_xdma_201920_3,3,2,6,96,1024,Scatter,190.19000000071173,4.134980808649545,293.3874000063952,2.680524112429019
dma_hardened2,xilinx_u280_xdma_201920_3,3,2,6,96,1024,Scatter,191.69700000247758,4.102474217070877,318.5262999977567,2.4689703801712404
dma_hardened2,xilinx_u280_xdma_201920_3,3,2,6,96,1024,Scatter,185.2718999998615,4.244745155636597,302.4792000019261,2.5999539802901896
dma_hardened2,xilinx_u280_xdma_201920_3,3,2,6,96,1024,Scatter,194.37810000226818,4.045887885470756,289.4243000014285,2.7172286501033898
dma_hardened2,xilinx_u280_xdma_201920_3,3,2,6,192,1024,Scatter,214.54310000308396,7.3312262197077915,356.28279999855295,4.414650384487795
dma_hardened2,xilinx_u280_xdma_201920_3,3,2,6,192,1024,Scatter,185.36549999907947,8.485203557338398,313.9558999919245,5.009824628364865
dma_hardened2,xilinx_u280_xdma_201920_3,3,2,6,192,1024,Scatter,210.33670000178972,7.477839102670227,348.67670000267026,4.510952409461127
dma_hardened2,xilinx_u280_xdma_201920_3,3,2,6,192,1024,Scatter,192.14200000305937,8.185945810780341,339.2452999946727,4.63636194819707
dma_hardened2,xilinx_u280_xdma_201920_3,3,2,6,192,1024,Scatter,188.32150000207548,8.352015038020967,345.39529999619845,4.553808346602607
dma_hardened2,xilinx_u280_xdma_201920_3,3,2,6,192,1024,Scatter,191.42989999636484,8.216396707253505,323.16809999883844,4.86701503027574
dma_hardened2,xilinx_u280_xdma_201920_3,3,2,6,192,1024,Scatter,198.06849999213227,7.9410103073556755,316.1655999974755,4.9748106688790905
dma_hardened2,xilinx_u280_xdma_201920_3,3,2,6,192,1024,Scatter,194.5687999977963,8.08384489197556,333.73979999851144,4.712845156637043
dma_hardened2,xilinx_u280_xdma_201920_3,3,2,6,192,1024,Scatter,183.73079999491893,8.560698587517702,330.6865000013204,4.756359875573148
dma_hardened2,xilinx_u280_xdma_201920_3,3,2,6,192,1024,Scatter,202.81090000935365,7.755322815132025,349.4253000098979,4.501288258049565
dma_hardened2,xilinx_u280_xdma_201920_3,3,2,6,192,1024,Scatter,201.63159999810887,7.800682036023878,364.51229999556745,4.314981963624072
dma_hardened2,xilinx_u280_xdma_201920_3,3,2,6,192,1024,Scatter,203.09420000330647,7.744504766627472,317.77339999052856,4.949640215470772
dma_hardened2,xilinx_u280_xdma_201920_3,3,2,6,192,1024,Scatter,187.7572000012151,8.377116829553385,330.9357000034652,4.752778258687505
dma_hardened2,xilinx_u280_xdma_201920_3,3,2,6,192,1024,Scatter,195.71020000057615,8.03669916026538,342.2498000077212,4.595660830085265
dma_hardened2,xilinx_u280_xdma_201920_3,3,2,6,192,1024,Scatter,195.57110000505418,8.042415264624232,333.94640000778963,4.709929497558026
dma_hardened2,xilinx_u280_xdma_201920_3,3,2,6,192,1024,Scatter,188.5614999991958,8.341384641120845,332.03980000280353,4.736974302438201
dma_hardened2,xilinx_u280_xdma_201920_3,3,2,6,192,1024,Scatter,190.6044999941514,8.251977262070216,316.2332000101742,4.973747221826792
dma_hardened2,xilinx_u280_xdma_201920_3,3,2,6,192,1024,Scatter,194.16899999669113,8.100489779660005,380.9910000086347,4.128349488477031
dma_hardened2,xilinx_u280_xdma_201920_3,3,2,6,192,1024,Scatter,197.96180000639652,7.945290454770455,337.85170001010556,4.655486415942124
dma_hardened2,xilinx_u280_xdma_201920_3,3,2,6,192,1024,Scatter,185.48560000226644,8.479709475995879,330.8536999952594,4.753956204880092
dma_hardened2,xilinx_u280_xdma_201920_3,3,2,6,384,1024,Scatter,227.60059999882287,13.821264091642417,437.83060000350815,7.1848061784050605
dma_hardened2,xilinx_u280_xdma_201920_3,3,2,6,384,1024,Scatter,223.60969999226654,14.06794070252227,432.1243000049435,7.279683183667322
dma_hardened2,xilinx_u280_xdma_201920_3,3,2,6,384,1024,Scatter,225.4375000006803,13.953880787315807,401.23599999333237,7.840094109332848
dma_hardened2,xilinx_u280_xdma_201920_3,3,2,6,384,1024,Scatter,220.7665999890196,14.24911195876759,444.76560000248355,7.072777211147701
dma_hardened2,xilinx_u280_xdma_201920_3,3,2,6,384,1024,Scatter,228.63110000344022,13.75896804919657,449.3204999903355,7.00107829504254
dma_hardened2,xilinx_u280_xdma_201920_3,3,2,6,384,1024,Scatter,238.28990000538397,13.20126450986351,479.14830000763686,6.565249213969583
dma_hardened2,xilinx_u280_xdma_201920_3,3,2,6,384,1024,Scatter,229.46020000063072,13.709253282230875,375.62949999028206,8.37454992241393
dma_hardened2,xilinx_u280_xdma_201920_3,3,2,6,384,1024,Scatter,225.6089999946198,13.94327353995194,440.611200008334,7.139464452879317
dma_hardened2,xilinx_u280_xdma_201920_3,3,2,6,384,1024,Scatter,241.31389999411113,13.035834239456436,433.5239999932128,7.256179588786894
dma_hardened2,xilinx_u280_xdma_201920_3,3,2,6,384,1024,Scatter,220.602299998518,14.259724400068055,419.8216000077082,7.493011317050486
dma_hardened2,xilinx_u280_xdma_201920_3,3,2,6,384,1024,Scatter,225.79189999305527,13.93197895981545,431.32639999612366,7.293149689024996
dma_hardened2,xilinx_u280_xdma_201920_3,3,2,6,384,1024,Scatter,231.22920000560043,13.604371765866118,422.97280000411774,7.437187450279014
dma_hardened2,xilinx_u280_xdma_201920_3,3,2,6,384,1024,Scatter,231.85060000514568,13.567909679466794,413.96839999379154,7.598956828702813
dma_hardened2,xilinx_u280_xdma_201920_3,3,2,6,384,1024,Scatter,238.07259999557573,13.213313922133246,459.65589999923395,6.843658484542987
dma_hardened2,xilinx_u280_xdma_201920_3,3,2,6,384,1024,Scatter,230.38690000021234,13.65410967375793,439.6899000084886,7.15442406100133
dma_hardened2,xilinx_u280_xdma_201920_3,3,2,6,384,1024,Scatter,240.568800006713,13.0762093833956,430.11029999888706,7.313770444483985
dma_hardened2,xilinx_u280_xdma_201920_3,3,2,6,384,1024,Scatter,247.81930000017383,12.693636048515161,445.1337999967109,7.066926843172197
dma_hardened2,xilinx_u280_xdma_201920_3,3,2,6,384,1024,Scatter,243.9996000020983,12.892349003739957,478.0933000006371,6.579736632987344
dma_hardened2,xilinx_u280_xdma_201920_3,3,2,6,384,1024,Scatter,224.0275999952246,14.041698433885177,415.8755000048586,7.564109931850395
dma_hardened2,xilinx_u280_xdma_201920_3,3,2,6,384,1024,Scatter,241.748300004474,13.012410014638293,432.7321999994638,7.269456721741295
dma_hardened2,xilinx_u280_xdma_201920_3,3,2,6,768,1024,Scatter,369.4981999956326,17.0270274660996,605.1490999993803,10.396538638174365
dma_hardened2,xilinx_u280_xdma_201920_3,3,2,6,768,1024,Scatter,379.53439999682814,16.57677406857607,630.7007000032172,9.975343296698272
dma_hardened2,xilinx_u280_xdma_201920_3,3,2,6,768,1024,Scatter,361.27920000126323,17.414387542869896,604.8420999945847,10.40181561444934
dma_hardened2,xilinx_u280_xdma_201920_3,3,2,6,768,1024,Scatter,357.6415999987148,17.591510607330378,651.1287999956039,9.662383233612882
dma_hardened2,xilinx_u280_xdma_201920_3,3,2,6,768,1024,Scatter,387.7767000062704,16.224430193712685,632.1769000010136,9.952049813888982
dma_hardened2,xilinx_u280_xdma_201920_3,3,2,6,768,1024,Scatter,404.27789999739616,15.56220609645128,616.2876000075812,10.20863635731533
dma_hardened2,xilinx_u280_xdma_201920_3,3,2,6,768,1024,Scatter,376.29360000437373,16.71954027367692,599.3761000013365,10.49667479231483
dma_hardened2,xilinx_u280_xdma_201920_3,3,2,6,768,1024,Scatter,374.015700003838,16.821368728466318,651.6590000046563,9.65452176668326
dma_hardened2,xilinx_u280_xdma_201920_3,3,2,6,768,1024,Scatter,371.82560000701415,16.92044872618055,640.415700001995,9.824018992633068
dma_hardened2,xilinx_u280_xdma_201920_3,3,2,6,768,1024,Scatter,368.93160000772696,17.05317733658009,637.0679999918138,9.875642788651827
dma_hardened2,xilinx_u280_xdma_201920_3,3,2,6,768,1024,Scatter,402.9763000062303,15.612471502425153,617.2305000063716,10.193041335344015
dma_hardened2,xilinx_u280_xdma_201920_3,3,2,6,768,1024,Scatter,345.005700000911,18.235803060596933,694.1869000002043,9.063057801865964
dma_hardened2,xilinx_u280_xdma_201920_3,3,2,6,768,1024,Scatter,384.25249999818334,16.373233746116796,665.258799995172,9.45715562130957
dma_hardened2,xilinx_u280_xdma_201920_3,3,2,6,768,1024,Scatter,333.18509999844537,18.88276516575728,645.482599998104,9.746902550151594
dma_hardened2,xilinx_u280_xdma_201920_3,3,2,6,768,1024,Scatter,317.89369999160044,19.791068524372253,603.2607000065582,10.429083147520805
dma_hardened2,xilinx_u280_xdma_201920_3,3,2,6,768,1024,Scatter,376.83669999069025,16.695443942045536,631.4157000019804,9.964047457135239
dma_hardened2,xilinx_u280_xdma_201920_3,3,2,6,768,1024,Scatter,357.470899996315,17.599910929994177,625.1609999935681,10.063737181405637
dma_hardened2,xilinx_u280_xdma_201920_3,3,2,6,768,1024,Scatter,344.7164000021985,18.25110728691723,660.5947999901218,9.523926013486752
dma_hardened2,xilinx_u280_xdma_201920_3,3,2,6,768,1024,Scatter,378.9197000060085,16.60366563126762,623.9151999920978,10.083831905489214
dma_hardened2,xilinx_u280_xdma_201920_3,3,2,6,768,1024,Scatter,321.59049999336276,19.56356297878777,586.6490000016711,10.724395677793842
dma_hardened2,xilinx_u280_xdma_201920_3,3,2,6,1536,1024,Scatter,628.7892999921496,20.011332890297428,957.0990999918649,13.146927000669994
dma_hardened2,xilinx_u280_xdma_201920_3,3,2,6,1536,1024,Scatter,547.9077000018151,22.96538632320428,953.0132999998386,13.203291076842401
dma_hardened2,xilinx_u280_xdma_201920_3,3,2,6,1536,1024,Scatter,631.7672000022867,19.917007403921026,900.5777999959719,13.972043281609075
dma_hardened2,xilinx_u280_xdma_201920_3,3,2,6,1536,1024,Scatter,612.6934000008077,20.537045119114083,935.9223000046768,13.44439810862197
dma_hardened2,xilinx_u280_xdma_201920_3,3,2,6,1536,1024,Scatter,584.7360000075241,21.518962403269317,989.0683999969953,12.721983636357432
dma_hardened2,xilinx_u280_xdma_201920_3,3,2,6,1536,1024,Scatter,568.1508999941798,22.147130278468097,960.9895000039614,13.093703937397995
dma_hardened2,xilinx_u280_xdma_201920_3,3,2,6,1536,1024,Scatter,625.237899998865,20.124998820485516,920.6236000068202,13.667813859982282
dma_hardened2,xilinx_u280_xdma_201920_3,3,2,6,1536,1024,Scatter,589.4887000067683,21.345467690653827,995.2838000003793,12.642536731729386
dma_hardened2,xilinx_u280_xdma_201920_3,3,2,6,1536,1024,Scatter,569.9037999988832,22.079010527784966,992.9330999966623,12.672467057490879
dma_hardened2,xilinx_u280_xdma_201920_3,3,2,6,1536,1024,Scatter,635.7750999995915,19.791451411054137,963.1840999986707,13.06387013657863
dma_hardened2,xilinx_u280_xdma_201920_3,3,2,6,1536,1024,Scatter,616.1694999946121,20.42118605369144,978.6754000060682,12.857084177166383
dma_hardened2,xilinx_u280_xdma_201920_3,3,2,6,1536,1024,Scatter,575.5948999990324,21.860707938901392,973.3152000080736,12.927890163325946
dma_hardened2,xilinx_u280_xdma_201920_3,3,2,6,1536,1024,Scatter,590.4407999992145,21.31104761055933,921.895500005121,13.64895695871181
dma_hardened2,xilinx_u280_xdma_201920_3,3,2,6,1536,1024,Scatter,632.0264999999381,19.908836101019865,988.2840999921427,12.732079773518606
dma_hardened2,xilinx_u280_xdma_201920_3,3,2,6,1536,1024,Scatter,650.1853000031588,19.352809114476855,1011.0489999988204,12.445402745084245
dma_hardened2,xilinx_u280_xdma_201920_3,3,2,6,1536,1024,Scatter,562.3278000030041,22.37647151702758,967.5038000068525,13.005542717156128
dma_hardened2,xilinx_u280_xdma_201920_3,3,2,6,1536,1024,Scatter,647.8653000044687,19.42211135542096,1000.3401000062695,12.578634006495529
dma_hardened2,xilinx_u280_xdma_201920_3,3,2,6,1536,1024,Scatter,666.0910000050535,18.89068010212499,945.8636000090337,13.303093596032054
dma_hardened2,xilinx_u280_xdma_201920_3,3,2,6,1536,1024,Scatter,620.1648000001114,20.289626241279315,976.6909000063606,12.883207983117336
dma_hardened2,xilinx_u280_xdma_201920_3,3,2,6,1536,1024,Scatter,591.779800004133,21.262827828716222,1022.1415999922101,12.31034134614607
dma_hardened2,xilinx_u280_xdma_201920_3,3,2,6,3072,1024,Scatter,994.6813999931691,25.300386636537915,1660.1928999989468,15.158373463719768
dma_hardened2,xilinx_u280_xdma_201920_3,3,2,6,3072,1024,Scatter,942.4753000075725,26.70183929467202,1653.7685000002966,15.217259247588453
dma_hardened2,xilinx_u280_xdma_201920_3,3,2,6,3072,1024,Scatter,937.9536000096778,26.830563899685806,1663.1688999950711,15.131249748642233
dma_hardened2,xilinx_u280_xdma_201920_3,3,2,6,3072,1024,Scatter,977.1664999902896,25.753875107517583,1670.0657999990653,15.06876196136349
dma_hardened2,xilinx_u280_xdma_201920_3,3,2,6,3072,1024,Scatter,944.3770999951084,26.648066752286084,1666.1044999978003,15.10458917794966
dma_hardened2,xilinx_u280_xdma_201920_3,3,2,6,3072,1024,Scatter,1019.9023000041052,24.674739923518857,1637.9638999978852,15.364089526046632
dma_hardened2,xilinx_u280_xdma_201920_3,3,2,6,3072,1024,Scatter,963.1359999957567,26.129045119392146,1613.7789000026714,15.594344429685096
dma_hardened2,xilinx_u280_xdma_201920_3,3,2,6,3072,1024,Scatter,974.9436999982208,25.81259205023421,1681.4909999993688,14.96637448550688
dma_hardened2,xilinx_u280_xdma_201920_3,3,2,6,3072,1024,Scatter,1008.1449000040265,24.962506877631863,1634.0108000008513,15.401259281754374
dma_hardened2,xilinx_u280_xdma_201920_3,3,2,6,3072,1024,Scatter,1008.4885000082977,24.95400195420467,1661.998700001277,15.141903540586803
dma_hardened2,xilinx_u280_xdma_201920_3,3,2,6,3072,1024,Scatter,984.3215000046256,25.56667105197005,1639.1519999956472,15.352953234396095
dma_hardened2,xilinx_u280_xdma_201920_3,3,2,6,3072,1024,Scatter,957.4059000101443,26.285428155115145,1647.635699998773,15.273900656570346
dma_hardened2,xilinx_u280_xdma_201920_3,3,2,6,3072,1024,Scatter,984.3114999966928,25.566930793843774,1602.791600009823,15.701245252249741
dma_hardened2,xilinx_u280_xdma_201920_3,3,2,6,3072,1024,Scatter,1021.4679000000615,24.63692104274494,1595.261499994649,15.775359713805175
dma_hardened2,xilinx_u280_xdma_201920_3,3,2,6,3072,1024,Scatter,988.5392000001046,25.457588328310436,1647.6152000109323,15.274090697775197
dma_hardened2,xilinx_u280_xdma_201920_3,3,2,6,3072,1024,Scatter,948.7578999937796,26.525021820809076,1559.838299999683,16.133610772350643
dma_hardened2,xilinx_u280_xdma_201920_3,3,2,6,3072,1024,Scatter,947.9167999984384,26.548557848158676,1582.578599993667,15.901784593890442
dma_hardened2,xilinx_u280_xdma_201920_3,3,2,6,3072,1024,Scatter,984.04999999957,25.57372491236319,1576.73659999773,15.960702631014103
dma_hardened2,xilinx_u280_xdma_201920_3,3,2,6,3072,1024,Scatter,972.5011999989874,25.877422053593563,1587.0395999968423,15.857086363850073
dma_hardened2,xilinx_u280_xdma_201920_3,3,2,6,3072,1024,Scatter,966.8026999975154,26.02994799255802,1645.6612000069981,15.292226613772618
dma_hardened2,xilinx_u280_xdma_201920_3,3,2,6,6144,1024,Scatter,1906.8584000024202,26.39506320969408,3095.455300001504,16.259852952803275
dma_hardened2,xilinx_u280_xdma_201920_3,3,2,6,6144,1024,Scatter,1880.1004000010835,26.770723520919944,3117.9089000033855,16.142757730973265
dma_hardened2,xilinx_u280_xdma_201920_3,3,2,6,6144,1024,Scatter,1964.7509000037646,25.6173176965607,3150.2471999942827,15.977047134615768
dma_hardened2,xilinx_u280_xdma_201920_3,3,2,6,6144,1024,Scatter,1884.1751999957523,26.712827979114397,3043.0817999899773,16.539696041087613
dma_hardened2,xilinx_u280_xdma_201920_3,3,2,6,6144,1024,Scatter,1902.305399994475,26.458237462894328,2975.4814000057195,16.915463830458915
dma_hardened2,xilinx_u280_xdma_201920_3,3,2,6,6144,1024,Scatter,1862.4059999979181,27.02506757391045,3077.3477000025196,16.355528496165316
dma_hardened2,xilinx_u280_xdma_201920_3,3,2,6,6144,1024,Scatter,1870.2630999996472,26.911533462863858,3101.799800003846,16.226594637067677
dma_hardened2,xilinx_u280_xdma_201920_3,3,2,6,6144,1024,Scatter,1853.4144999989621,27.156174725096943,3069.3950999989283,16.397904590392283
dma_hardened2,xilinx_u280_xdma_201920_3,3,2,6,6144,1024,Scatter,1898.4744000022147,26.51162849493324,3090.263799992954,16.287168752426496
dma_hardened2,xilinx_u280_xdma_201920_3,3,2,6,6144,1024,Scatter,1974.512899994352,25.490665571313297,3092.324200008534,16.276316694045565
dma_hardened2,xilinx_u280_xdma_201920_3,3,2,6,6144,1024,Scatter,1952.5970000017878,25.776772165456524,3159.1388000038023,15.932078704468262
dma_hardened2,xilinx_u280_xdma_201920_3,3,2,6,6144,1024,Scatter,1880.3332999937084,26.767407671910302,2988.227800005916,16.84331027236289
dma_hardened2,xilinx_u280_xdma_201920_3,3,2,6,6144,1024,Scatter,1854.8358999964876,27.135364373794634,3016.072599996278,16.6878104990119
dma_hardened2,xilinx_u280_xdma_201920_3,3,2,6,6144,1024,Scatter,1932.4547999985953,26.045446444613653,3141.4281000024857,16.021900357980556
dma_hardened2,xilinx_u280_xdma_201920_3,3,2,6,6144,1024,Scatter,1973.3092000024044,25.50621463678306,3153.57929999891,15.960165644167375
dma_hardened2,xilinx_u280_xdma_201920_3,3,2,6,6144,1024,Scatter,1992.7070999983696,25.257925763420616,2950.5301000085637,17.058510265614277
dma_hardened2,xilinx_u280_xdma_201920_3,3,2,6,6144,1024,Scatter,1928.8957999947343,26.09350282173739,3011.837500002912,16.711276089746324
dma_hardened2,xilinx_u280_xdma_201920_3,3,2,6,6144,1024,Scatter,1899.7010000020964,26.49451045187872,3099.6811000022717,16.237685870318437
dma_hardened2,xilinx_u280_xdma_201920_3,3,2,6,6144,1024,Scatter,1929.608900002222,26.083859791454135,3052.602899992962,16.48810855814755
dma_hardened2,xilinx_u280_xdma_201920_3,3,2,6,6144,1024,Scatter,1893.5027999987142,26.581237693461123,3078.445300002386,16.349697036994936
dma_hardened2,xilinx_u280_xdma_201920_3,3,2,6,12288,1024,Scatter,3374.316299994007,29.8322051196501,5368.501999998898,18.750723386155144
dma_hardened2,xilinx_u280_xdma_201920_3,3,2,6,12288,1024,Scatter,3383.6152999924707,29.750218944873552,5375.710700002401,18.725579112721793
dma_hardened2,xilinx_u280_xdma_201920_3,3,2,6,12288,1024,Scatter,3340.671800003747,30.132650564442486,5289.7211000072275,19.029981750807703
dma_hardened2,xilinx_u280_xdma_201920_3,3,2,6,12288,1024,Scatter,3354.305099992416,30.010178859468564,5216.410299999552,19.297426814759692
dma_hardened2,xilinx_u280_xdma_201920_3,3,2,6,12288,1024,Scatter,3343.0497000040305,30.111217311510096,5331.356799990772,18.88136543406253
dma_hardened2,xilinx_u280_xdma_201920_3,3,2,6,12288,1024,Scatter,3361.743400000705,29.943777386453373,5388.451300007091,18.681303846963882
dma_hardened2,xilinx_u280_xdma_201920_3,3,2,6,12288,1024,Scatter,3355.2660999930595,30.001583481026508,5210.9758000028705,19.31755200243773
dma_hardened2,xilinx_u280_xdma_201920_3,3,2,6,12288,1024,Scatter,3340.313100000003,30.13588636346692,5287.887800000135,19.03657940699828
dma_hardened2,xilinx_u280_xdma_201920_3,3,2,6,12288,1024,Scatter,3332.6178000038453,30.205472706736384,5284.851700002946,19.04751575147206
dma_hardened2,xilinx_u280_xdma_201920_3,3,2,6,12288,1024,Scatter,3365.571299991643,29.909720230930766,5313.066099995467,18.946366204645166
dma_hardened2,xilinx_u280_xdma_201920_3,3,2,6,12288,1024,Scatter,3383.270300003005,29.75325264431594,5336.68300000727,18.862521157779632
dma_hardened2,xilinx_u280_xdma_201920_3,3,2,6,12288,1024,Scatter,3359.924799997316,29.959984818731783,5310.5595000033645,18.955308946248735
dma_hardened2,xilinx_u280_xdma_201920_3,3,2,6,12288,1024,Scatter,3340.437400004248,30.13476498612786,5284.958699996878,19.047130112872875
dma_hardened2,xilinx_u280_xdma_201920_3,3,2,6,12288,1024,Scatter,3356.4739999974336,29.99078676017659,5315.151600007084,18.938932240402295
dma_hardened2,xilinx_u280_xdma_201920_3,3,2,6,12288,1024,Scatter,3368.408999995154,29.884522930601605,5320.115500001066,18.921261389904004
dma_hardened2,xilinx_u280_xdma_201920_3,3,2,6,12288,1024,Scatter,3364.310100005241,29.920932674976417,5387.417800000094,18.684887591231227
dma_hardened2,xilinx_u280_xdma_201920_3,3,2,6,12288,1024,Scatter,3322.0133999975587,30.301893424052405,5397.386999993614,18.65037582076644
dma_hardened2,xilinx_u280_xdma_201920_3,3,2,6,12288,1024,Scatter,3359.4242999924973,29.96444837296224,5381.913600001553,18.703997031831012
dma_hardened2,xilinx_u280_xdma_201920_3,3,2,6,12288,1024,Scatter,3354.566400003023,30.007841251825955,5380.9922000027655,18.707199761402418
dma_hardened2,xilinx_u280_xdma_201920_3,3,2,6,12288,1024,Scatter,3358.489799995823,29.972785982594083,5322.495900009017,18.91279916248117
dma_hardened2,xilinx_u280_xdma_201920_3,3,2,6,24576,1024,Scatter,6146.488199999567,32.75473497207953,9553.035999999793,21.07461879134595
dma_hardened2,xilinx_u280_xdma_201920_3,3,2,6,24576,1024,Scatter,6170.764700004838,32.62587406708963,9561.99069999002,21.054882640725655
dma_hardened2,xilinx_u280_xdma_201920_3,3,2,6,24576,1024,Scatter,6182.9664999891065,32.56148840533985,9660.866599995188,20.839392606880658
dma_hardened2,xilinx_u280_xdma_201920_3,3,2,6,24576,1024,Scatter,6158.293999999387,32.6919422814208,9701.320900001065,20.752492786830494
dma_hardened2,xilinx_u280_xdma_201920_3,3,2,6,24576,1024,Scatter,6167.832500000259,32.64138447339346,9558.304999995926,21.063001442210286
dma_hardened2,xilinx_u280_xdma_201920_3,3,2,6,24576,1024,Scatter,6177.454500004842,32.59054226944807,9657.345899995562,20.846989854644487
dma_hardened2,xilinx_u280_xdma_201920_3,3,2,6,24576,1024,Scatter,6192.089199998918,32.513516116666274,9597.678000000087,20.976593713604288
dma_hardened2,xilinx_u280_xdma_201920_3,3,2,6,24576,1024,Scatter,6222.514599994611,32.354539111916964,9748.043699994469,20.653025180848772
dma_hardened2,xilinx_u280_xdma_201920_3,3,2,6,24576,1024,Scatter,6169.936000003418,32.63025613229837,9596.260499995424,20.979692245755107
dma_hardened2,xilinx_u280_xdma_201920_3,3,2,6,24576,1024,Scatter,6209.276399999908,32.42351910763756,9665.573199993105,20.829244974332575
dma_hardened2,xilinx_u280_xdma_201920_3,3,2,6,24576,1024,Scatter,6164.088299999548,32.66121155338004,9645.888299996841,20.871752371429174
dma_hardened2,xilinx_u280_xdma_201920_3,3,2,6,24576,1024,Scatter,6161.621499995817,32.67428744205347,9708.69610000591,20.736728179170985
dma_hardened2,xilinx_u280_xdma_201920_3,3,2,6,24576,1024,Scatter,6143.117999999959,32.77270467537842,9628.771699999561,20.908855072346263
dma_hardened2,xilinx_u280_xdma_201920_3,3,2,6,24576,1024,Scatter,6178.0374000022675,32.58746734034438,9683.99999999292,20.78961090460008
dma_hardened2,xilinx_u280_xdma_201920_3,3,2,6,24576,1024,Scatter,6164.911200005463,32.65685189428545,9604.074799995033,20.962622240312427
dma_hardened2,xilinx_u280_xdma_201920_3,3,2,6,24576,1024,Scatter,6143.961100008255,32.7682074679362,9621.791999995821,20.924022469004466
dma_hardened2,xilinx_u280_xdma_201920_3,3,2,6,24576,1024,Scatter,6218.647900004726,32.37465687675403,9567.63269999783,21.042466649043256
dma_hardened2,xilinx_u280_xdma_201920_3,3,2,6,24576,1024,Scatter,6176.30360000021,32.5966152311543,9554.617599997073,21.071130256438696
dma_hardened2,xilinx_u280_xdma_201920_3,3,2,6,24576,1024,Scatter,6184.393099999852,32.553977204328234,9649.623199993584,20.86367393082601
dma_hardened2,xilinx_u280_xdma_201920_3,3,2,6,24576,1024,Scatter,6139.099899996836,32.794154726184495,9680.845399998361,20.79638540659208
experiment,board_instance,number of nodes,rank id,number of banks,buffer size[KB],segment_size[KB],collective name,execution_time[us],throughput[Gbps],execution_time_fullpath[us],throughput_fullpath[Gbps]
dma_hardened2,xilinx_u280_xdma_201920_3,3,2,6,1,1024,Gather,192.4004999978024,0.04257785192914555,338.29929999456,0.024215243720964636
dma_hardened2,xilinx_u280_xdma_201920_3,3,2,6,1,1024,Gather,182.4521999992612,0.044899431193667,286.70579999925394,0.028572843660718817
dma_hardened2,xilinx_u280_xdma_201920_3,3,2,6,1,1024,Gather,174.62119999436254,0.046912975058380484,295.2582000034454,0.027745207414745492
dma_hardened2,xilinx_u280_xdma_201920_3,3,2,6,1,1024,Gather,188.22470000259273,0.04352244949726129,302.65000000326836,0.027067569799806818
dma_hardened2,xilinx_u280_xdma_201920_3,3,2,6,1,1024,Gather,191.78000000010798,0.04271561163831154,336.8010000031063,0.024322968161984215
dma_hardened2,xilinx_u280_xdma_201920_3,3,2,6,1,1024,Gather,198.41540000697933,0.041287117833151275,309.8677000025418,0.02643708911878457
dma_hardened2,xilinx_u280_xdma_201920_3,3,2,6,1,1024,Gather,184.59249999978056,0.04437883445974099,287.4218999977529,0.028501655580399566
dma_hardened2,xilinx_u280_xdma_201920_3,3,2,6,1,1024,Gather,200.89229999484814,0.04077806864777835,295.1542999994672,0.027754974262664604
dma_hardened2,xilinx_u280_xdma_201920_3,3,2,6,1,1024,Gather,196.79619999806164,0.041626820030471565,294.1454999927373,0.027850162590290408
dma_hardened2,xilinx_u280_xdma_201920_3,3,2,6,1,1024,Gather,196.41970000066067,0.04170661089479541,302.75300000539573,0.027058361105766086
dma_hardened2,xilinx_u280_xdma_201920_3,3,2,6,1,1024,Gather,204.5582000050672,0.04004728238612323,306.1880000018391,0.026754804237758483
dma_hardened2,xilinx_u280_xdma_201920_3,3,2,6,1,1024,Gather,178.66889999140767,0.045850173143697416,297.799700001633,0.027508422607393754
dma_hardened2,xilinx_u280_xdma_201920_3,3,2,6,1,1024,Gather,174.77530000178376,0.0468716117203998,281.9607999981599,0.029053684058399115
dma_hardened2,xilinx_u280_xdma_201920_3,3,2,6,1,1024,Gather,191.0887000008188,0.042870143550952505,286.4456999986942,0.028598788531429675
dma_hardened2,xilinx_u280_xdma_201920_3,3,2,6,1,1024,Gather,176.26250000830623,0.04647613644203366,305.2365000030477,0.026838205784426847
dma_hardened2,xilinx_u280_xdma_201920_3,3,2,6,1,1024,Gather,180.83779999642502,0.04530026355198939,281.94949999260643,0.029054848475400092
dma_hardened2,xilinx_u280_xdma_201920_3,3,2,6,1,1024,Gather,197.99210000428502,0.04137538820903817,305.15339999510616,0.026845514420391115
dma_hardened2,xilinx_u280_xdma_201920_3,3,2,6,1,1024,Gather,191.31459999925937,0.04281952344479571,310.69909999814627,0.02636634608870407
dma_hardened2,xilinx_u280_xdma_201920_3,3,2,6,1,1024,Gather,187.70489999724305,0.043642973625730185,284.7233000011329,0.028771793527145144
dma_hardened2,xilinx_u280_xdma_201920_3,3,2,6,1,1024,Gather,192.41029999648163,0.04257568331918716,304.90039999904184,0.026867790268644266
dma_hardened2,xilinx_u280_xdma_201920_3,3,2,6,6,1024,Gather,200.72000000936896,0.24487843761312147,302.56920000510945,0.16244878857190348
dma_hardened2,xilinx_u280_xdma_201920_3,3,2,6,6,1024,Gather,193.35740000769874,0.2542028388778653,292.5200999925437,0.1680294790041877
dma_hardened2,xilinx_u280_xdma_201920_3,3,2,6,6,1024,Gather,194.21759999431742,0.2530769611067078,277.90359999926295,0.17686708628506562
dma_hardened2,xilinx_u280_xdma_201920_3,3,2,6,6,1024,Gather,180.25859999397653,0.27267492370207275,300.0455000005786,0.16381515470122104
dma_hardened2,xilinx_u280_xdma_201920_3,3,2,6,6,1024,Gather,205.92609999994238,0.23868756801597152,321.833800001059,0.15272479149125504
dma_hardened2,xilinx_u280_xdma_201920_3,3,2,6,6,1024,Gather,208.00500000177635,0.2363020119688481,318.44039999668894,0.15435227439894897
dma_hardened2,xilinx_u280_xdma_201920_3,3,2,6,6,1024,Gather,187.39679999271175,0.26228836352547974,304.94369999587434,0.1611838513163741
dma_hardened2,xilinx_u280_xdma_201920_3,3,2,6,6,1024,Gather,186.44550000317395,0.2636266361975122,292.2463000004427,0.16818690262263558
dma_hardened2,xilinx_u280_xdma_201920_3,3,2,6,6,1024,Gather,194.47409999884258,0.25274316734358215,305.5480000057287,0.16086506866050002
dma_hardened2,xilinx_u280_xdma_201920_3,3,2,6,6,1024,Gather,185.1307000038105,0.26549891508533335,302.23510000269016,0.16262836447375736
dma_hardened2,xilinx_u280_xdma_201920_3,3,2,6,6,1024,Gather,183.9444000097501,0.2672111790160215,310.8234000023913,0.1581348122426492
dma_hardened2,xilinx_u280_xdma_201920_3,3,2,6,6,1024,Gather,196.8491999946309,0.24969367414925042,290.3832000015427,0.16926599059359795
dma_hardened2,xilinx_u280_xdma_201920_3,3,2,6,6,1024,Gather,200.18230000005133,0.24553619375932537,329.9965999985943,0.14894698915143179
dma_hardened2,xilinx_u280_xdma_201920_3,3,2,6,6,1024,Gather,208.33339999626332,0.2359295245067838,280.9825999975146,0.1749289813690768
dma_hardened2,xilinx_u280_xdma_201920_3,3,2,6,6,1024,Gather,193.67869999769027,0.2537811333955988,303.0631999990874,0.16218399330617514
dma_hardened2,xilinx_u280_xdma_201920_3,3,2,6,6,1024,Gather,200.48439999982293,0.24516620744578338,325.9570000068379,0.15079289599232076
dma_hardened2,xilinx_u280_xdma_201920_3,3,2,6,6,1024,Gather,188.50070000553387,0.2607523473311082,287.01439999849754,0.17125273157115914
dma_hardened2,xilinx_u280_xdma_201920_3,3,2,6,6,1024,Gather,211.05529999658756,0.23288683108547717,323.0950999977722,0.15212858381429775
dma_hardened2,xilinx_u280_xdma_201920_3,3,2,6,6,1024,Gather,192.03550000383984,0.255952675411667,293.8438999990467,0.1672724871952743
dma_hardened2,xilinx_u280_xdma_201920_3,3,2,6,6,1024,Gather,193.91300000961564,0.25347449628216095,298.355100005665,0.16474328744193323
dma_hardened2,xilinx_u280_xdma_201920_3,3,2,6,12,1024,Gather,190.00820000201202,0.5173671452019389,289.8805999961951,0.3391189337999519
dma_hardened2,xilinx_u280_xdma_201920_3,3,2,6,12,1024,Gather,187.0596999992813,0.5255220659520875,327.146699999048,0.3004890466579246
dma_hardened2,xilinx_u280_xdma_201920_3,3,2,6,12,1024,Gather,194.0797999964161,0.5065133002085497,309.1128000050958,0.3180198296491748
dma_hardened2,xilinx_u280_xdma_201920_3,3,2,6,12,1024,Gather,193.27590000557393,0.5086200607378623,285.93470000259913,0.34379877643079493
dma_hardened2,xilinx_u280_xdma_201920_3,3,2,6,12,1024,Gather,189.76999999722466,0.5180165463531521,304.44599999555066,0.3228947005427454
dma_hardened2,xilinx_u280_xdma_201920_3,3,2,6,12,1024,Gather,183.18140000701533,0.5366483714844151,289.2029999998158,0.33991348637483915
dma_hardened2,xilinx_u280_xdma_201920_3,3,2,6,12,1024,Gather,191.73050000063085,0.5127196768363748,322.8315000001203,0.3045056012190985
dma_hardened2,xilinx_u280_xdma_201920_3,3,2,6,12,1024,Gather,190.62559999838413,0.515691491598365,305.2002000003995,0.32209677451021107
dma_hardened2,xilinx_u280_xdma_201920_3,3,2,6,12,1024,Gather,185.70729999964897,0.5293491424418201,304.6609000080025,0.32266693887340925
dma_hardened2,xilinx_u280_xdma_201920_3,3,2,6,12,1024,Gather,190.7091000020955,0.5154657014212738,334.988899999189,0.2934544995378593
dma_hardened2,xilinx_u280_xdma_201920_3,3,2,6,12,1024,Gather,191.9197000006534,0.5122142229258659,308.698500009541,0.3184466396725662
dma_hardened2,xilinx_u280_xdma_201920_3,3,2,6,12,1024,Gather,187.67239999988305,0.5238063774964313,293.0148000018562,0.3354915860884067
dma_hardened2,xilinx_u280_xdma_201920_3,3,2,6,12,1024,Gather,194.9824999996963,0.5041683227989852,285.2870999959123,0.3445791975922099
dma_hardened2,xilinx_u280_xdma_201920_3,3,2,6,12,1024,Gather,186.22390000473388,0.5278806855484236,296.2975000059487,0.3317746521588146
dma_hardened2,xilinx_u280_xdma_201920_3,3,2,6,12,1024,Gather,186.57630000689096,0.5268836395424782,308.48709999418134,0.318664864760485
dma_hardened2,xilinx_u280_xdma_201920_3,3,2,6,12,1024,Gather,199.03179999118947,0.4939110232854831,297.7810000061254,0.33012180091402027
dma_hardened2,xilinx_u280_xdma_201920_3,3,2,6,12,1024,Gather,181.47190000945557,0.5417037017570097,299.7789999994893,0.3279215688896403
dma_hardened2,xilinx_u280_xdma_201920_3,3,2,6,12,1024,Gather,183.89900000101989,0.5345542933863415,289.1101000045637,0.3400227110656053
dma_hardened2,xilinx_u280_xdma_201920_3,3,2,6,12,1024,Gather,193.70469999557827,0.5074941392864706,307.507299999088,0.3196802157226562
dma_hardened2,xilinx_u280_xdma_201920_3,3,2,6,12,1024,Gather,201.7445999968004,0.4872695477428346,299.429299991516,0.3283045446881295
dma_hardened2,xilinx_u280_xdma_201920_3,3,2,6,24,1024,Gather,197.04540000020643,0.9977802069969359,315.8987000006164,0.6223767302607335
dma_hardened2,xilinx_u280_xdma_201920_3,3,2,6,24,1024,Gather,189.3301999984942,1.038439720665608,298.5504999969635,0.6585418547347925
dma_hardened2,xilinx_u280_xdma_201920_3,3,2,6,24,1024,Gather,183.07549999008188,1.073917591434415,310.00400000493755,0.634211171458654
dma_hardened2,xilinx_u280_xdma_201920_3,3,2,6,24,1024,Gather,220.6446000059259,0.8910619158353282,299.37770000287856,0.6567222608701636
dma_hardened2,xilinx_u280_xdma_201920_3,3,2,6,24,1024,Gather,202.00160000740652,0.9732992213566192,327.64270000598117,0.6000683061042132
dma_hardened2,xilinx_u280_xdma_201920_3,3,2,6,24,1024,Gather,185.37429999696542,1.060600093989396,312.06119999751536,0.6300302632995239
dma_hardened2,xilinx_u280_xdma_201920_3,3,2,6,24,1024,Gather,184.20159999550378,1.0673522922971301,296.29590000013195,0.6635528875016916
dma_hardened2,xilinx_u280_xdma_201920_3,3,2,6,24,1024,Gather,198.18299999769806,0.9920527996966624,324.888899990583,0.605154562084758
dma_hardened2,xilinx_u280_xdma_201920_3,3,2,6,24,1024,Gather,196.69760000624592,0.9995444783960604,300.696399995104,0.653842214283913
dma_hardened2,xilinx_u280_xdma_201920_3,3,2,6,24,1024,Gather,189.42629999401106,1.0379128980834023,290.16780000574727,0.6775665666421493
dma_hardened2,xilinx_u280_xdma_201920_3,3,2,6,24,1024,Gather,190.65829999362904,1.0312060896723079,313.44880000006015,0.6272411953721383
dma_hardened2,xilinx_u280_xdma_201920_3,3,2,6,24,1024,Gather,195.33850000925668,1.0064989748087712,309.75390000094194,0.6347232431921023
dma_hardened2,xilinx_u280_xdma_201920_3,3,2,6,24,1024,Gather,190.56500000260712,1.0317109647485645,324.4737999921199,0.6059287375583938
dma_hardened2,xilinx_u280_xdma_201920_3,3,2,6,24,1024,Gather,213.547999999264,0.9206735722211289,292.19209999382656,0.6728724014241108
dma_hardened2,xilinx_u280_xdma_201920_3,3,2,6,24,1024,Gather,187.00639999451596,1.051343697358837,297.5042000002759,0.6608578971315958
dma_hardened2,xilinx_u280_xdma_201920_3,3,2,6,24,1024,Gather,185.19860000196786,1.0616062972285476,287.2749999937696,0.6843895222496356
dma_hardened2,xilinx_u280_xdma_201920_3,3,2,6,24,1024,Gather,207.34329999640977,0.9482245146257648,330.9117999947375,0.5941401908397544
dma_hardened2,xilinx_u280_xdma_201920_3,3,2,6,24,1024,Gather,198.87769999513694,0.9885874585476782,320.59719999324443,0.6132555119138373
dma_hardened2,xilinx_u280_xdma_201920_3,3,2,6,24,1024,Gather,184.1686000034315,1.0675435443193722,308.732799999234,0.6368225209646913
dma_hardened2,xilinx_u280_xdma_201920_3,3,2,6,24,1024,Gather,202.21130000663834,0.9722898769433044,298.79449999725693,0.6580040797330773
dma_hardened2,xilinx_u280_xdma_201920_3,3,2,6,48,1024,Gather,187.70750000385306,2.094833717309796,325.6857999986096,1.2073476952377988
dma_hardened2,xilinx_u280_xdma_201920_3,3,2,6,48,1024,Gather,195.7384999968781,2.008884302302672,316.42310000279394,1.2426905620876858
dma_hardened2,xilinx_u280_xdma_201920_3,3,2,6,48,1024,Gather,205.51059999434074,1.9133611600123215,303.02769999934753,1.297623946592495
dma_hardened2,xilinx_u280_xdma_201920_3,3,2,6,48,1024,Gather,201.1411000012231,1.9549261687323423,366.7922999966322,1.0720399528659963
dma_hardened2,xilinx_u280_xdma_201920_3,3,2,6,48,1024,Gather,190.15249999938533,2.067898134398817,300.52670000486614,1.3084228456028468
dma_hardened2,xilinx_u280_xdma_201920_3,3,2,6,48,1024,Gather,191.28410000348595,2.055664846125915,326.20100000713137,1.2054408171385236
dma_hardened2,xilinx_u280_xdma_201920_3,3,2,6,48,1024,Gather,198.95890000043437,1.9763679835339938,308.7031999939427,1.2737671653799365
dma_hardened2,xilinx_u280_xdma_201920_3,3,2,6,48,1024,Gather,190.26999999596228,2.0666211174033973,310.62939999628725,1.2658685881140028
dma_hardened2,xilinx_u280_xdma_201920_3,3,2,6,48,1024,Gather,206.2680999983968,1.9063345229003237,304.7048999974322,1.2904813805203448
dma_hardened2,xilinx_u280_xdma_201920_3,3,2,6,48,1024,Gather,207.7331000009508,1.8928904445088446,299.59899999312256,1.3124743407322004
dma_hardened2,xilinx_u280_xdma_201920_3,3,2,6,48,1024,Gather,190.3423000044313,2.065836127812082,307.59060000491445,1.278374566692602
dma_hardened2,xilinx_u280_xdma_201920_3,3,2,6,48,1024,Gather,208.26329999863447,1.8880714941258407,310.059999992518,1.2681932529493924
dma_hardened2,xilinx_u280_xdma_201920_3,3,2,6,48,1024,Gather,197.62519999630968,1.9897057663058286,301.4290000010078,1.3045062021195217
dma_hardened2,xilinx_u280_xdma_201920_3,3,2,6,48,1024,Gather,193.42159999951036,2.03294771628916,315.0777000087146,1.2479969226293204
dma_hardened2,xilinx_u280_xdma_201920_3,3,2,6,48,1024,Gather,208.23199999995268,1.8883552960164114,318.7158000059753,1.2337511977524427
dma_hardened2,xilinx_u280_xdma_201920_3,3,2,6,48,1024,Gather,204.45170000584767,1.9232708751688214,327.614499997253,1.2002399161309925
dma_hardened2,xilinx_u280_xdma_201920_3,3,2,6,48,1024,Gather,190.1877000022978,2.067515407122802,308.82569999448606,1.2732619079533234
dma_hardened2,xilinx_u280_xdma_201920_3,3,2,6,48,1024,Gather,199.02340000044205,1.9757274772671285,296.3179999937893,1.3270067967799517
dma_hardened2,xilinx_u280_xdma_201920_3,3,2,6,48,1024,Gather,192.8043000020807,2.0394565888611225,310.0218999975368,1.2683491069602637
dma_hardened2,xilinx_u280_xdma_201920_3,3,2,6,48,1024,Gather,198.39829999455105,1.9819524663810102,316.25259999827904,1.2433605289004417
dma_hardened2,xilinx_u280_xdma_201920_3,3,2,6,96,1024,Gather,211.33580000878283,3.7212436320174667,318.15170000299986,2.4718774094011904
dma_hardened2,xilinx_u280_xdma_201920_3,3,2,6,96,1024,Gather,211.2858999907985,3.7221224891687004,342.8809000070032,2.293601072512168
dma_hardened2,xilinx_u280_xdma_201920_3,3,2,6,96,1024,Gather,203.38870000387033,3.8666454920309477,328.5575999939283,2.3935894345908695
dma_hardened2,xilinx_u280_xdma_201920_3,3,2,6,96,1024,Gather,208.17800000259012,3.777690245800302,325.558200006526,2.415641811461777
dma_hardened2,xilinx_u280_xdma_201920_3,3,2,6,96,1024,Gather,207.17249999506748,3.796025051677824,318.96369999913077,2.4655846417700293
dma_hardened2,xilinx_u280_xdma_201920_3,3,2,6,96,1024,Gather,190.91060000846483,4.119373151439104,348.8721999929112,2.254212287525288
dma_hardened2,xilinx_u280_xdma_201920_3,3,2,6,96,1024,Gather,202.17850000108228,3.889790457421487,317.86719999900015,2.4740898085819287
dma_hardened2,xilinx_u280_xdma_201920_3,3,2,6,96,1024,Gather,202.41749999740932,3.885197673175814,358.0553000006148,2.1963981541361055
dma_hardened2,xilinx_u280_xdma_201920_3,3,2,6,96,1024,Gather,204.73940001011215,3.8411365861243993,324.66390000536194,2.4222957957044557
dma_hardened2,xilinx_u280_xdma_201920_3,3,2,6,96,1024,Gather,216.4027000048918,3.6341136223449273,327.0581000037964,2.4045635928016194
dma_hardened2,xilinx_u280_xdma_201920_3,3,2,6,96,1024,Gather,199.9377000061031,3.9333852493851538,341.5495000012925,2.3025417984714487
dma_hardened2,xilinx_u280_xdma_201920_3,3,2,6,96,1024,Gather,208.76700000371784,3.7670321458180402,306.24800000396135,2.5679579947945044
dma_hardened2,xilinx_u280_xdma_201920_3,3,2,6,96,1024,Gather,206.73700000770623,3.804021534464974,319.18930000074397,2.4638419896850148
dma_hardened2,xilinx_u280_xdma_201920_3,3,2,6,96,1024,Gather,207.01790000430265,3.7988599052722245,350.4465999981221,2.2440851188289863
dma_hardened2,xilinx_u280_xdma_201920_3,3,2,6,96,1024,Gather,213.42190000268602,3.6848702030583667,333.7215999977161,2.3565510893073207
dma_hardened2,xilinx_u280_xdma_201920_3,3,2,6,96,1024,Gather,214.46590000095966,3.666932598592508,322.8603000025032,2.4358275080395533
dma_hardened2,xilinx_u280_xdma_201920_3,3,2,6,96,1024,Gather,198.6202000011872,3.9594764278522496,339.62370000608644,2.3155981163443724
dma_hardened2,xilinx_u280_xdma_201920_3,3,2,6,96,1024,Gather,210.19179999939297,3.741497051751168,348.74330000320697,2.2550454732543055
dma_hardened2,xilinx_u280_xdma_201920_3,3,2,6,96,1024,Gather,203.35499999646345,3.8672862728414685,332.5086000018018,2.365147848794703
dma_hardened2,xilinx_u280_xdma_201920_3,3,2,6,96,1024,Gather,210.05520000016986,3.743930166924523,333.43530000138344,2.3585745120469763
dma_hardened2,xilinx_u280_xdma_201920_3,3,2,6,192,1024,Gather,230.53959999970175,6.822532875055022,365.5851999951665,4.302318584069583
dma_hardened2,xilinx_u280_xdma_201920_3,3,2,6,192,1024,Gather,221.00290000253153,7.116938284438725,365.31630000808946,4.305485410766426
dma_hardened2,xilinx_u280_xdma_201920_3,3,2,6,192,1024,Gather,220.59130000116056,7.13021773747072,371.0529000045426,4.238921188813628
dma_hardened2,xilinx_u280_xdma_201920_3,3,2,6,192,1024,Gather,210.41849998937323,7.474932099979015,360.2279000006092,4.366302554569871
dma_hardened2,xilinx_u280_xdma_201920_3,3,2,6,192,1024,Gather,238.79419999275342,6.586692641813457,365.9776000063175,4.297705651856424
dma_hardened2,xilinx_u280_xdma_201920_3,3,2,6,192,1024,Gather,231.02110000081666,6.808313180027452,402.5504000082947,3.9072473905567864
dma_hardened2,xilinx_u280_xdma_201920_3,3,2,6,192,1024,Gather,221.2795999980699,7.108038879380292,403.49380000179735,3.898111941231795
dma_hardened2,xilinx_u280_xdma_201920_3,3,2,6,192,1024,Gather,248.3529000073759,6.333181533025333,360.5289000006451,4.362657196128204
dma_hardened2,xilinx_u280_xdma_201920_3,3,2,6,192,1024,Gather,218.50889999086576,7.1981690451315705,389.3726000001152,4.039483004195813
dma_hardened2,xilinx_u280_xdma_201920_3,3,2,6,192,1024,Gather,217.96290000111185,7.216200555195296,380.98839999065603,4.128377661993318
dma_hardened2,xilinx_u280_xdma_201920_3,3,2,6,192,1024,Gather,217.89390000321873,7.218485694077557,431.5124000072501,3.6450030172332784
dma_hardened2,xilinx_u280_xdma_201920_3,3,2,6,192,1024,Gather,224.48040000426772,7.006687443403065,396.9107999978405,3.9627644297120597
dma_hardened2,xilinx_u280_xdma_201920_3,3,2,6,192,1024,Gather,213.19229999789968,7.3776773364492785,340.893599991432,4.613944057733945
dma_hardened2,xilinx_u280_xdma_201920_3,3,2,6,192,1024,Gather,227.50919999907637,6.913408336921695,358.07950000616984,4.392499430916596
dma_hardened2,xilinx_u280_xdma_201920_3,3,2,6,192,1024,Gather,215.2686999920661,7.306515067253015,354.8969999997098,4.431888688834468
dma_hardened2,xilinx_u280_xdma_201920_3,3,2,6,192,1024,Gather,217.07399999968402,7.245750297144244,353.95500000277025,4.4436835190566315
dma_hardened2,xilinx_u280_xdma_201920_3,3,2,6,192,1024,Gather,224.76819999610598,6.997715869181002,371.4584000022114,4.234293799765024
dma_hardened2,xilinx_u280_xdma_201920_3,3,2,6,192,1024,Gather,215.23199999364806,7.307760927958753,395.74780000748433,3.9744099650591975
dma_hardened2,xilinx_u280_xdma_201920_3,3,2,6,192,1024,Gather,222.156500001347,7.079981904605371,439.0761999957249,3.582211925891939
dma_hardened2,xilinx_u280_xdma_201920_3,3,2,6,192,1024,Gather,228.86340000241034,6.872501238657797,390.9764000013638,4.022912891914994
dma_hardened2,xilinx_u280_xdma_201920_3,3,2,6,384,1024,Gather,292.7231000057873,10.746428962858781,477.05310000765166,6.594083551599485
dma_hardened2,xilinx_u280_xdma_201920_3,3,2,6,384,1024,Gather,253.00949999973454,12.433240649079583,475.72839999929784,6.612445252384855
dma_hardened2,xilinx_u280_xdma_201920_3,3,2,6,384,1024,Gather,286.84599999451166,10.966609260928124,455.59320000165826,6.904686022505494
dma_hardened2,xilinx_u280_xdma_201920_3,3,2,6,384,1024,Gather,257.70810000267375,12.206554625048117,489.26020000408244,6.42956038519739
dma_hardened2,xilinx_u280_xdma_201920_3,3,2,6,384,1024,Gather,279.47300000050745,11.255928121837487,446.81269999955475,7.040372845273052
dma_hardened2,xilinx_u280_xdma_201920_3,3,2,6,384,1024,Gather,264.898600005381,11.875215648312595,448.1385000076443,7.0195441809760615
dma_hardened2,xilinx_u280_xdma_201920_3,3,2,6,384,1024,Gather,255.92629999664496,12.291538618896293,464.08370000108334,6.778363471918227
dma_hardened2,xilinx_u280_xdma_201920_3,3,2,6,384,1024,Gather,253.75519999215612,12.396703595028745,522.7647999959117,6.017482431916994
dma_hardened2,xilinx_u280_xdma_201920_3,3,2,6,384,1024,Gather,260.0467999968714,12.096776426542629,468.0943000039406,6.720286916489942
dma_hardened2,xilinx_u280_xdma_201920_3,3,2,6,384,1024,Gather,257.3491000021022,12.223582674174121,484.708600004069,6.489936427729139
dma_hardened2,xilinx_u280_xdma_201920_3,3,2,6,384,1024,Gather,267.3683000011806,11.765523437094485,467.8718000036497,6.7234828001505145
dma_hardened2,xilinx_u280_xdma_201920_3,3,2,6,384,1024,Gather,272.2316999893337,11.555333196403108,479.6209000005547,6.558780069835076
dma_hardened2,xilinx_u280_xdma_201920_3,3,2,6,384,1024,Gather,273.4956000040256,11.501932754873195,488.5466000018823,6.438951780624161
dma_hardened2,xilinx_u280_xdma_201920_3,3,2,6,384,1024,Gather,277.7247000040006,11.326785121937968,465.7094999970468,6.754700086684829
dma_hardened2,xilinx_u280_xdma_201920_3,3,2,6,384,1024,Gather,281.94000000212327,11.157437752629317,514.0724000057162,6.119231454489721
dma_hardened2,xilinx_u280_xdma_201920_3,3,2,6,384,1024,Gather,255.2447000084612,12.324361680754668,454.28989999436453,6.924494689490175
dma_hardened2,xilinx_u280_xdma_201920_3,3,2,6,384,1024,Gather,257.0989999981066,12.235473494736139,482.22629999372657,6.523343915586778
dma_hardened2,xilinx_u280_xdma_201920_3,3,2,6,384,1024,Gather,282.55720000061046,11.133066154368757,438.9566999975614,7.166374268845824
dma_hardened2,xilinx_u280_xdma_201920_3,3,2,6,384,1024,Gather,291.874699996697,10.77766589579569,504.8023999961515,6.2316027024118394
dma_hardened2,xilinx_u280_xdma_201920_3,3,2,6,384,1024,Gather,256.22450000355457,12.277233441596568,492.20299999888084,6.391119111438071
dma_hardened2,xilinx_u280_xdma_201920_3,3,2,6,768,1024,Gather,379.9637999918559,16.558040529478994,650.946300004307,9.665092189568284
dma_hardened2,xilinx_u280_xdma_201920_3,3,2,6,768,1024,Gather,396.52540000361114,15.866464039737945,628.9257999924303,10.003494848002298
dma_hardened2,xilinx_u280_xdma_201920_3,3,2,6,768,1024,Gather,414.87820000156717,15.164585654238364,644.0401999952883,9.768731827680986
dma_hardened2,xilinx_u280_xdma_201920_3,3,2,6,768,1024,Gather,378.8460999999188,16.606891294384045,603.1968000002053,10.43018795855326
dma_hardened2,xilinx_u280_xdma_201920_3,3,2,6,768,1024,Gather,386.83209999135215,16.264048407928527,593.7153999980183,10.596753932980347
dma_hardened2,xilinx_u280_xdma_201920_3,3,2,6,768,1024,Gather,413.2081999955517,15.225874026865219,665.9474999992199,9.447375356176531
dma_hardened2,xilinx_u280_xdma_201920_3,3,2,6,768,1024,Gather,379.56900000608584,16.575262995395107,633.000000004813,9.939109004663763
dma_hardened2,xilinx_u280_xdma_201920_3,3,2,6,768,1024,Gather,387.17240000778474,16.24975333952911,640.4799999927491,9.823032725567115
dma_hardened2,xilinx_u280_xdma_201920_3,3,2,6,768,1024,Gather,376.551500005462,16.708089065927876,622.0961000053649,10.113318504883319
dma_hardened2,xilinx_u280_xdma_201920_3,3,2,6,768,1024,Gather,376.70919999754915,16.701094637563752,579.5448999947439,10.855856034721485
dma_hardened2,xilinx_u280_xdma_201920_3,3,2,6,768,1024,Gather,400.98209999541723,15.69011684080637,602.3201999937555,10.445367762969306
dma_hardened2,xilinx_u280_xdma_201920_3,3,2,6,768,1024,Gather,380.9963000094285,16.513168237708097,595.908299999337,10.557758635023205
dma_hardened2,xilinx_u280_xdma_201920_3,3,2,6,768,1024,Gather,393.599999995331,15.98439024409205,620.9598000054939,10.131824958627494
dma_hardened2,xilinx_u280_xdma_201920_3,3,2,6,768,1024,Gather,386.4254999939476,16.28116156956138,654.67690000105,9.610016788418699
dma_hardened2,xilinx_u280_xdma_201920_3,3,2,6,768,1024,Gather,384.3569999958163,16.368782148025097,610.1458999978604,10.31139601203919
dma_hardened2,xilinx_u280_xdma_201920_3,3,2,6,768,1024,Gather,412.34699999677105,15.25767375547601,632.6331999957802,9.944871688747865
dma_hardened2,xilinx_u280_xdma_201920_3,3,2,6,768,1024,Gather,359.6378999986882,17.493862576838946,632.2897000018202,9.950274375783582
dma_hardened2,xilinx_u280_xdma_201920_3,3,2,6,768,1024,Gather,397.27240000502206,15.836629979632281,600.0440999969214,10.484989353336328
dma_hardened2,xilinx_u280_xdma_201920_3,3,2,6,768,1024,Gather,406.3643999984379,15.482301107144686,579.9011000021892,10.849187904586229
dma_hardened2,xilinx_u280_xdma_201920_3,3,2,6,768,1024,Gather,419.2378000084318,15.006891076790941,597.7058999974361,10.52600618469215
dma_hardened2,xilinx_u280_xdma_201920_3,3,2,6,1536,1024,Gather,582.5319999985368,21.600379035025725,945.23070000605,13.312000974914866
dma_hardened2,xilinx_u280_xdma_201920_3,3,2,6,1536,1024,Gather,572.1334999975625,21.992964928733606,903.8187999976799,13.92194099086266
dma_hardened2,xilinx_u280_xdma_201920_3,3,2,6,1536,1024,Gather,556.0185000035744,22.63038370111626,956.2505000076271,13.158593903898234
dma_hardened2,xilinx_u280_xdma_201920_3,3,2,6,1536,1024,Gather,561.1670000007507,22.42275828760987,931.5039000057368,13.508168886810356
dma_hardened2,xilinx_u280_xdma_201920_3,3,2,6,1536,1024,Gather,605.9818000039741,20.764504808424086,903.1700000036835,13.93194193778434
dma_hardened2,xilinx_u280_xdma_201920_3,3,2,6,1536,1024,Gather,602.2745999985091,20.892317225450235,970.5322999934651,12.964959538270621
dma_hardened2,xilinx_u280_xdma_201920_3,3,2,6,1536,1024,Gather,560.1243000000977,22.46449939771905,921.9228999995721,13.648551305110049
dma_hardened2,xilinx_u280_xdma_201920_3,3,2,6,1536,1024,Gather,616.791100003411,20.400605650649652,982.6372999896192,12.805245638581933
dma_hardened2,xilinx_u280_xdma_201920_3,3,2,6,1536,1024,Gather,571.8515000012303,22.0038104297583,949.244200000976,13.255716495278099
dma_hardened2,xilinx_u280_xdma_201920_3,3,2,6,1536,1024,Gather,592.574200004492,21.23432306014102,920.7231000004867,13.66633681721828
dma_hardened2,xilinx_u280_xdma_201920_3,3,2,6,1536,1024,Gather,569.2725000017163,22.10349525045047,933.9094999972986,13.473374026108951
dma_hardened2,xilinx_u280_xdma_201920_3,3,2,6,1536,1024,Gather,584.5894000003682,21.524358806355494,962.8678000012769,13.068161589766854
dma_hardened2,xilinx_u280_xdma_201920_3,3,2,6,1536,1024,Gather,592.0092999986082,21.254585020927177,933.7688999949023,13.475402746941661
dma_hardened2,xilinx_u280_xdma_201920_3,3,2,6,1536,1024,Gather,580.4001000001335,21.679720592737848,938.0649000036101,13.413690246753264
dma_hardened2,xilinx_u280_xdma_201920_3,3,2,6,1536,1024,Gather,573.8210999993498,21.928283919873735,953.0693999977302,13.202513898809432
dma_hardened2,xilinx_u280_xdma_201920_3,3,2,6,1536,1024,Gather,573.1662999892251,21.953335358754597,919.0450999994937,13.691288925872009
dma_hardened2,xilinx_u280_xdma_201920_3,3,2,6,1536,1024,Gather,595.9626999811007,21.1135898276839,904.8607000067932,13.905910600278622
dma_hardened2,xilinx_u280_xdma_201920_3,3,2,6,1536,1024,Gather,579.9177000199052,21.697754697896105,930.383900004017,13.524430076601359
dma_hardened2,xilinx_u280_xdma_201920_3,3,2,6,1536,1024,Gather,582.6774000070145,21.594988925001246,953.2788999877084,13.199612411606136
dma_hardened2,xilinx_u280_xdma_201920_3,3,2,6,1536,1024,Gather,607.4340999930428,20.714859439310565,922.4243000062415,13.641132394186556
dma_hardened2,xilinx_u280_xdma_201920_3,3,2,6,3072,1024,Gather,968.3585000175299,25.98812733047155,1686.3172000057602,14.923541075139385
dma_hardened2,xilinx_u280_xdma_201920_3,3,2,6,3072,1024,Gather,967.680200005816,26.006343831204507,1712.5851000173498,14.694641451537242
dma_hardened2,xilinx_u280_xdma_201920_3,3,2,6,3072,1024,Gather,951.8879000097513,26.437802182107994,1736.6847999937818,14.490726238918027
dma_hardened2,xilinx_u280_xdma_201920_3,3,2,6,3072,1024,Gather,1015.3479999871705,24.785417413850208,1638.0309999931342,15.3634601543594
dma_hardened2,xilinx_u280_xdma_201920_3,3,2,6,3072,1024,Gather,965.7208000135142,26.059109423394247,1643.3233000043401,15.313982342934914
dma_hardened2,xilinx_u280_xdma_201920_3,3,2,6,3072,1024,Gather,943.7566000087827,26.66558729206853,1657.1383000155038,15.186314865672077
dma_hardened2,xilinx_u280_xdma_201920_3,3,2,6,3072,1024,Gather,999.0683999831161,25.189290343309118,1656.8460999906165,15.188993111757648
dma_hardened2,xilinx_u280_xdma_201920_3,3,2,6,3072,1024,Gather,952.7695000087988,26.413339217688637,1685.2261999929397,14.933202438999247
dma_hardened2,xilinx_u280_xdma_201920_3,3,2,6,3072,1024,Gather,992.4166000018886,25.358124803587636,1680.2959999949962,14.97701833490941
dma_hardened2,xilinx_u280_xdma_201920_3,3,2,6,3072,1024,Gather,952.4499000008291,26.422202364636814,1719.3046999864237,14.637210030426091
dma_hardened2,xilinx_u280_xdma_201920_3,3,2,6,3072,1024,Gather,955.0655000111874,26.349840926831945,1656.3052000037715,15.193953384885042
dma_hardened2,xilinx_u280_xdma_201920_3,3,2,6,3072,1024,Gather,950.7064999979775,26.47065524434043,1642.2835999946983,15.323677347859554
dma_hardened2,xilinx_u280_xdma_201920_3,3,2,6,3072,1024,Gather,931.8008000036571,27.00772954895642,1651.9655999900351,15.233866855430769
dma_hardened2,xilinx_u280_xdma_201920_3,3,2,6,3072,1024,Gather,1008.6950999948385,24.948890898873977,1641.3588999967033,15.332310319242517
dma_hardened2,xilinx_u280_xdma_201920_3,3,2,6,3072,1024,Gather,955.3858999879594,26.34100419560008,1624.0116000062699,15.496086357944021
dma_hardened2,xilinx_u280_xdma_201920_3,3,2,6,3072,1024,Gather,949.0464000009524,26.51695849641782,1668.5512999856655,15.082439479215411
dma_hardened2,xilinx_u280_xdma_201920_3,3,2,6,3072,1024,Gather,939.0912000071694,26.798061785487793,1660.966700001154,15.151311582575685
dma_hardened2,xilinx_u280_xdma_201920_3,3,2,6,3072,1024,Gather,1012.5659999857817,24.853514734203376,1671.8969999828914,15.05225740596312
dma_hardened2,xilinx_u280_xdma_201920_3,3,2,6,3072,1024,Gather,934.3658000034338,26.933588536638986,1592.4761999940529,15.802951403665551
dma_hardened2,xilinx_u280_xdma_201920_3,3,2,6,3072,1024,Gather,945.9590000005846,26.603503957343232,1626.608100013982,15.471350474514223
dma_hardened2,xilinx_u280_xdma_201920_3,3,2,6,6144,1024,Gather,1496.0191999989547,33.64371794161142,2667.1832999909384,18.87071203549115
dma_hardened2,xilinx_u280_xdma_201920_3,3,2,6,6144,1024,Gather,1501.7892000059874,33.51445595680095,2616.9428999992306,19.232994346194864
dma_hardened2,xilinx_u280_xdma_201920_3,3,2,6,6144,1024,Gather,1498.4482000045318,33.5891811274142,2633.7420999880123,19.110317597242755
dma_hardened2,xilinx_u280_xdma_201920_3,3,2,6,6144,1024,Gather,1441.9297999893388,34.90575477417288,2665.9903000108898,18.879156461970027
dma_hardened2,xilinx_u280_xdma_201920_3,3,2,6,6144,1024,Gather,1485.7897000183584,33.87535126901075,2685.1077000173973,18.74474085329013
dma_hardened2,xilinx_u280_xdma_201920_3,3,2,6,6144,1024,Gather,1484.7033000023657,33.90013883576591,2668.3177999984764,18.862688694738214
dma_hardened2,xilinx_u280_xdma_201920_3,3,2,6,6144,1024,Gather,1516.0764000029303,33.19862244402902,2681.1877000000095,18.772146388706698
dma_hardened2,xilinx_u280_xdma_201920_3,3,2,6,6144,1024,Gather,1509.9122000037823,33.33415545610792,2633.8484000007156,19.1095463201247
dma_hardened2,xilinx_u280_xdma_201920_3,3,2,6,6144,1024,Gather,1460.146700014775,34.4702679528644,2710.706399989249,18.56772389669336
dma_hardened2,xilinx_u280_xdma_201920_3,3,2,6,6144,1024,Gather,1475.065799991171,34.12162901499124,2612.0033000097465,19.26936616037667
dma_hardened2,xilinx_u280_xdma_201920_3,3,2,6,6144,1024,Gather,1518.6626000058823,33.14208699141274,2662.4353999977757,18.904364027026553
dma_hardened2,xilinx_u280_xdma_201920_3,3,2,6,6144,1024,Gather,1497.8511999970578,33.602568799957474,2607.4323999864646,19.303145884150737
dma_hardened2,xilinx_u280_xdma_201920_3,3,2,6,6144,1024,Gather,1465.621700003794,34.34150026563451,2692.7065999871047,18.69184262416152
dma_hardened2,xilinx_u280_xdma_201920_3,3,2,6,6144,1024,Gather,1543.897300007302,32.600386048840136,2623.1120999909763,19.187760980620368
dma_hardened2,xilinx_u280_xdma_201920_3,3,2,6,6144,1024,Gather,1503.6036999845237,33.47401180278956,2669.1196000001582,18.8570223679737
dma_hardened2,xilinx_u280_xdma_201920_3,3,2,6,6144,1024,Gather,1461.5816000059567,34.43642694995262,2593.236200004867,19.40881744590236
dma_hardened2,xilinx_u280_xdma_201920_3,3,2,6,6144,1024,Gather,1460.3725999904782,34.46493586659197,2662.872900009461,18.901258111050353
dma_hardened2,xilinx_u280_xdma_201920_3,3,2,6,6144,1024,Gather,1486.259299986159,33.86464797930531,2671.6502999988734,18.839160199978725
dma_hardened2,xilinx_u280_xdma_201920_3,3,2,6,6144,1024,Gather,1545.0693000047977,32.575657285950676,2591.7019999951663,19.420306810001254
dma_hardened2,xilinx_u280_xdma_201920_3,3,2,6,6144,1024,Gather,1436.6272000188474,35.03459213311546,2641.5663999841854,19.053712978898172
dma_hardened2,xilinx_u280_xdma_201920_3,3,2,6,12288,1024,Gather,2510.002999997596,40.10485087073459,4393.243100003019,22.913208695401085
dma_hardened2,xilinx_u280_xdma_201920_3,3,2,6,12288,1024,Gather,2596.007199986161,38.77620062091377,4401.115299992853,22.872224229200146
dma_hardened2,xilinx_u280_xdma_201920_3,3,2,6,12288,1024,Gather,2569.532600000457,39.175722464070745,4367.765100005272,23.04686577578966
dma_hardened2,xilinx_u280_xdma_201920_3,3,2,6,12288,1024,Gather,2608.9299999966897,38.5841306589781,4426.81460001495,22.739442487530432
dma_hardened2,xilinx_u280_xdma_201920_3,3,2,6,12288,1024,Gather,2579.903099990588,39.01824684825071,4411.2416999951165,22.819718992072332
dma_hardened2,xilinx_u280_xdma_201920_3,3,2,6,12288,1024,Gather,2570.929600005911,39.154435033837004,4470.399499996347,22.517740528577423
dma_hardened2,xilinx_u280_xdma_201920_3,3,2,6,12288,1024,Gather,2620.7661999933407,38.40987265489603,4429.1921999956685,22.72723590547695
dma_hardened2,xilinx_u280_xdma_201920_3,3,2,6,12288,1024,Gather,2563.814499990258,39.263096452720156,4374.391700002889,23.011952953352015
dma_hardened2,xilinx_u280_xdma_201920_3,3,2,6,12288,1024,Gather,2557.9375999996046,39.353304005545546,4409.421500008648,22.829138924415044
dma_hardened2,xilinx_u280_xdma_201920_3,3,2,6,12288,1024,Gather,2588.7638000085644,38.884697012399116,4374.569899982816,23.011015551584947
dma_hardened2,xilinx_u280_xdma_201920_3,3,2,6,12288,1024,Gather,2530.821499999547,39.774948964207084,4352.9793000061545,23.12514925119393
dma_hardened2,xilinx_u280_xdma_201920_3,3,2,6,12288,1024,Gather,2586.410899994007,38.9200710529921,4426.257199997963,22.742306072960773
dma_hardened2,xilinx_u280_xdma_201920_3,3,2,6,12288,1024,Gather,2619.595200008007,38.427042468123446,4445.633000000271,22.643186245916805
dma_hardened2,xilinx_u280_xdma_201920_3,3,2,6,12288,1024,Gather,2568.469500010906,39.19193745519368,4358.023700001468,23.098381956932933
dma_hardened2,xilinx_u280_xdma_201920_3,3,2,6,12288,1024,Gather,2597.4234999921464,38.755057078795346,4414.257999997062,22.804126084172466
dma_hardened2,xilinx_u280_xdma_201920_3,3,2,6,12288,1024,Gather,2614.945400000579,38.495372025732436,4378.231700002289,22.9917699421772
dma_hardened2,xilinx_u280_xdma_201920_3,3,2,6,12288,1024,Gather,2577.5431000056415,39.05397197811345,4389.86090000526,22.930862342330567
dma_hardened2,xilinx_u280_xdma_201920_3,3,2,6,12288,1024,Gather,2607.044000001224,38.61204337170862,4418.871600000784,22.780317038400057
dma_hardened2,xilinx_u280_xdma_201920_3,3,2,6,12288,1024,Gather,2643.2220000060624,38.083557113163074,4431.381400013379,22.716008150346997
dma_hardened2,xilinx_u280_xdma_201920_3,3,2,6,12288,1024,Gather,2587.4111000121047,38.90502595413967,4389.0253999961715,22.93522748810882
dma_hardened2,xilinx_u280_xdma_201920_3,3,2,6,24576,1024,Gather,4588.793400012037,43.873535905859676,7804.04740000904,25.797715170177824
dma_hardened2,xilinx_u280_xdma_201920_3,3,2,6,24576,1024,Gather,4561.815800002478,44.132994585158535,7878.777600012654,25.55302385990393
dma_hardened2,xilinx_u280_xdma_201920_3,3,2,6,24576,1024,Gather,4570.514700003514,44.04899780758723,7855.065400008243,25.630161144143845
dma_hardened2,xilinx_u280_xdma_201920_3,3,2,6,24576,1024,Gather,4613.4374000075695,43.639172821477906,7775.780100018892,25.89149762600808
dma_hardened2,xilinx_u280_xdma_201920_3,3,2,6,24576,1024,Gather,4575.060299998768,44.00523245563654,7785.060199989857,25.860633935786687
dma_hardened2,xilinx_u280_xdma_201920_3,3,2,6,24576,1024,Gather,4582.711099988046,43.93176606758501,7845.821199998682,25.660359428026965
dma_hardened2,xilinx_u280_xdma_201920_3,3,2,6,24576,1024,Gather,4571.86350001848,44.036002387032376,7826.981699986391,25.72212376583812
dma_hardened2,xilinx_u280_xdma_201920_3,3,2,6,24576,1024,Gather,4593.4503000125915,43.829056341253576,7916.481699999167,25.431321593280657
dma_hardened2,xilinx_u280_xdma_201920_3,3,2,6,24576,1024,Gather,4599.17560001486,43.77449558554571,7859.85239999718,25.61455123509345
dma_hardened2,xilinx_u280_xdma_201920_3,3,2,6,24576,1024,Gather,4556.780799998705,44.18175919281814,7861.169900002096,25.610258340803234
dma_hardened2,xilinx_u280_xdma_201920_3,3,2,6,24576,1024,Gather,4549.900199981494,44.248573188664416,7786.080599998968,25.85724478629552
dma_hardened2,xilinx_u280_xdma_201920_3,3,2,6,24576,1024,Gather,4553.697899996223,44.21167069518753,7849.236599986398,25.649193961148896
dma_hardened2,xilinx_u280_xdma_201920_3,3,2,6,24576,1024,Gather,4575.722099980339,43.99886785101417,7843.673899992609,25.667384259841512
dma_hardened2,xilinx_u280_xdma_201920_3,3,2,6,24576,1024,Gather,4599.466700005905,43.77172510016031,7859.560400015653,25.615502872094353
dma_hardened2,xilinx_u280_xdma_201920_3,3,2,6,24576,1024,Gather,4558.401100007359,44.16605462816227,7837.320699991324,25.688191118710105
dma_hardened2,xilinx_u280_xdma_201920_3,3,2,6,24576,1024,Gather,4579.541099997186,43.96217603552542,7862.636300001214,25.605481967920724
dma_hardened2,xilinx_u280_xdma_201920_3,3,2,6,24576,1024,Gather,4575.576499996714,44.00026794440975,7837.820100007775,25.6865543519939
dma_hardened2,xilinx_u280_xdma_201920_3,3,2,6,24576,1024,Gather,4543.5772000018915,44.31015104132404,7881.416100008209,25.54446934984061
dma_hardened2,xilinx_u280_xdma_201920_3,3,2,6,24576,1024,Gather,4608.180700006415,43.68895343008571,7855.812100001459,25.627724980840952
dma_hardened2,xilinx_u280_xdma_201920_3,3,2,6,24576,1024,Gather,4597.431299998789,43.791103958432835,7842.649999997776,25.670735274436204
experiment,board_instance,number of nodes,rank id,number of banks,buffer size[KB],segment_size[KB],collective name,execution_time[us],throughput[Gbps],execution_time_fullpath[us],throughput_fullpath[Gbps]
dma_hardened2,xilinx_u280_xdma_201920_3,3,2,6,1,1024,Allgather,193.01539998650696,0.12732662783238033,339.73310000874335,0.07233913916355961
dma_hardened2,xilinx_u280_xdma_201920_3,3,2,6,1,1024,Allgather,244.0676999867719,0.10069337319658431,287.65150000253925,0.0854367176940953
dma_hardened2,xilinx_u280_xdma_201920_3,3,2,6,1,1024,Allgather,224.82360000140034,0.10931236756215507,315.0053000126718,0.0780177349365594
dma_hardened2,xilinx_u280_xdma_201920_3,3,2,6,1,1024,Allgather,218.2304999905682,0.1126148728113722,299.21170000761776,0.08213582556890091
dma_hardened2,xilinx_u280_xdma_201920_3,3,2,6,1,1024,Allgather,202.52879999134166,0.12134570491234162,294.48090001551464,0.0834553276586197
dma_hardened2,xilinx_u280_xdma_201920_3,3,2,6,1,1024,Allgather,197.91059999079152,0.12417728005040399,309.10360001144,0.07950732375517605
dma_hardened2,xilinx_u280_xdma_201920_3,3,2,6,1,1024,Allgather,224.0111999981309,0.10970880027518738,305.7745999967665,0.0803729282950902
dma_hardened2,xilinx_u280_xdma_201920_3,3,2,6,1,1024,Allgather,222.22950001378194,0.11058837822375461,307.07930000062333,0.08003144464622042
dma_hardened2,xilinx_u280_xdma_201920_3,3,2,6,1,1024,Allgather,200.97690000966395,0.12228271009662436,305.6531999845902,0.08040485099203615
dma_hardened2,xilinx_u280_xdma_201920_3,3,2,6,1,1024,Allgather,218.08849999160884,0.11268819768555235,308.99860000772605,0.07953434093030037
dma_hardened2,xilinx_u280_xdma_201920_3,3,2,6,1,1024,Allgather,208.90719999897556,0.11764075149214827,281.65889998490456,0.08725447696244339
dma_hardened2,xilinx_u280_xdma_201920_3,3,2,6,1,1024,Allgather,193.43970000136324,0.12704734343481097,301.85890000211657,0.0814155222848413
dma_hardened2,xilinx_u280_xdma_201920_3,3,2,6,1,1024,Allgather,201.17560000016965,0.12216193216264436,302.6653000006263,0.08119860453097578
dma_hardened2,xilinx_u280_xdma_201920_3,3,2,6,1,1024,Allgather,198.35190000776493,0.1239010062370863,279.55549999205687,0.08791098726620757
dma_hardened2,xilinx_u280_xdma_201920_3,3,2,6,1,1024,Allgather,198.25690001198382,0.12396037665531177,335.9664000072371,0.07315017215849741
dma_hardened2,xilinx_u280_xdma_201920_3,3,2,6,1,1024,Allgather,184.78059998869867,0.13300097521873555,285.17430000647437,0.08617887376051084
dma_hardened2,xilinx_u280_xdma_201920_3,3,2,6,1,1024,Allgather,203.37999999355816,0.12083784049945136,293.055999986791,0.0838611050485495
dma_hardened2,xilinx_u280_xdma_201920_3,3,2,6,1,1024,Allgather,195.23759999628965,0.12587739247187554,300.77039998559485,0.08171016829175028
dma_hardened2,xilinx_u280_xdma_201920_3,3,2,6,1,1024,Allgather,190.53460000577616,0.12898444691544195,318.70859997980006,0.07711119185851163
dma_hardened2,xilinx_u280_xdma_201920_3,3,2,6,1,1024,Allgather,199.2118000089249,0.12336618613404912,283.77429998727166,0.0866040370854666
dma_hardened2,xilinx_u280_xdma_201920_3,3,2,6,6,1024,Allgather,232.67859999123175,0.6337325392432167,339.88249999765685,0.43384404904935253
dma_hardened2,xilinx_u280_xdma_201920_3,3,2,6,6,1024,Allgather,215.3860000134955,0.6846127417323354,311.92530000225815,0.4727285667399615
dma_hardened2,xilinx_u280_xdma_201920_3,3,2,6,6,1024,Allgather,203.38310000624915,0.725015991965258,287.07450001093093,0.5136506377068856
dma_hardened2,xilinx_u280_xdma_201920_3,3,2,6,6,1024,Allgather,197.4469000060708,0.7468134470354625,307.27700000170444,0.47987971764623477
dma_hardened2,xilinx_u280_xdma_201920_3,3,2,6,6,1024,Allgather,185.45499999618187,0.7951039335851598,297.6455000180067,0.4954081280956014
dma_hardened2,xilinx_u280_xdma_201920_3,3,2,6,6,1024,Allgather,198.2773999998244,0.7436853620237636,326.82859998658387,0.4511722658483774
dma_hardened2,xilinx_u280_xdma_201920_3,3,2,6,6,1024,Allgather,197.17709999440558,0.7478353216686101,330.4368999806684,0.4462455615841531
dma_hardened2,xilinx_u280_xdma_201920_3,3,2,6,6,1024,Allgather,195.06389999150997,0.7559369007100644,310.6814000148006,0.47462126793871573
dma_hardened2,xilinx_u280_xdma_201920_3,3,2,6,6,1024,Allgather,195.46779999473074,0.7543748893883033,279.86389998204686,0.5268846750490479
dma_hardened2,xilinx_u280_xdma_201920_3,3,2,6,6,1024,Allgather,189.68450001466408,0.7773750622143639,317.43660001666285,0.464521104347324
dma_hardened2,xilinx_u280_xdma_201920_3,3,2,6,6,1024,Allgather,191.1324999809949,0.771485749491385,297.16260000896,0.4962131842821201
dma_hardened2,xilinx_u280_xdma_201920_3,3,2,6,6,1024,Allgather,188.02499998855637,0.7842361388590586,281.34159999808617,0.5241173008222143
dma_hardened2,xilinx_u280_xdma_201920_3,3,2,6,6,1024,Allgather,199.24970001738984,0.7400563212247273,299.5748000103049,0.49221763644648264
dma_hardened2,xilinx_u280_xdma_201920_3,3,2,6,6,1024,Allgather,190.3863000052297,0.7745095103794208,320.91820000914595,0.45948157504248
dma_hardened2,xilinx_u280_xdma_201920_3,3,2,6,6,1024,Allgather,196.1944999948173,0.7515807018234212,325.2929999916887,0.45330209996454746
dma_hardened2,xilinx_u280_xdma_201920_3,3,2,6,6,1024,Allgather,189.93300000147428,0.7763579788602056,310.58249999205145,0.47477240347982824
dma_hardened2,xilinx_u280_xdma_201920_3,3,2,6,6,1024,Allgather,183.7741000144888,0.8023763957400664,304.08810000608355,0.48491210276577745
dma_hardened2,xilinx_u280_xdma_201920_3,3,2,6,6,1024,Allgather,210.96830000715272,0.6989486097911422,287.0489000088128,0.5136964468265612
dma_hardened2,xilinx_u280_xdma_201920_3,3,2,6,6,1024,Allgather,207.3227999972005,0.711238706027466,312.28369998643757,0.4721860283018422
dma_hardened2,xilinx_u280_xdma_201920_3,3,2,6,6,1024,Allgather,197.77050001721364,0.7455914809699408,289.1462999969008,0.5099702123166733
dma_hardened2,xilinx_u280_xdma_201920_3,3,2,6,12,1024,Allgather,207.28879999296623,1.4227107301986746,290.47640000499086,1.0152700873287226
dma_hardened2,xilinx_u280_xdma_201920_3,3,2,6,12,1024,Allgather,211.03179999499844,1.3974765888694953,306.7996000027051,0.9612528829809416
dma_hardened2,xilinx_u280_xdma_201920_3,3,2,6,12,1024,Allgather,195.65200000215555,1.5073293398316954,286.40200000609184,1.0297134796325695
dma_hardened2,xilinx_u280_xdma_201920_3,3,2,6,12,1024,Allgather,200.27749999371736,1.4725168828712727,297.24040000473906,0.992166609906655
dma_hardened2,xilinx_u280_xdma_201920_3,3,2,6,12,1024,Allgather,199.23069999094878,1.480253796294437,293.2890000010957,1.005533790898732
dma_hardened2,xilinx_u280_xdma_201920_3,3,2,6,12,1024,Allgather,220.51299999930052,1.3373905393375243,295.8695999950578,0.9967634390451949
dma_hardened2,xilinx_u280_xdma_201920_3,3,2,6,12,1024,Allgather,207.61329999459122,1.4204870304921848,335.5965000082506,0.8787695938210012
dma_hardened2,xilinx_u280_xdma_201920_3,3,2,6,12,1024,Allgather,191.01069999578613,1.5439553910147759,321.90709998758393,0.9161400913846723
dma_hardened2,xilinx_u280_xdma_201920_3,3,2,6,12,1024,Allgather,194.01179999931628,1.5200724904415057,326.1838000071293,0.9041282859343541
dma_hardened2,xilinx_u280_xdma_201920_3,3,2,6,12,1024,Allgather,206.099499996526,1.430920502014663,328.14250000683387,0.8987314962062464
dma_hardened2,xilinx_u280_xdma_201920_3,3,2,6,12,1024,Allgather,243.8665999989098,1.209316897030255,408.03659999255615,0.7227586937186029
dma_hardened2,xilinx_u280_xdma_201920_3,3,2,6,12,1024,Allgather,207.2926999971969,1.4226839633233004,335.73589998923126,0.8784047223113742
dma_hardened2,xilinx_u280_xdma_201920_3,3,2,6,12,1024,Allgather,241.50599999757105,1.2211373630591624,334.5760000001974,0.8814499545688455
dma_hardened2,xilinx_u280_xdma_201920_3,3,2,6,12,1024,Allgather,226.95509999266505,1.299428829797309,357.35599999497936,0.8252610841965529
dma_hardened2,xilinx_u280_xdma_201920_3,3,2,6,12,1024,Allgather,206.91419999820937,1.4252864230804467,388.9492000098471,0.7582275525763612
dma_hardened2,xilinx_u280_xdma_201920_3,3,2,6,12,1024,Allgather,213.7519999905635,1.3796923538166637,316.850399985924,0.9307610153343704
dma_hardened2,xilinx_u280_xdma_201920_3,3,2,6,12,1024,Allgather,235.09930001637258,1.2544146238609046,294.0863000048921,1.002807679225772
dma_hardened2,xilinx_u280_xdma_201920_3,3,2,6,12,1024,Allgather,228.42109999601234,1.2910891332068204,340.52729999984876,0.8660451012301539
dma_hardened2,xilinx_u280_xdma_201920_3,3,2,6,12,1024,Allgather,211.68339999348973,1.3931749018065183,325.2732999953878,0.9066591079076632
dma_hardened2,xilinx_u280_xdma_201920_3,3,2,6,12,1024,Allgather,199.13180001367436,1.4809889730306682,387.50210001126106,0.7610591013350112
dma_hardened2,xilinx_u280_xdma_201920_3,3,2,6,24,1024,Allgather,202.6505999992878,2.910546526889498,332.6447999825177,1.773134586895687
dma_hardened2,xilinx_u280_xdma_201920_3,3,2,6,24,1024,Allgather,224.0157999949588,2.632957139689581,305.4209000083574,1.9311841461532602
dma_hardened2,xilinx_u280_xdma_201920_3,3,2,6,24,1024,Allgather,194.08649998240435,3.0389748903374154,301.0337999967305,1.959328155198539
dma_hardened2,xilinx_u280_xdma_201920_3,3,2,6,24,1024,Allgather,196.89830000970687,2.9955769042745537,305.58680000467575,1.9301357257282552
dma_hardened2,xilinx_u280_xdma_201920_3,3,2,6,24,1024,Allgather,191.60540000484616,3.078326602408293,298.50039998109423,1.975957151271345
dma_hardened2,xilinx_u280_xdma_201920_3,3,2,6,24,1024,Allgather,198.83999998455693,2.9663246833927235,456.9340999978522,1.2908294653491006
dma_hardened2,xilinx_u280_xdma_201920_3,3,2,6,24,1024,Allgather,203.74480000100448,2.894915600285711,346.7877000048247,1.700821568907415
dma_hardened2,xilinx_u280_xdma_201920_3,3,2,6,24,1024,Allgather,238.28710000088904,2.4752661809967864,329.4463999964137,1.7903489004779556
dma_hardened2,xilinx_u280_xdma_201920_3,3,2,6,24,1024,Allgather,188.03979999120202,3.1366976567067004,310.94710000161285,1.896862842576569
dma_hardened2,xilinx_u280_xdma_201920_3,3,2,6,24,1024,Allgather,194.27230001838325,3.036068445909104,334.44789999066415,1.763575133874258
dma_hardened2,xilinx_u280_xdma_201920_3,3,2,6,24,1024,Allgather,217.27149999151152,2.7146864638162094,316.83249999332475,1.861627200531596
dma_hardened2,xilinx_u280_xdma_201920_3,3,2,6,24,1024,Allgather,205.0724000127957,2.876174463083269,376.30080000781163,1.5674269095036626
dma_hardened2,xilinx_u280_xdma_201920_3,3,2,6,24,1024,Allgather,219.99289999712346,2.681104708414282,307.3119999953633,1.9193002551442808
dma_hardened2,xilinx_u280_xdma_201920_3,3,2,6,24,1024,Allgather,208.384899997327,2.8304546059122604,300.29340000510274,1.9641590524133312
dma_hardened2,xilinx_u280_xdma_201920_3,3,2,6,24,1024,Allgather,204.60809998894547,2.8827011248912773,325.800799987519,1.8103822950176778
dma_hardened2,xilinx_u280_xdma_201920_3,3,2,6,24,1024,Allgather,196.931699997549,2.995068848780267,377.2848999915368,1.563338474487664
dma_hardened2,xilinx_u280_xdma_201920_3,3,2,6,24,1024,Allgather,215.11399997962144,2.741913590263192,329.5634999858521,1.7897127564955484
dma_hardened2,xilinx_u280_xdma_201920_3,3,2,6,24,1024,Allgather,189.1005999823392,3.1191016847915125,305.7042000136789,1.9293944930217117
dma_hardened2,xilinx_u280_xdma_201920_3,3,2,6,24,1024,Allgather,181.33030000626604,3.2527602942234037,321.19869999860384,1.8363212553555286
dma_hardened2,xilinx_u280_xdma_201920_3,3,2,6,24,1024,Allgather,191.03299998732837,3.0875503187361573,294.1316000033112,2.005306468238571
dma_hardened2,xilinx_u280_xdma_201920_3,3,2,6,48,1024,Allgather,196.94110001182707,5.989851787814517,334.7359999906985,3.524114526172206
dma_hardened2,xilinx_u280_xdma_201920_3,3,2,6,48,1024,Allgather,205.80880000125035,5.731766571656962,328.46659998995165,3.5913788495880175
dma_hardened2,xilinx_u280_xdma_201920_3,3,2,6,48,1024,Allgather,206.1675999811996,5.721791397424096,315.11780000528233,3.743514330133764
dma_hardened2,xilinx_u280_xdma_201920_3,3,2,6,48,1024,Allgather,191.65169999268983,6.155165855794628,344.9133999993137,3.420128066936069
dma_hardened2,xilinx_u280_xdma_201920_3,3,2,6,48,1024,Allgather,200.98130000860692,5.86944158461251,353.4480999860534,3.3375423436893485
dma_hardened2,xilinx_u280_xdma_201920_3,3,2,6,48,1024,Allgather,211.14559999659832,5.586893593894473,423.2066999975359,2.7874038856352428
dma_hardened2,xilinx_u280_xdma_201920_3,3,2,6,48,1024,Allgather,200.69760000751558,5.877738448072251,356.3004999932673,3.310823307916466
dma_hardened2,xilinx_u280_xdma_201920_3,3,2,6,48,1024,Allgather,222.4372000000585,5.303285601507705,382.2180000042863,3.0863224651554115
dma_hardened2,xilinx_u280_xdma_201920_3,3,2,6,48,1024,Allgather,237.90249999819935,4.958535534552721,321.3357000049655,3.6710766963700934
dma_hardened2,xilinx_u280_xdma_201920_3,3,2,6,48,1024,Allgather,202.0055000002685,5.839682582892208,320.70770000700577,3.6782652863471346
dma_hardened2,xilinx_u280_xdma_201920_3,3,2,6,48,1024,Allgather,196.08330001119612,6.016055421000378,300.87879999882716,3.920675035943371
dma_hardened2,xilinx_u280_xdma_201920_3,3,2,6,48,1024,Allgather,229.95629999513767,5.129879024949276,325.9951000018191,3.618606537317332
dma_hardened2,xilinx_u280_xdma_201920_3,3,2,6,48,1024,Allgather,228.88190001140174,5.153959312384404,336.736799999926,3.5031751801414615
dma_hardened2,xilinx_u280_xdma_201920_3,3,2,6,48,1024,Allgather,194.7599999994054,6.0569316081515785,325.5750999869633,3.6232746301766796
dma_hardened2,xilinx_u280_xdma_201920_3,3,2,6,48,1024,Allgather,204.89959999849816,5.757200111706642,316.8143000038981,3.7234682903691074
dma_hardened2,xilinx_u280_xdma_201920_3,3,2,6,48,1024,Allgather,207.47920000303566,5.685620534408945,326.9057000125031,3.6085268625015785
dma_hardened2,xilinx_u280_xdma_201920_3,3,2,6,48,1024,Allgather,198.80820000253152,5.933598312267698,321.9872000045143,3.6636487412650602
dma_hardened2,xilinx_u280_xdma_201920_3,3,2,6,48,1024,Allgather,209.50739999534562,5.63057915866555,301.2849000015194,3.9153903829699095
dma_hardened2,xilinx_u280_xdma_201920_3,3,2,6,48,1024,Allgather,230.50989998409932,5.117558942506906,313.7002999892502,3.760429939150278
dma_hardened2,xilinx_u280_xdma_201920_3,3,2,6,48,1024,Allgather,197.02110000707762,5.987419621338137,302.7244000122664,3.8967721133552518
dma_hardened2,xilinx_u280_xdma_201920_3,3,2,6,96,1024,Allgather,252.57489999148675,9.340975687130914,406.8929999903048,5.798320443104737
dma_hardened2,xilinx_u280_xdma_201920_3,3,2,6,96,1024,Allgather,208.42800001901196,11.319477228514376,339.84930000769964,6.942182902676414
dma_hardened2,xilinx_u280_xdma_201920_3,3,2,6,96,1024,Allgather,213.2470999868019,11.063672144409088,321.0361999890665,7.349003009879728
dma_hardened2,xilinx_u280_xdma_201920_3,3,2,6,96,1024,Allgather,223.89079999811656,10.537708561583804,315.9215000096083,7.467981761064839
dma_hardened2,xilinx_u280_xdma_201920_3,3,2,6,96,1024,Allgather,214.34020000015153,11.007249223423008,355.93929999322427,6.628366128845317
dma_hardened2,xilinx_u280_xdma_201920_3,3,2,6,96,1024,Allgather,267.5958000054379,8.816640619740877,370.28939998435817,6.371492135879833
dma_hardened2,xilinx_u280_xdma_201920_3,3,2,6,96,1024,Allgather,213.02090001427132,11.07542029839297,318.7472000035996,7.401777960632616
dma_hardened2,xilinx_u280_xdma_201920_3,3,2,6,96,1024,Allgather,209.2541000138226,11.274789836109079,352.6145000023462,6.6908649530416415
dma_hardened2,xilinx_u280_xdma_201920_3,3,2,6,96,1024,Allgather,215.11550000923307,10.967577882108614,499.43879998863855,4.723894098843883
dma_hardened2,xilinx_u280_xdma_201920_3,3,2,6,96,1024,Allgather,215.38560001772566,10.95382421018785,339.8643999844353,6.941874465545813
dma_hardened2,xilinx_u280_xdma_201920_3,3,2,6,96,1024,Allgather,240.78679998638108,9.798277979247375,368.272499986233,6.406386575397828
dma_hardened2,xilinx_u280_xdma_201920_3,3,2,6,96,1024,Allgather,207.87230000678392,11.349737314317514,409.9173999975392,5.755540018584631
dma_hardened2,xilinx_u280_xdma_201920_3,3,2,6,96,1024,Allgather,221.3849000099799,10.656986993664177,328.7808000095538,7.1758934826225955
dma_hardened2,xilinx_u280_xdma_201920_3,3,2,6,96,1024,Allgather,244.11750000581378,9.664591845909499,442.29879999875266,5.334167761718217
dma_hardened2,xilinx_u280_xdma_201920_3,3,2,6,96,1024,Allgather,215.10349999971368,10.96818973193435,332.7765999983967,7.08972926585393
dma_hardened2,xilinx_u280_xdma_201920_3,3,2,6,96,1024,Allgather,209.41909999692143,11.265906500575559,318.1600000061735,7.415438772800543
dma_hardened2,xilinx_u280_xdma_201920_3,3,2,6,96,1024,Allgather,236.33989999325422,9.982639410727264,385.6437999957052,6.117811306771364
dma_hardened2,xilinx_u280_xdma_201920_3,3,2,6,96,1024,Allgather,230.84470001322188,10.220273629261875,382.3611999905552,6.170333182494138
dma_hardened2,xilinx_u280_xdma_201920_3,3,2,6,96,1024,Allgather,216.67890000571788,10.88844368296932,345.6550999999308,6.8255784451045916
dma_hardened2,xilinx_u280_xdma_201920_3,3,2,6,96,1024,Allgather,209.49049999217095,11.262066776718616,398.244099983458,5.924245958943269
dma_hardened2,xilinx_u280_xdma_201920_3,3,2,6,192,1024,Allgather,258.319600015966,18.266488488323603,417.954199997439,11.289734616924326
dma_hardened2,xilinx_u280_xdma_201920_3,3,2,6,192,1024,Allgather,273.3676999923773,17.260971212515507,385.59960000839055,12.23702514187599
dma_hardened2,xilinx_u280_xdma_201920_3,3,2,6,192,1024,Allgather,241.0318000102052,19.57663677489948,489.0695999847594,9.648099166554296
dma_hardened2,xilinx_u280_xdma_201920_3,3,2,6,192,1024,Allgather,300.09760000666574,15.723524612976549,413.3719000037672,11.414883304735996
dma_hardened2,xilinx_u280_xdma_201920_3,3,2,6,192,1024,Allgather,241.99469999075518,19.49874108887617,403.49289999994653,11.694361908228435
dma_hardened2,xilinx_u280_xdma_201920_3,3,2,6,192,1024,Allgather,246.5402000098038,19.13923976622215,444.29320000745065,10.620446137642599
dma_hardened2,xilinx_u280_xdma_201920_3,3,2,6,192,1024,Allgather,232.63279999810038,20.28343380657642,405.8294000060414,11.627033428159114
dma_hardened2,xilinx_u280_xdma_201920_3,3,2,6,192,1024,Allgather,306.29539999154076,15.40536358081224,383.59059999493184,12.301114782433
dma_hardened2,xilinx_u280_xdma_201920_3,3,2,6,192,1024,Allgather,249.5374000091033,18.90935787512358,429.7141000051852,10.980770702993135
dma_hardened2,xilinx_u280_xdma_201920_3,3,2,6,192,1024,Allgather,243.03590000727127,19.415205736513933,391.0809999979392,12.065510725463175
dma_hardened2,xilinx_u280_xdma_201920_3,3,2,6,192,1024,Allgather,307.97339998116513,15.321427111200439,390.79059999949095,12.074476714655232
dma_hardened2,xilinx_u280_xdma_201920_3,3,2,6,192,1024,Allgather,228.1378999896333,20.683069319978905,394.0588999967076,11.974331756088809
dma_hardened2,xilinx_u280_xdma_201920_3,3,2,6,192,1024,Allgather,284.8144000154207,16.567252216687503,492.6112000021021,9.578734710010378
dma_hardened2,xilinx_u280_xdma_201920_3,3,2,6,192,1024,Allgather,267.07550000537594,17.66763330932646,370.06929999279237,12.75056320557231
dma_hardened2,xilinx_u280_xdma_201920_3,3,2,6,192,1024,Allgather,276.2153000048784,17.083021830856808,434.2222000104812,10.866768211957158
dma_hardened2,xilinx_u280_xdma_201920_3,3,2,6,192,1024,Allgather,242.79470001147274,19.434493420890295,373.09370000002673,12.647203638120027
dma_hardened2,xilinx_u280_xdma_201920_3,3,2,6,192,1024,Allgather,291.59729999719275,16.181878227423322,399.0921999957209,11.82331300900041
dma_hardened2,xilinx_u280_xdma_201920_3,3,2,6,192,1024,Allgather,236.17100000592472,19.979557184758615,382.1774000016376,12.346601342674322
dma_hardened2,xilinx_u280_xdma_201920_3,3,2,6,192,1024,Allgather,251.1369000103514,18.788923490755472,417.08579999522044,11.313240585160349
dma_hardened2,xilinx_u280_xdma_201920_3,3,2,6,192,1024,Allgather,258.8978000176212,18.22569368947454,394.8908999973355,11.949102904199206
dma_hardened2,xilinx_u280_xdma_201920_3,3,2,6,384,1024,Allgather,338.7396000107401,27.8597010792384,508.8873999966381,18.544738973812958
dma_hardened2,xilinx_u280_xdma_201920_3,3,2,6,384,1024,Allgather,305.3033000014693,30.910848326744524,480.99629998432647,19.62007608022664
dma_hardened2,xilinx_u280_xdma_201920_3,3,2,6,384,1024,Allgather,379.8348000145779,24.845495988355474,537.0303000063359,17.5729078971683
dma_hardened2,xilinx_u280_xdma_201920_3,3,2,6,384,1024,Allgather,356.4181000001554,26.477847224918953,510.92409999000665,18.470813962748252
dma_hardened2,xilinx_u280_xdma_201920_3,3,2,6,384,1024,Allgather,365.09459998796956,25.848599240610433,525.3299999822048,17.964296728379644
dma_hardened2,xilinx_u280_xdma_201920_3,3,2,6,384,1024,Allgather,360.7681999937995,26.15858049618064,523.8831999804461,18.01390844438654
dma_hardened2,xilinx_u280_xdma_201920_3,3,2,6,384,1024,Allgather,385.48130000890524,24.481561102398445,589.2043000130798,16.016828118515942
dma_hardened2,xilinx_u280_xdma_201920_3,3,2,6,384,1024,Allgather,370.73290000080306,25.455480212248652,538.5948000139251,17.521862446046647
dma_hardened2,xilinx_u280_xdma_201920_3,3,2,6,384,1024,Allgather,359.76079998363275,26.231829594634387,498.7235000044165,18.92267759573477
dma_hardened2,xilinx_u280_xdma_201920_3,3,2,6,384,1024,Allgather,392.2653000017817,24.058166755910182,523.1263000041508,18.039972373641163
dma_hardened2,xilinx_u280_xdma_201920_3,3,2,6,384,1024,Allgather,360.46210000222345,26.18079404170865,486.594599988166,19.39434593032786
dma_hardened2,xilinx_u280_xdma_201920_3,3,2,6,384,1024,Allgather,370.7713000039803,25.452843841739345,538.2283000017196,17.533793745088932
dma_hardened2,xilinx_u280_xdma_201920_3,3,2,6,384,1024,Allgather,317.3415999981444,29.738250516336915,569.1973000011785,16.579811604834493
dma_hardened2,xilinx_u280_xdma_201920_3,3,2,6,384,1024,Allgather,294.0396999974837,32.09493139899395,550.1780999793482,17.15296192333762
dma_hardened2,xilinx_u280_xdma_201920_3,3,2,6,384,1024,Allgather,360.8338000049116,26.15382483534398,570.9218999982113,16.529728497066877
dma_hardened2,xilinx_u280_xdma_201920_3,3,2,6,384,1024,Allgather,396.97689999229624,23.77262757652432,547.0482999953674,17.25109830353173
dma_hardened2,xilinx_u280_xdma_201920_3,3,2,6,384,1024,Allgather,320.7600999985516,29.42131518241394,553.2323999887012,17.058263399238253
dma_hardened2,xilinx_u280_xdma_201920_3,3,2,6,384,1024,Allgather,390.0900999951773,24.192318646683606,574.6590000171636,16.42223301073878
dma_hardened2,xilinx_u280_xdma_201920_3,3,2,6,384,1024,Allgather,390.81059999261925,24.147717590511178,568.9545999985057,16.586884085346675
dma_hardened2,xilinx_u280_xdma_201920_3,3,2,6,384,1024,Allgather,392.1448000028249,24.065559456435523,483.3487000041714,19.524587528462487
dma_hardened2,xilinx_u280_xdma_201920_3,3,2,6,768,1024,Allgather,506.14489998679346,37.29044390349972,732.7759999952832,25.757350131720322
dma_hardened2,xilinx_u280_xdma_201920_3,3,2,6,768,1024,Allgather,462.75019999484357,40.787379454855596,723.7089999989621,26.080051512454688
dma_hardened2,xilinx_u280_xdma_201920_3,3,2,6,768,1024,Allgather,484.06449998310563,38.991431928304465,737.2799999984636,25.60000000005335
dma_hardened2,xilinx_u280_xdma_201920_3,3,2,6,768,1024,Allgather,490.24330000975164,38.50000193704751,717.2648000050685,26.314365349960887
dma_hardened2,xilinx_u280_xdma_201920_3,3,2,6,768,1024,Allgather,531.2336999850231,35.52931224154665,693.2852000090861,27.224536164557723
dma_hardened2,xilinx_u280_xdma_201920_3,3,2,6,768,1024,Allgather,516.80099998066,36.52153923987439,728.1914000031975,25.91951511637891
dma_hardened2,xilinx_u280_xdma_201920_3,3,2,6,768,1024,Allgather,486.8769000040629,38.76620147688768,743.5683000039717,25.383502766187295
dma_hardened2,xilinx_u280_xdma_201920_3,3,2,6,768,1024,Allgather,476.17739999168407,39.63726123988585,692.7826999799436,27.244283092730843
dma_hardened2,xilinx_u280_xdma_201920_3,3,2,6,768,1024,Allgather,495.2579000018886,38.11018057446035,704.9459000199931,26.774207778873105
dma_hardened2,xilinx_u280_xdma_201920_3,3,2,6,768,1024,Allgather,492.7636000047642,38.3030889453229,644.7370999921986,29.274518249730598
dma_hardened2,xilinx_u280_xdma_201920_3,3,2,6,768,1024,Allgather,496.72990000999556,37.997245584814195,724.4834999937666,26.052170960639398
dma_hardened2,xilinx_u280_xdma_201920_3,3,2,6,768,1024,Allgather,465.73120000630297,40.52631217265359,725.9205999844198,26.00059565798945
dma_hardened2,xilinx_u280_xdma_201920_3,3,2,6,768,1024,Allgather,491.63270000462944,38.39119733049138,694.4590999864886,27.17851634511985
dma_hardened2,xilinx_u280_xdma_201920_3,3,2,6,768,1024,Allgather,502.2836000080133,37.57711380522654,731.4468999993551,25.804153384226034
dma_hardened2,xilinx_u280_xdma_201920_3,3,2,6,768,1024,Allgather,500.0888000040504,37.742033014630856,665.0150000041322,28.381868077987296
dma_hardened2,xilinx_u280_xdma_201920_3,3,2,6,768,1024,Allgather,519.6991000048001,36.31787701734652,659.9260000029972,28.600734021563444
dma_hardened2,xilinx_u280_xdma_201920_3,3,2,6,768,1024,Allgather,460.6998000099338,40.968908602940616,697.2382000185462,27.07018634305744
dma_hardened2,xilinx_u280_xdma_201920_3,3,2,6,768,1024,Allgather,456.4903000073173,41.34670112310701,698.1998999890493,27.03289989055574
dma_hardened2,xilinx_u280_xdma_201920_3,3,2,6,768,1024,Allgather,490.82579998867,38.454311082334485,679.2998000037187,27.785033942151426
dma_hardened2,xilinx_u280_xdma_201920_3,3,2,6,768,1024,Allgather,501.7780999878596,37.61496964585872,630.6371999926341,29.929043196659592
dma_hardened2,xilinx_u280_xdma_201920_3,3,2,6,1536,1024,Allgather,680.4317999922205,55.477618771538296,1035.971300007077,36.43801329220426
dma_hardened2,xilinx_u280_xdma_201920_3,3,2,6,1536,1024,Allgather,687.1335999903749,54.936530538644554,1020.0228999792671,37.00773384672764
dma_hardened2,xilinx_u280_xdma_201920_3,3,2,6,1536,1024,Allgather,690.5137999865474,54.66760548556079,1065.0209999994331,35.444123637017576
dma_hardened2,xilinx_u280_xdma_201920_3,3,2,6,1536,1024,Allgather,681.2334999949599,55.41233072108063,1009.7701999939092,37.38349180855971
dma_hardened2,xilinx_u280_xdma_201920_3,3,2,6,1536,1024,Allgather,698.5001999964879,54.042555750434715,1023.3413999912954,36.88772485929045
dma_hardened2,xilinx_u280_xdma_201920_3,3,2,6,1536,1024,Allgather,673.3400000030088,56.06192413911445,1012.575800018567,37.27991129089578
dma_hardened2,xilinx_u280_xdma_201920_3,3,2,6,1536,1024,Allgather,693.0970000212255,54.463857149639914,941.7502999895078,40.083593284143966
dma_hardened2,xilinx_u280_xdma_201920_3,3,2,6,1536,1024,Allgather,688.1927999984327,54.85197752735275,1045.9963000130301,36.088785399651755
dma_hardened2,xilinx_u280_xdma_201920_3,3,2,6,1536,1024,Allgather,647.3660999972708,58.31126467721918,1026.3971000085803,36.777905938826635
dma_hardened2,xilinx_u280_xdma_201920_3,3,2,6,1536,1024,Allgather,698.78780000181,54.02031346268814,1090.087400007178,34.62909120842185
dma_hardened2,xilinx_u280_xdma_201920_3,3,2,6,1536,1024,Allgather,685.547700004463,55.06361701710071,1055.8629999877667,35.751547312896996
dma_hardened2,xilinx_u280_xdma_201920_3,3,2,6,1536,1024,Allgather,702.3986000149307,53.74261281158246,1022.5685000023077,36.91560614268366
dma_hardened2,xilinx_u280_xdma_201920_3,3,2,6,1536,1024,Allgather,681.5469999992274,55.38684199335158,1054.9896999918928,35.78114174981053
dma_hardened2,xilinx_u280_xdma_201920_3,3,2,6,1536,1024,Allgather,711.3003000085882,53.070040880826596,994.8294000196255,37.9449340753855
dma_hardened2,xilinx_u280_xdma_201920_3,3,2,6,1536,1024,Allgather,713.6347999903592,52.89643386296459,1080.831199988097,34.925653515938215
dma_hardened2,xilinx_u280_xdma_201920_3,3,2,6,1536,1024,Allgather,633.8065000136339,59.558770696084665,1065.244000005805,35.43670370337152
dma_hardened2,xilinx_u280_xdma_201920_3,3,2,6,1536,1024,Allgather,710.0253999851702,53.16533183290123,967.4694000068484,39.018015453235826
dma_hardened2,xilinx_u280_xdma_201920_3,3,2,6,1536,1024,Allgather,705.8328000084657,53.481130374710894,1049.2927000086638,35.975410864564594
dma_hardened2,xilinx_u280_xdma_201920_3,3,2,6,1536,1024,Allgather,658.439299991187,57.33062409929853,1057.057100001657,35.71116073099629
dma_hardened2,xilinx_u280_xdma_201920_3,3,2,6,1536,1024,Allgather,705.2275000205555,53.527033473453216,990.7555999916439,38.1009564824245
dma_hardened2,xilinx_u280_xdma_201920_3,3,2,6,3072,1024,Allgather,1113.2016999908956,67.82011921165541,1731.206900012694,43.60973376402695
dma_hardened2,xilinx_u280_xdma_201920_3,3,2,6,3072,1024,Allgather,1131.3841000173852,66.73018650239109,1760.5527999876358,42.88282180490708
dma_hardened2,xilinx_u280_xdma_201920_3,3,2,6,3072,1024,Allgather,1116.8117999886817,67.60089032079095,1726.671799997348,43.724274642185016
dma_hardened2,xilinx_u280_xdma_201920_3,3,2,6,3072,1024,Allgather,1077.6898999893092,70.05491282858728,1774.5732000093994,42.54401678082375
dma_hardened2,xilinx_u280_xdma_201920_3,3,2,6,3072,1024,Allgather,1047.157499988316,72.09753260693104,1764.5039999933942,42.7867956095779
dma_hardened2,xilinx_u280_xdma_201920_3,3,2,6,3072,1024,Allgather,1053.9505999986432,71.63283744048078,1787.1838000019125,42.24382069707615
dma_hardened2,xilinx_u280_xdma_201920_3,3,2,6,3072,1024,Allgather,1107.4232000055417,68.17400249482058,1765.0153999966278,42.774398455755254
dma_hardened2,xilinx_u280_xdma_201920_3,3,2,6,3072,1024,Allgather,1052.3750000174914,71.74008504453751,1793.7548999952924,42.089068021611055
dma_hardened2,xilinx_u280_xdma_201920_3,3,2,6,3072,1024,Allgather,1054.335800017725,71.60666648968078,1799.2290999927718,41.96101096869948
dma_hardened2,xilinx_u280_xdma_201920_3,3,2,6,3072,1024,Allgather,1072.2986000018864,70.40713472895253,1840.8024000109435,41.01334939565006
dma_hardened2,xilinx_u280_xdma_201920_3,3,2,6,3072,1024,Allgather,1154.7723000148835,65.37866555945872,1776.2709999942672,42.50335224762644
dma_hardened2,xilinx_u280_xdma_201920_3,3,2,6,3072,1024,Allgather,1092.3615999899994,69.1139930227236,1750.569099999666,43.12738754500717
dma_hardened2,xilinx_u280_xdma_201920_3,3,2,6,3072,1024,Allgather,1058.833100000811,71.30252350435794,1754.4394999958968,43.03224591111667
dma_hardened2,xilinx_u280_xdma_201920_3,3,2,6,3072,1024,Allgather,1077.9997999861735,70.0347736622663,1723.1135999963954,43.814564518646904
dma_hardened2,xilinx_u280_xdma_201920_3,3,2,6,3072,1024,Allgather,1074.5999000164375,70.25635494554314,1752.1963000035612,43.08733673267462
dma_hardened2,xilinx_u280_xdma_201920_3,3,2,6,3072,1024,Allgather,1060.817000006864,71.16917620995092,1780.7939000022088,42.395401286980125
dma_hardened2,xilinx_u280_xdma_201920_3,3,2,6,3072,1024,Allgather,1072.8688999961378,70.3697087316743,1815.5027000148038,41.584885552296
dma_hardened2,xilinx_u280_xdma_201920_3,3,2,6,3072,1024,Allgather,1060.2002000041466,71.2105807938017,1771.193000013227,42.62520911015129
dma_hardened2,xilinx_u280_xdma_201920_3,3,2,6,3072,1024,Allgather,1046.1861000067074,72.1644762815296,1800.5982999966363,41.92910323204295
dma_hardened2,xilinx_u280_xdma_201920_3,3,2,6,3072,1024,Allgather,1029.3280000041705,73.346369670012,1773.7454000098296,42.5638719060704
dma_hardened2,xilinx_u280_xdma_201920_3,3,2,6,6144,1024,Allgather,2070.29139999122,72.9341502363582,3112.0527999974,48.519403012740064
dma_hardened2,xilinx_u280_xdma_201920_3,3,2,6,6144,1024,Allgather,2085.9403000031307,72.38699209165928,3156.632900004297,47.834179261007655
dma_hardened2,xilinx_u280_xdma_201920_3,3,2,6,6144,1024,Allgather,2094.5841999946424,72.08826649240753,3129.703799982053,48.24576178770204
dma_hardened2,xilinx_u280_xdma_201920_3,3,2,6,6144,1024,Allgather,2049.742700000934,73.6653161394019,3076.1843000163935,49.08514226510919
dma_hardened2,xilinx_u280_xdma_201920_3,3,2,6,6144,1024,Allgather,2111.2119000008533,71.52050630253598,3193.5847999875477,47.28070599552852
dma_hardened2,xilinx_u280_xdma_201920_3,3,2,6,6144,1024,Allgather,2087.7405999954135,72.32457135734761,3100.268999992295,48.703820217011895
dma_hardened2,xilinx_u280_xdma_201920_3,3,2,6,6144,1024,Allgather,2112.9667999957746,71.46110577804723,3156.8690000085553,47.830601776504125
dma_hardened2,xilinx_u280_xdma_201920_3,3,2,6,6144,1024,Allgather,2035.6258999981947,74.17617549478709,3135.6848000086757,48.15373790107419
dma_hardened2,xilinx_u280_xdma_201920_3,3,2,6,6144,1024,Allgather,2101.0294999996404,71.86712228458755,3036.4506000069014,49.72744954245487
dma_hardened2,xilinx_u280_xdma_201920_3,3,2,6,6144,1024,Allgather,2060.0738999974055,73.29588710394815,3169.787899992116,47.635661679563974
dma_hardened2,xilinx_u280_xdma_201920_3,3,2,6,6144,1024,Allgather,2033.7701000016752,74.24386069982818,3118.165399996542,48.42428948771205
dma_hardened2,xilinx_u280_xdma_201920_3,3,2,6,6144,1024,Allgather,2048.088700007611,73.72480693801928,3128.8147999930516,48.25947000772795
dma_hardened2,xilinx_u280_xdma_201920_3,3,2,6,6144,1024,Allgather,2040.1482999886866,74.0117490482615,3108.1686999868907,48.580034925593594
dma_hardened2,xilinx_u280_xdma_201920_3,3,2,6,6144,1024,Allgather,2090.075099999922,72.2437887518997,3077.363600004901,49.06633197317324
dma_hardened2,xilinx_u280_xdma_201920_3,3,2,6,6144,1024,Allgather,2053.836200002479,73.51849383111357,3184.636700007104,47.41355395410194
dma_hardened2,xilinx_u280_xdma_201920_3,3,2,6,6144,1024,Allgather,2073.4368999910657,72.82350574577438,3127.7534000082596,48.27584681055778
dma_hardened2,xilinx_u280_xdma_201920_3,3,2,6,6144,1024,Allgather,2098.2621999792173,71.96190447575883,3193.073099987487,47.28828287726696
dma_hardened2,xilinx_u280_xdma_201920_3,3,2,6,6144,1024,Allgather,1990.8305999933873,75.84519948633577,3161.2491000032605,47.76432961257127
dma_hardened2,xilinx_u280_xdma_201920_3,3,2,6,6144,1024,Allgather,2070.916299999226,72.91214232079608,3074.1649999981746,49.11738439546662
dma_hardened2,xilinx_u280_xdma_201920_3,3,2,6,6144,1024,Allgather,2031.9496999945839,74.31037490760843,3205.910699989545,47.09892387223775
dma_hardened2,xilinx_u280_xdma_201920_3,3,2,6,12288,1024,Allgather,3601.6510000081325,83.84762654663601,5448.561100001825,55.42562200502787
dma_hardened2,xilinx_u280_xdma_201920_3,3,2,6,12288,1024,Allgather,3563.1116000104157,84.75454094649105,5500.191700002688,54.905338662987404
dma_hardened2,xilinx_u280_xdma_201920_3,3,2,6,12288,1024,Allgather,3622.3519000031956,83.36845683041827,5497.0429999912085,54.93678837885805
dma_hardened2,xilinx_u280_xdma_201920_3,3,2,6,12288,1024,Allgather,3619.5227000007435,83.43362178663446,5482.377199996336,55.083748706711
dma_hardened2,xilinx_u280_xdma_201920_3,3,2,6,12288,1024,Allgather,3581.3551000046573,84.32279948994929,5434.028800004853,55.57384752906174
dma_hardened2,xilinx_u280_xdma_201920_3,3,2,6,12288,1024,Allgather,3595.346899987817,83.99464541266472,5529.3603000109215,54.61570084326093
dma_hardened2,xilinx_u280_xdma_201920_3,3,2,6,12288,1024,Allgather,3568.1343000078414,84.63523584281464,5451.065200008998,55.40016068776824
dma_hardened2,xilinx_u280_xdma_201920_3,3,2,6,12288,1024,Allgather,3561.7967999996836,84.78582719823513,5505.40120000278,54.85338434551283
dma_hardened2,xilinx_u280_xdma_201920_3,3,2,6,12288,1024,Allgather,3595.7270000153585,83.98576643852832,5483.834200003912,55.06911350452291
dma_hardened2,xilinx_u280_xdma_201920_3,3,2,6,12288,1024,Allgather,3593.560400008755,84.03640244902083,5545.357800019701,54.45814298924537
dma_hardened2,xilinx_u280_xdma_201920_3,3,2,6,12288,1024,Allgather,3563.2375999966825,84.75154393304594,5477.345100007369,55.13435478067535
dma_hardened2,xilinx_u280_xdma_201920_3,3,2,6,12288,1024,Allgather,3582.677299982606,84.29167985669994,5442.8193999910945,55.48409120473373
dma_hardened2,xilinx_u280_xdma_201920_3,3,2,6,12288,1024,Allgather,3612.5857999877553,83.5938313218813,5502.301899991835,54.884281794942616
dma_hardened2,xilinx_u280_xdma_201920_3,3,2,6,12288,1024,Allgather,3559.671200014236,84.83645568129783,5496.6306000096665,54.940910164031926
dma_hardened2,xilinx_u280_xdma_201920_3,3,2,6,12288,1024,Allgather,3589.67740000935,84.12730570140187,5499.819900001057,54.909050385439336
dma_hardened2,xilinx_u280_xdma_201920_3,3,2,6,12288,1024,Allgather,3568.3001000052172,84.63130329188357,5536.24789999958,54.54775390387105
dma_hardened2,xilinx_u280_xdma_201920_3,3,2,6,12288,1024,Allgather,3594.4759999892995,84.01499634464078,5500.813100002233,54.89913627494041
dma_hardened2,xilinx_u280_xdma_201920_3,3,2,6,12288,1024,Allgather,3584.657600003993,84.24511395444397,5506.689200001347,54.84055428440126
dma_hardened2,xilinx_u280_xdma_201920_3,3,2,6,12288,1024,Allgather,3618.440900004316,83.45856581480709,5487.488200014923,55.03244416984418
dma_hardened2,xilinx_u280_xdma_201920_3,3,2,6,12288,1024,Allgather,3537.449700002071,85.36938009318499,5520.794999983991,54.70043499185818
dma_hardened2,xilinx_u280_xdma_201920_3,3,2,6,24576,1024,Allgather,6628.382799999599,91.12023161970014,9991.015299988248,60.45229217101793
dma_hardened2,xilinx_u280_xdma_201920_3,3,2,6,24576,1024,Allgather,6621.981700004653,91.20831246023764,9996.196799988866,60.42095689839487
dma_hardened2,xilinx_u280_xdma_201920_3,3,2,6,24576,1024,Allgather,6646.863100013434,90.86688967594041,10024.37590000227,60.25111009652614
dma_hardened2,xilinx_u280_xdma_201920_3,3,2,6,24576,1024,Allgather,6606.331800003318,91.42437804890403,10047.241200004464,60.11399188861233
dma_hardened2,xilinx_u280_xdma_201920_3,3,2,6,24576,1024,Allgather,6660.052000006544,90.68694598772,9944.93919999968,60.732374914873226
dma_hardened2,xilinx_u280_xdma_201920_3,3,2,6,24576,1024,Allgather,6606.573999988541,91.42102638993336,9974.81389999848,60.5504806460692
dma_hardened2,xilinx_u280_xdma_201920_3,3,2,6,24576,1024,Allgather,6640.057100003105,90.96002743707092,10040.416600008939,60.15485214024509
dma_hardened2,xilinx_u280_xdma_201920_3,3,2,6,24576,1024,Allgather,6606.402800002797,91.42339549743231,9966.515799987974,60.60089484840116
dma_hardened2,xilinx_u280_xdma_201920_3,3,2,6,24576,1024,Allgather,6646.499699991182,90.87185785937842,10001.106300001084,60.391296510860464
dma_hardened2,xilinx_u280_xdma_201920_3,3,2,6,24576,1024,Allgather,6641.636199992718,90.93840099231305,9995.028999992428,60.42801636698178
dma_hardened2,xilinx_u280_xdma_201920_3,3,2,6,24576,1024,Allgather,6640.750100018522,90.9505352412396,9990.734699999848,60.45399003538841
dma_hardened2,xilinx_u280_xdma_201920_3,3,2,6,24576,1024,Allgather,6628.7186999943515,91.11561424389825,10005.730600005336,60.36338575812524
dma_hardened2,xilinx_u280_xdma_201920_3,3,2,6,24576,1024,Allgather,6665.9350000009,90.60691050841608,9968.658500019956,60.587869069723965
dma_hardened2,xilinx_u280_xdma_201920_3,3,2,6,24576,1024,Allgather,6650.423900009628,90.81823731553798,10028.061399998478,60.2289666874289
dma_hardened2,xilinx_u280_xdma_201920_3,3,2,6,24576,1024,Allgather,6611.697599987565,91.35018153297513,9950.909000008323,60.69594003919589
dma_hardened2,xilinx_u280_xdma_201920_3,3,2,6,24576,1024,Allgather,6656.291799981773,90.73817587168487,9942.975300009493,60.74437055067645
dma_hardened2,xilinx_u280_xdma_201920_3,3,2,6,24576,1024,Allgather,6640.7645000026605,90.95033802203918,10027.108500003123,60.234690389538706
dma_hardened2,xilinx_u280_xdma_201920_3,3,2,6,24576,1024,Allgather,6672.851500002253,90.5129952314683,9945.165199997064,60.730994795358285
dma_hardened2,xilinx_u280_xdma_201920_3,3,2,6,24576,1024,Allgather,6688.848099997813,90.29653042953652,10058.978000006391,60.04385097567728
dma_hardened2,xilinx_u280_xdma_201920_3,3,2,6,24576,1024,Allgather,6632.882899998549,91.0584108156247,10002.294400010214,60.384123066741886
experiment,board_instance,number of nodes,rank id,number of banks,buffer size[KB],segment_size[KB],collective name,execution_time[us],throughput[Gbps],execution_time_fullpath[us],throughput_fullpath[Gbps]
dma_hardened2,xilinx_u280_xdma_201920_3,3,2,6,1,128,Send/recv,178.0785000164542,0.04600218442564976,302.54929999955493,0.02707657892453247
dma_hardened2,xilinx_u280_xdma_201920_3,3,2,6,1,128,Send/recv,166.2989000124071,0.04926069865398278,292.22359999039327,0.028033327904622724
dma_hardened2,xilinx_u280_xdma_201920_3,3,2,6,1,128,Send/recv,170.9441999992123,0.047922070477019685,303.64819999704196,0.02697858903849851
dma_hardened2,xilinx_u280_xdma_201920_3,3,2,6,1,128,Send/recv,197.7465999971173,0.041426755252021635,329.2734000069686,0.02487902150561396
dma_hardened2,xilinx_u280_xdma_201920_3,3,2,6,1,128,Send/recv,172.52409998036455,0.04748322119015462,340.2616999892416,0.02407558652724951
dma_hardened2,xilinx_u280_xdma_201920_3,3,2,6,1,128,Send/recv,200.26139998208237,0.040906535162207734,301.5177999941443,0.027169208584564807
dma_hardened2,xilinx_u280_xdma_201920_3,3,2,6,1,128,Send/recv,169.48190000221075,0.04833554497496867,299.7978000166768,0.027325083771609752
dma_hardened2,xilinx_u280_xdma_201920_3,3,2,6,1,128,Send/recv,173.67700002068887,0.04716801878788871,291.99120001521806,0.028055640031525084
dma_hardened2,xilinx_u280_xdma_201920_3,3,2,6,1,128,Send/recv,181.07900000359223,0.04523992290567922,289.53099999853293,0.028294034145019045
dma_hardened2,xilinx_u280_xdma_201920_3,3,2,6,1,128,Send/recv,162.913799999842,0.05028426075635056,278.3588000056625,0.02942964260455698
dma_hardened2,xilinx_u280_xdma_201920_3,3,2,6,1,128,Send/recv,169.2424000111714,0.04840394605287599,272.75610000288,0.030034158722439214
dma_hardened2,xilinx_u280_xdma_201920_3,3,2,6,1,128,Send/recv,167.99500001525303,0.048763356047836014,321.7243000108283,0.025462795317992087
dma_hardened2,xilinx_u280_xdma_201920_3,3,2,6,1,128,Send/recv,169.18009998789785,0.04842177064906575,298.23049999322393,0.027468686134336125
dma_hardened2,xilinx_u280_xdma_201920_3,3,2,6,1,128,Send/recv,166.48420000819897,0.0492058705846955,301.43849999149097,0.027176356040224604
dma_hardened2,xilinx_u280_xdma_201920_3,3,2,6,1,128,Send/recv,174.93670000021666,0.046828367060713125,322.40940001884155,0.02540868845486906
dma_hardened2,xilinx_u280_xdma_201920_3,3,2,6,1,128,Send/recv,169.07140000057552,0.048452902146502094,294.7628999891094,0.027791828619893037
dma_hardened2,xilinx_u280_xdma_201920_3,3,2,6,1,128,Send/recv,164.34289998414897,0.04984699674150892,278.0668000013975,0.029460546890023653
dma_hardened2,xilinx_u280_xdma_201920_3,3,2,6,1,128,Send/recv,165.16400000909925,0.049599186260617836,274.2436000062298,0.029871253147981967
dma_hardened2,xilinx_u280_xdma_201920_3,3,2,6,1,128,Send/recv,173.32370000531228,0.0472641652569667,283.4857999914675,0.028897390981299828
dma_hardened2,xilinx_u280_xdma_201920_3,3,2,6,1,128,Send/recv,195.32440001057694,0.04194048464788013,306.8336000069394,0.026698510201668687
dma_hardened2,xilinx_u280_xdma_201920_3,3,2,6,6,128,Send/recv,170.5283000092095,0.2882336831912681,301.8742000222119,0.1628227917337202
dma_hardened2,xilinx_u280_xdma_201920_3,3,2,6,6,128,Send/recv,169.36669999267906,0.2902105313625678,308.28019998807576,0.15943936717927779
dma_hardened2,xilinx_u280_xdma_201920_3,3,2,6,6,128,Send/recv,199.34590000048047,0.2465663953955488,311.86829999114707,0.15760498903349673
dma_hardened2,xilinx_u280_xdma_201920_3,3,2,6,6,128,Send/recv,177.54670000158512,0.27683983988190813,350.52859998359054,0.14022250966768754
dma_hardened2,xilinx_u280_xdma_201920_3,3,2,6,6,128,Send/recv,173.76999999214604,0.2828566496070757,303.84429999230633,0.16176706293731552
dma_hardened2,xilinx_u280_xdma_201920_3,3,2,6,6,128,Send/recv,176.86520000097516,0.27790656386744816,308.42759999814007,0.15936316983401097
dma_hardened2,xilinx_u280_xdma_201920_3,3,2,6,6,128,Send/recv,181.2763000089035,0.27114410431802655,294.3653999864182,0.16697614598138177
dma_hardened2,xilinx_u280_xdma_201920_3,3,2,6,6,128,Send/recv,171.65409999506664,0.2863432915462703,291.64299999138166,0.1685348182588044
dma_hardened2,xilinx_u280_xdma_201920_3,3,2,6,6,128,Send/recv,177.000799999405,0.27769366014258257,325.10519999959797,0.15118798468945063
dma_hardened2,xilinx_u280_xdma_201920_3,3,2,6,6,128,Send/recv,170.57820000445645,0.28814936491718096,320.20890000694635,0.15349979341278064
dma_hardened2,xilinx_u280_xdma_201920_3,3,2,6,6,128,Send/recv,175.1658999864958,0.2806025602231331,274.24190000147064,0.17922862990570157
dma_hardened2,xilinx_u280_xdma_201920_3,3,2,6,6,128,Send/recv,212.6813000131733,0.2311063548932396,325.48090000545926,0.15101346960505388
dma_hardened2,xilinx_u280_xdma_201920_3,3,2,6,6,128,Send/recv,170.2983000086533,0.2886229633384623,309.6054000025106,0.15875692090513094
dma_hardened2,xilinx_u280_xdma_201920_3,3,2,6,6,128,Send/recv,184.3434999955207,0.2666326721647052,308.9129000045432,0.15911281140825495
dma_hardened2,xilinx_u280_xdma_201920_3,3,2,6,6,128,Send/recv,177.25150000842405,0.27730089729939666,330.0755000054778,0.1489113854229844
dma_hardened2,xilinx_u280_xdma_201920_3,3,2,6,6,128,Send/recv,165.07020000062766,0.2977642239472243,306.12509999627946,0.16056180953668084
dma_hardened2,xilinx_u280_xdma_201920_3,3,2,6,6,128,Send/recv,171.48409999663272,0.2866271566924581,310.2013999978226,0.15845189609184554
dma_hardened2,xilinx_u280_xdma_201920_3,3,2,6,6,128,Send/recv,167.95020001154626,0.2926581807977656,305.04569999720843,0.16112995528358473
dma_hardened2,xilinx_u280_xdma_201920_3,3,2,6,6,128,Send/recv,167.21120000511291,0.2939516013191524,279.128900001524,0.1760906878497054
dma_hardened2,xilinx_u280_xdma_201920_3,3,2,6,6,128,Send/recv,165.72179999911896,0.2965934475745576,305.4816000030769,0.16090003456674618
dma_hardened2,xilinx_u280_xdma_201920_3,3,2,6,12,128,Send/recv,200.38410000324802,0.49057784524024906,326.62240000718157,0.3009713969337025
dma_hardened2,xilinx_u280_xdma_201920_3,3,2,6,12,128,Send/recv,273.7780999950701,0.35906451247112225,351.588300009098,0.2795997477659416
dma_hardened2,xilinx_u280_xdma_201920_3,3,2,6,12,128,Send/recv,193.52520000666118,0.5079648541720476,321.7403999997259,0.3055382538222857
dma_hardened2,xilinx_u280_xdma_201920_3,3,2,6,12,128,Send/recv,185.48390000887593,0.5299866996288943,378.56359999750566,0.25967631330811447
dma_hardened2,xilinx_u280_xdma_201920_3,3,2,6,12,128,Send/recv,195.0979999946867,0.5038698500378129,373.0421000000206,0.26351985472951867
dma_hardened2,xilinx_u280_xdma_201920_3,3,2,6,12,128,Send/recv,190.33989999570622,0.5164655440200273,350.4954000163707,0.28047158392209565
dma_hardened2,xilinx_u280_xdma_201920_3,3,2,6,12,128,Send/recv,196.0456000006161,0.5014343601676909,370.47869998332317,0.26534318978236826
dma_hardened2,xilinx_u280_xdma_201920_3,3,2,6,12,128,Send/recv,196.80650000282185,0.499495697543478,356.06970000117144,0.27608077856575997
dma_hardened2,xilinx_u280_xdma_201920_3,3,2,6,12,128,Send/recv,178.31349998687074,0.5512986958768581,306.09550001372554,0.3211546723019188
dma_hardened2,xilinx_u280_xdma_201920_3,3,2,6,12,128,Send/recv,220.1445000082458,0.44654306601490334,347.7467000038814,0.28268852011795587
dma_hardened2,xilinx_u280_xdma_201920_3,3,2,6,12,128,Send/recv,214.72769999490993,0.4578077257956485,322.47290000668727,0.30484422101194064
dma_hardened2,xilinx_u280_xdma_201920_3,3,2,6,12,128,Send/recv,181.2880999978006,0.5422529112566827,351.90029998375394,0.2793518505228281
dma_hardened2,xilinx_u280_xdma_201920_3,3,2,6,12,128,Send/recv,179.14160000600532,0.5487502623438921,364.9304999953529,0.269377319794459
dma_hardened2,xilinx_u280_xdma_201920_3,3,2,6,12,128,Send/recv,221.08360001311667,0.44464627857592204,295.5850000034843,0.33257438638239833
dma_hardened2,xilinx_u280_xdma_201920_3,3,2,6,12,128,Send/recv,164.11710000738822,0.5989869428327368,338.09080000537506,0.2907621266193494
dma_hardened2,xilinx_u280_xdma_201920_3,3,2,6,12,128,Send/recv,160.79999998055428,0.61134328365602,297.97529998631944,0.329906539248432
dma_hardened2,xilinx_u280_xdma_201920_3,3,2,6,12,128,Send/recv,166.80749999977706,0.5893260195142987,344.23540000716457,0.2855720242541993
dma_hardened2,xilinx_u280_xdma_201920_3,3,2,6,12,128,Send/recv,153.43250001933484,0.6406986784912727,338.7136999890572,0.2902274103562268
dma_hardened2,xilinx_u280_xdma_201920_3,3,2,6,12,128,Send/recv,170.71659999601252,0.5758315243057566,292.42150001209666,0.33617227186076754
dma_hardened2,xilinx_u280_xdma_201920_3,3,2,6,12,128,Send/recv,170.68130000552628,0.5759506167155812,296.7596999951638,0.3312579167643114
dma_hardened2,xilinx_u280_xdma_201920_3,3,2,6,24,128,Send/recv,147.65509999961068,1.3315354498457446,270.2373000147418,0.7275383523639216
dma_hardened2,xilinx_u280_xdma_201920_3,3,2,6,24,128,Send/recv,167.62629998083867,1.172894706990933,320.20419998843863,0.6140081860484615
dma_hardened2,xilinx_u280_xdma_201920_3,3,2,6,24,128,Send/recv,163.69009999834816,1.2010989058103332,291.0937000024205,0.6754113881487822
dma_hardened2,xilinx_u280_xdma_201920_3,3,2,6,24,128,Send/recv,156.5871000138941,1.2555823562895976,284.2256000121779,0.6917322014328623
dma_hardened2,xilinx_u280_xdma_201920_3,3,2,6,24,128,Send/recv,182.5231999873722,1.0771671766307092,302.19400000532914,0.6506019311982794
dma_hardened2,xilinx_u280_xdma_201920_3,3,2,6,24,128,Send/recv,164.7759999968912,1.193183473343869,335.481900015111,0.5860465199199845
dma_hardened2,xilinx_u280_xdma_201920_3,3,2,6,24,128,Send/recv,179.8639000071489,1.0930931665119326,300.22169999028847,0.6548760466227452
dma_hardened2,xilinx_u280_xdma_201920_3,3,2,6,24,128,Send/recv,155.9899000085352,1.2603892943661246,271.8007000112266,0.7233535454172091
dma_hardened2,xilinx_u280_xdma_201920_3,3,2,6,24,128,Send/recv,149.61980000407493,1.3140506804222791,308.408299997609,0.637492570730179
dma_hardened2,xilinx_u280_xdma_201920_3,3,2,6,24,128,Send/recv,172.65249998672516,1.1387498009882089,297.5748999915595,0.6607008857453255
dma_hardened2,xilinx_u280_xdma_201920_3,3,2,6,24,128,Send/recv,154.07309999773133,1.2760696059396155,305.19550000462914,0.6442034695695641
dma_hardened2,xilinx_u280_xdma_201920_3,3,2,6,24,128,Send/recv,144.7591000214743,1.358173682834683,256.0693000077663,0.7677921562406627
dma_hardened2,xilinx_u280_xdma_201920_3,3,2,6,24,128,Send/recv,152.45720001075824,1.289594718951458,263.41060001868755,0.7463936530498458
dma_hardened2,xilinx_u280_xdma_201920_3,3,2,6,24,128,Send/recv,153.227999999217,1.283107526046184,276.024699996924,0.7122840818310497
dma_hardened2,xilinx_u280_xdma_201920_3,3,2,6,24,128,Send/recv,157.1795000018028,1.2508501426569303,273.0016999976215,0.7201713395986653
dma_hardened2,xilinx_u280_xdma_201920_3,3,2,6,24,128,Send/recv,156.87650000018039,1.2532661042270443,275.39929999420565,0.7139015967147941
dma_hardened2,xilinx_u280_xdma_201920_3,3,2,6,24,128,Send/recv,150.49480000470794,1.3064105869029994,288.8239999947473,0.6807190538306221
dma_hardened2,xilinx_u280_xdma_201920_3,3,2,6,24,128,Send/recv,168.01019999093114,1.1702146656013297,282.71889998450206,0.6954186650088747
dma_hardened2,xilinx_u280_xdma_201920_3,3,2,6,24,128,Send/recv,164.78009999900678,1.1931537849605933,305.47300000307587,0.6436182575809329
dma_hardened2,xilinx_u280_xdma_201920_3,3,2,6,24,128,Send/recv,162.6826999881814,1.2085366176875796,282.5987999813151,0.6957142069003809
dma_hardened2,xilinx_u280_xdma_201920_3,3,2,6,48,128,Send/recv,171.25140000189276,2.296133053485425,310.14740000046004,1.2678358741663376
dma_hardened2,xilinx_u280_xdma_201920_3,3,2,6,48,128,Send/recv,155.50919999895996,2.528570656929814,302.24450001696823,1.300986452947612
dma_hardened2,xilinx_u280_xdma_201920_3,3,2,6,48,128,Send/recv,154.1583000062019,2.550728698903534,311.81630001810845,1.2610501759438628
dma_hardened2,xilinx_u280_xdma_201920_3,3,2,6,48,128,Send/recv,171.0387000002811,2.29898847453444,289.3186999926911,1.3591102130969537
dma_hardened2,xilinx_u280_xdma_201920_3,3,2,6,48,128,Send/recv,155.78280001591338,2.524129749624686,350.3006000073583,1.1225102097790876
dma_hardened2,xilinx_u280_xdma_201920_3,3,2,6,48,128,Send/recv,199.73980001850578,1.9686412020216741,311.27130000641046,1.2632581288152873
dma_hardened2,xilinx_u280_xdma_201920_3,3,2,6,48,128,Send/recv,164.82369999266666,2.3856763318472707,311.082199982593,1.2640260356330348
dma_hardened2,xilinx_u280_xdma_201920_3,3,2,6,48,128,Send/recv,170.84779999549937,2.3015572925747856,267.4818000059531,1.4700663745766946
dma_hardened2,xilinx_u280_xdma_201920_3,3,2,6,48,128,Send/recv,167.30300001199794,2.3503224686455173,278.07100000245555,1.4140848919755302
dma_hardened2,xilinx_u280_xdma_201920_3,3,2,6,48,128,Send/recv,168.1177999898864,2.3389313922954917,289.9737000007008,1.3560402201960031
dma_hardened2,xilinx_u280_xdma_201920_3,3,2,6,48,128,Send/recv,157.8255999902467,2.4914589269693885,304.6732000029806,1.290615649804949
dma_hardened2,xilinx_u280_xdma_201920_3,3,2,6,48,128,Send/recv,163.35390000676853,2.4071417944946965,286.8024000008518,1.3710345520080451
dma_hardened2,xilinx_u280_xdma_201920_3,3,2,6,48,128,Send/recv,176.60189998878195,2.2265672114794786,259.9309000061112,1.5127712787927683
dma_hardened2,xilinx_u280_xdma_201920_3,3,2,6,48,128,Send/recv,174.43490000914608,2.25422779489301,311.29320000218286,1.2631692564991548
dma_hardened2,xilinx_u280_xdma_201920_3,3,2,6,48,128,Send/recv,167.7683000025354,2.343803924782319,293.4063999873615,1.340175265491611
dma_hardened2,xilinx_u280_xdma_201920_3,3,2,6,48,128,Send/recv,169.3004000117071,2.322593449116536,277.2523999965415,1.418260040327532
dma_hardened2,xilinx_u280_xdma_201920_3,3,2,6,48,128,Send/recv,160.11430000162363,2.4558456052708135,287.40569998717547,1.3681565815067203
dma_hardened2,xilinx_u280_xdma_201920_3,3,2,6,48,128,Send/recv,181.57299998620147,2.1656083229879015,286.76160000031814,1.371229620700832
dma_hardened2,xilinx_u280_xdma_201920_3,3,2,6,48,128,Send/recv,174.28850001124374,2.2561213159481706,282.46439999293216,1.392090472320898
dma_hardened2,xilinx_u280_xdma_201920_3,3,2,6,48,128,Send/recv,174.71490000389167,2.250615144966121,282.0975000076942,1.3939010448134956
dma_hardened2,xilinx_u280_xdma_201920_3,3,2,6,96,128,Send/recv,181.10569999407744,4.342392315789719,304.8463999903106,2.5797647603022256
dma_hardened2,xilinx_u280_xdma_201920_3,3,2,6,96,128,Send/recv,172.90140001477994,4.548442059652347,299.28229998859024,2.627726397551682
dma_hardened2,xilinx_u280_xdma_201920_3,3,2,6,96,128,Send/recv,171.75990001305763,4.578670574099155,312.3792999986108,2.5175547803695615
dma_hardened2,xilinx_u280_xdma_201920_3,3,2,6,96,128,Send/recv,177.48150000898022,4.431064645950187,299.86610002197267,2.6226105583204444
dma_hardened2,xilinx_u280_xdma_201920_3,3,2,6,96,128,Send/recv,184.70069999239058,4.257872330924571,312.1530000044004,2.5193799194270556
dma_hardened2,xilinx_u280_xdma_201920_3,3,2,6,96,128,Send/recv,166.69639999236097,4.717750353553161,312.2400000165726,2.5186779399124357
dma_hardened2,xilinx_u280_xdma_201920_3,3,2,6,96,128,Send/recv,184.57660000876785,4.260735109231844,323.06269999935466,2.434301452942636
dma_hardened2,xilinx_u280_xdma_201920_3,3,2,6,96,128,Send/recv,184.50479999501113,4.262393173626185,319.3895000094926,2.462297602070908
dma_hardened2,xilinx_u280_xdma_201920_3,3,2,6,96,128,Send/recv,166.76830000506015,4.715716356022924,298.55340001176955,2.634141831809644
dma_hardened2,xilinx_u280_xdma_201920_3,3,2,6,96,128,Send/recv,174.5928999980606,4.504375607534646,301.1666000020341,2.6112855807871402
dma_hardened2,xilinx_u280_xdma_201920_3,3,2,6,96,128,Send/recv,177.1436999888465,4.439514360654746,286.70770000189805,2.7429748137032726
dma_hardened2,xilinx_u280_xdma_201920_3,3,2,6,96,128,Send/recv,177.56919999101228,4.428876179201153,299.1565999991508,2.6288305188728325
dma_hardened2,xilinx_u280_xdma_201920_3,3,2,6,96,128,Send/recv,186.50110000635323,4.216768694518209,297.4129999984143,2.6442421817613653
dma_hardened2,xilinx_u280_xdma_201920_3,3,2,6,96,128,Send/recv,183.98479999177653,4.274440062630993,301.51910000313364,2.6082327785928876
dma_hardened2,xilinx_u280_xdma_201920_3,3,2,6,96,128,Send/recv,169.093099998463,4.650881674102305,297.18390001107764,2.646280636234619
dma_hardened2,xilinx_u280_xdma_201920_3,3,2,6,96,128,Send/recv,162.9676999982621,4.825692453218561,306.3335999968331,2.5672404202742705
dma_hardened2,xilinx_u280_xdma_201920_3,3,2,6,96,128,Send/recv,179.02039999171393,4.392974208729287,329.4824000022345,2.3868710437785645
dma_hardened2,xilinx_u280_xdma_201920_3,3,2,6,96,128,Send/recv,168.24020001422468,4.674459492639139,326.15940001505805,2.4111891301115103
dma_hardened2,xilinx_u280_xdma_201920_3,3,2,6,96,128,Send/recv,170.3014000213443,4.617883352112399,313.9162000024953,2.505229102524013
dma_hardened2,xilinx_u280_xdma_201920_3,3,2,6,96,128,Send/recv,179.481999998643,4.381676156973657,295.1263000113613,2.664730320441537
dma_hardened2,xilinx_u280_xdma_201920_3,3,2,6,192,128,Send/recv,217.37509998729365,7.2357137505258855,336.21259999563335,4.678182792734204
dma_hardened2,xilinx_u280_xdma_201920_3,3,2,6,192,128,Send/recv,197.47050000660238,7.96505807169887,359.23039999943285,4.3784267701243635
dma_hardened2,xilinx_u280_xdma_201920_3,3,2,6,192,128,Send/recv,227.0851000048424,6.92631969233763,356.61829999753536,4.410497161841864
dma_hardened2,xilinx_u280_xdma_201920_3,3,2,6,192,128,Send/recv,187.42639999800303,8.391902101394246,351.7961999932595,4.470952216169863
dma_hardened2,xilinx_u280_xdma_201920_3,3,2,6,192,128,Send/recv,186.41289998413413,8.437527661089273,342.18549999422976,4.596524399854824
dma_hardened2,xilinx_u280_xdma_201920_3,3,2,6,192,128,Send/recv,213.419800002157,7.369812922625283,341.10659998987103,4.611062934715146
dma_hardened2,xilinx_u280_xdma_201920_3,3,2,6,192,128,Send/recv,202.22549999289186,7.77777283307637,363.762000006318,4.323882098659788
dma_hardened2,xilinx_u280_xdma_201920_3,3,2,6,192,128,Send/recv,238.8709999877392,6.584574938275187,343.3798000060051,4.580537352437427
dma_hardened2,xilinx_u280_xdma_201920_3,3,2,6,192,128,Send/recv,187.9400000007081,8.368968819804586,363.33969999304827,4.3289076311509405
dma_hardened2,xilinx_u280_xdma_201920_3,3,2,6,192,128,Send/recv,210.8584000097835,7.4593376404592915,360.2140999873882,4.366469830178966
dma_hardened2,xilinx_u280_xdma_201920_3,3,2,6,192,128,Send/recv,188.14069999280036,8.36004118226513,354.69219999413326,4.434447670476024
dma_hardened2,xilinx_u280_xdma_201920_3,3,2,6,192,128,Send/recv,188.6182999896846,8.338872739739562,357.1312999838483,4.4041617188724
dma_hardened2,xilinx_u280_xdma_201920_3,3,2,6,192,128,Send/recv,189.03449999925215,8.320512922277269,350.3643999920314,4.489223220269448
dma_hardened2,xilinx_u280_xdma_201920_3,3,2,6,192,128,Send/recv,212.09290000570036,7.4159200989647776,367.6528000141843,4.278123272661919
dma_hardened2,xilinx_u280_xdma_201920_3,3,2,6,192,128,Send/recv,194.11890000355925,8.102580428650487,350.21940000206087,4.491081876077523
dma_hardened2,xilinx_u280_xdma_201920_3,3,2,6,192,128,Send/recv,187.52490000224498,8.387494140677692,367.29580001519935,4.28228147431828
dma_hardened2,xilinx_u280_xdma_201920_3,3,2,6,192,128,Send/recv,202.41310000983503,7.770564256580114,338.31549999376875,4.649104164689379
dma_hardened2,xilinx_u280_xdma_201920_3,3,2,6,192,128,Send/recv,191.21059999633871,8.22582011682468,336.5275000078327,4.673805260976864
dma_hardened2,xilinx_u280_xdma_201920_3,3,2,6,192,128,Send/recv,194.75550000151998,8.076095411876556,368.4245000158626,4.269162338368594
dma_hardened2,xilinx_u280_xdma_201920_3,3,2,6,192,128,Send/recv,201.97639998968953,7.787365256932451,355.20720000477013,4.428018350919907
dma_hardened2,xilinx_u280_xdma_201920_3,3,2,6,384,128,Send/recv,230.46840001370583,13.649281202164484,418.6949000086315,7.51317486775012
dma_hardened2,xilinx_u280_xdma_201920_3,3,2,6,384,128,Send/recv,229.25819998818042,13.72133254192077,464.57050000299205,6.771260766621514
dma_hardened2,xilinx_u280_xdma_201920_3,3,2,6,384,128,Send/recv,220.63080000407354,14.257882398749041,455.38220001617447,6.90788528820026
dma_hardened2,xilinx_u280_xdma_201920_3,3,2,6,384,128,Send/recv,228.93430000294757,13.740745707215993,478.5717000004297,6.573159257008251
dma_hardened2,xilinx_u280_xdma_201920_3,3,2,6,384,128,Send/recv,244.2802999894411,12.877534537725607,460.65020001151424,6.828886647441748
dma_hardened2,xilinx_u280_xdma_201920_3,3,2,6,384,128,Send/recv,219.90600000663107,14.304875719194307,440.2886999969269,7.144693924740645
dma_hardened2,xilinx_u280_xdma_201920_3,3,2,6,384,128,Send/recv,221.44639999623905,14.205369787241633,458.8190999811559,6.856140034556534
dma_hardened2,xilinx_u280_xdma_201920_3,3,2,6,384,128,Send/recv,229.01059999185236,13.736167671330136,430.2164000137054,7.311966721630757
dma_hardened2,xilinx_u280_xdma_201920_3,3,2,6,384,128,Send/recv,250.63889997909425,12.550837081803282,489.85799999172747,6.421714047852896
dma_hardened2,xilinx_u280_xdma_201920_3,3,2,6,384,128,Send/recv,225.91619999730028,13.924313528811089,430.3033000041978,7.310490065889135
dma_hardened2,xilinx_u280_xdma_201920_3,3,2,6,384,128,Send/recv,259.208900001795,12.135879593556458,458.4608000186563,6.861498300120729
dma_hardened2,xilinx_u280_xdma_201920_3,3,2,6,384,128,Send/recv,245.4634000059741,12.815466582486183,429.28369998662674,7.3278533522190505
dma_hardened2,xilinx_u280_xdma_201920_3,3,2,6,384,128,Send/recv,231.43869998420996,13.592056990531917,430.5696000074022,7.305968651632442
dma_hardened2,xilinx_u280_xdma_201920_3,3,2,6,384,128,Send/recv,276.23680000488093,11.387794819315953,461.8844999868088,6.810637724560665
dma_hardened2,xilinx_u280_xdma_201920_3,3,2,6,384,128,Send/recv,217.1923999867431,14.483600716194523,408.6711999889303,7.697454579831435
dma_hardened2,xilinx_u280_xdma_201920_3,3,2,6,384,128,Send/recv,247.03660001250682,12.733854011270962,489.02280000220344,6.432681666347308
dma_hardened2,xilinx_u280_xdma_201920_3,3,2,6,384,128,Send/recv,226.41569998995692,13.893594835250093,442.2132000172496,7.113600407851446
dma_hardened2,xilinx_u280_xdma_201920_3,3,2,6,384,128,Send/recv,251.36439999187135,12.514612252577242,412.0626000030825,7.634102197036246
dma_hardened2,xilinx_u280_xdma_201920_3,3,2,6,384,128,Send/recv,247.5199999935285,12.708985132846825,470.1829999930851,6.6904332994733196
dma_hardened2,xilinx_u280_xdma_201920_3,3,2,6,384,128,Send/recv,233.38760001934133,13.47855670026731,445.42010000441223,7.0623844769664395
dma_hardened2,xilinx_u280_xdma_201920_3,3,2,6,768,128,Send/recv,352.9506999939258,17.825311013997915,661.7773000016314,9.506908139618103
dma_hardened2,xilinx_u280_xdma_201920_3,3,2,6,768,128,Send/recv,302.94949999642995,20.76734241209885,596.6593000039211,10.544469850647856
dma_hardened2,xilinx_u280_xdma_201920_3,3,2,6,768,128,Send/recv,333.5407000122359,18.862633554973048,601.346200005537,10.46228611728497
dma_hardened2,xilinx_u280_xdma_201920_3,3,2,6,768,128,Send/recv,283.34429998722044,22.204279388305185,588.7524999934612,10.686079464749405
dma_hardened2,xilinx_u280_xdma_201920_3,3,2,6,768,128,Send/recv,305.57219999991503,20.589098092044203,569.6500999874843,11.044421830415247
dma_hardened2,xilinx_u280_xdma_201920_3,3,2,6,768,128,Send/recv,328.66239998838864,19.142609559907893,627.8113000007579,10.021253201387749
dma_hardened2,xilinx_u280_xdma_201920_3,3,2,6,768,128,Send/recv,277.0414999986315,22.709435229130214,580.0734999866108,10.845963485912076
dma_hardened2,xilinx_u280_xdma_201920_3,3,2,6,768,128,Send/recv,300.51510000248527,20.93557361992116,563.2416000025842,11.170084027833056
dma_hardened2,xilinx_u280_xdma_201920_3,3,2,6,768,128,Send/recv,288.72469999896566,21.79050147085628,569.3950000022596,11.049369945248962
dma_hardened2,xilinx_u280_xdma_201920_3,3,2,6,768,128,Send/recv,310.07469999622117,20.290130088255097,580.7850999872244,10.832674598811838
dma_hardened2,xilinx_u280_xdma_201920_3,3,2,6,768,128,Send/recv,309.3063000051188,20.340536225404655,588.031500001307,10.699181931556415
dma_hardened2,xilinx_u280_xdma_201920_3,3,2,6,768,128,Send/recv,329.045400007999,19.1203280758432,598.8922999904389,10.505154265801115
dma_hardened2,xilinx_u280_xdma_201920_3,3,2,6,768,128,Send/recv,282.07420000399,22.30425894998907,615.8738000067387,10.215495447169793
dma_hardened2,xilinx_u280_xdma_201920_3,3,2,6,768,128,Send/recv,291.2888000082603,21.598688311468166,616.0366999893085,10.21279414052635
dma_hardened2,xilinx_u280_xdma_201920_3,3,2,6,768,128,Send/recv,289.92830000333925,21.700041009889475,587.8806000055192,10.701928248594925
dma_hardened2,xilinx_u280_xdma_201920_3,3,2,6,768,128,Send/recv,311.9920000017373,20.165440139378465,598.0793999924572,10.519432704218447
dma_hardened2,xilinx_u280_xdma_201920_3,3,2,6,768,128,Send/recv,286.8776000013895,21.93080254425416,613.8426999996227,10.249296766099631
dma_hardened2,xilinx_u280_xdma_201920_3,3,2,6,768,128,Send/recv,282.8180000051361,22.24559964318305,633.1222999961028,9.93718907079837
dma_hardened2,xilinx_u280_xdma_201920_3,3,2,6,768,128,Send/recv,303.5639000017909,20.725310222865378,596.8172000166305,10.541680098738249
dma_hardened2,xilinx_u280_xdma_201920_3,3,2,6,768,128,Send/recv,274.7425000052317,22.89946404316841,561.0719000060271,11.213279438753599
dma_hardened2,xilinx_u280_xdma_201920_3,3,2,6,1536,128,Send/recv,496.6758000136906,25.33425626868303,934.6253000103388,13.463055194269625
dma_hardened2,xilinx_u280_xdma_201920_3,3,2,6,1536,128,Send/recv,482.4260000077629,26.082574321859774,939.4672999860632,13.393666815424726
dma_hardened2,xilinx_u280_xdma_201920_3,3,2,6,1536,128,Send/recv,473.38159999981144,26.580906397724398,940.4503000041586,13.379667165765547
dma_hardened2,xilinx_u280_xdma_201920_3,3,2,6,1536,128,Send/recv,501.2795999846276,25.101584026930023,932.3111000185236,13.496473440839647
dma_hardened2,xilinx_u280_xdma_201920_3,3,2,6,1536,128,Send/recv,465.71200000471435,27.018655306010206,998.7248000015825,12.598978217002383
dma_hardened2,xilinx_u280_xdma_201920_3,3,2,6,1536,128,Send/recv,478.7020999856395,26.285474829497243,961.2504999950033,13.090148717806033
dma_hardened2,xilinx_u280_xdma_201920_3,3,2,6,1536,128,Send/recv,513.4124000051088,24.508391304679808,988.0509000140593,12.73508480162404
dma_hardened2,xilinx_u280_xdma_201920_3,3,2,6,1536,128,Send/recv,513.6897000056706,24.495161183611618,1058.0008000033558,11.893102538259035
dma_hardened2,xilinx_u280_xdma_201920_3,3,2,6,1536,128,Send/recv,515.5396000191104,24.407265706715,924.5407000207706,13.609905977873462
dma_hardened2,xilinx_u280_xdma_201920_3,3,2,6,1536,128,Send/recv,522.4447000045984,24.084677287164073,947.2660000028554,13.283398749624784
dma_hardened2,xilinx_u280_xdma_201920_3,3,2,6,1536,128,Send/recv,501.5529000047536,25.08790598136456,993.315799996708,12.667584669489504
dma_hardened2,xilinx_u280_xdma_201920_3,3,2,6,1536,128,Send/recv,515.4647999916051,24.410807489095134,1041.0951000039859,12.08622728120786
dma_hardened2,xilinx_u280_xdma_201920_3,3,2,6,1536,128,Send/recv,545.7184000078996,23.057518309475828,990.927099996952,12.698120780064146
dma_hardened2,xilinx_u280_xdma_201920_3,3,2,6,1536,128,Send/recv,535.7563999950798,23.48625606733873,1001.0939000039798,12.569162592989507
dma_hardened2,xilinx_u280_xdma_201920_3,3,2,6,1536,128,Send/recv,512.8901000034602,24.53334934699482,944.7589000046719,13.318648810757725
dma_hardened2,xilinx_u280_xdma_201920_3,3,2,6,1536,128,Send/recv,527.652699997816,23.846958425593353,961.3460999844392,13.088846982583767
dma_hardened2,xilinx_u280_xdma_201920_3,3,2,6,1536,128,Send/recv,528.2676999968317,23.81919621448646,957.7621000062209,13.137826188693698
dma_hardened2,xilinx_u280_xdma_201920_3,3,2,6,1536,128,Send/recv,527.5266999888117,23.852654283218023,943.9507000024605,13.330052088490639
dma_hardened2,xilinx_u280_xdma_201920_3,3,2,6,1536,128,Send/recv,507.4622000165619,24.795762126892082,989.706199993634,12.71378516177926
dma_hardened2,xilinx_u280_xdma_201920_3,3,2,6,1536,128,Send/recv,542.3965000090902,23.198733767251667,941.9770000022254,13.35798220123238
dma_hardened2,xilinx_u280_xdma_201920_3,3,2,6,3072,128,Send/recv,712.4503999875742,35.3229137080124,1628.6785000147574,15.4516830668373
dma_hardened2,xilinx_u280_xdma_201920_3,3,2,6,3072,128,Send/recv,722.0127999971737,34.855093981849784,1576.1078999958045,15.96706925970423
dma_hardened2,xilinx_u280_xdma_201920_3,3,2,6,3072,128,Send/recv,727.7780000094936,34.578984250240765,1562.7190999794038,16.103869211255994
dma_hardened2,xilinx_u280_xdma_201920_3,3,2,6,3072,128,Send/recv,735.7509000030404,34.20427212511191,1608.3943000012368,15.646551346259216
dma_hardened2,xilinx_u280_xdma_201920_3,3,2,6,3072,128,Send/recv,735.8780999993542,34.19835975553843,1638.3224000037444,15.360727534423313
dma_hardened2,xilinx_u280_xdma_201920_3,3,2,6,3072,128,Send/recv,721.094899995478,34.899461915703206,1621.968199992807,15.515608752447552
dma_hardened2,xilinx_u280_xdma_201920_3,3,2,6,3072,128,Send/recv,736.0144000131186,34.19202667712948,1549.2822000169326,16.243537813656516
dma_hardened2,xilinx_u280_xdma_201920_3,3,2,6,3072,128,Send/recv,723.4145999973407,34.78755336164422,1602.3601999904713,15.705472465023565
dma_hardened2,xilinx_u280_xdma_201920_3,3,2,6,3072,128,Send/recv,726.5828000072361,34.63586531328483,1607.796899997993,15.652365046873406
dma_hardened2,xilinx_u280_xdma_201920_3,3,2,6,3072,128,Send/recv,741.0516999925676,33.95960632740253,1648.0941000054372,15.26965238205572
dma_hardened2,xilinx_u280_xdma_201920_3,3,2,6,3072,128,Send/recv,730.745000009847,34.43858527894256,1575.945500007947,15.968714654074711
dma_hardened2,xilinx_u280_xdma_201920_3,3,2,6,3072,128,Send/recv,740.9904000041934,33.96241570721777,1629.5463999995263,15.443453466564263
dma_hardened2,xilinx_u280_xdma_201920_3,3,2,6,3072,128,Send/recv,724.1582999995444,34.75182705220092,1576.650700008031,15.96157221118908
dma_hardened2,xilinx_u280_xdma_201920_3,3,2,6,3072,128,Send/recv,726.5298999982406,34.638387215806176,1664.5231999973475,15.118938564533137
dma_hardened2,xilinx_u280_xdma_201920_3,3,2,6,3072,128,Send/recv,711.3419000006616,35.37795819419128,1651.8178999831434,15.235229016622725
dma_hardened2,xilinx_u280_xdma_201920_3,3,2,6,3072,128,Send/recv,723.6203000047681,34.77766447380508,1638.0457999957798,15.363321343069185
dma_hardened2,xilinx_u280_xdma_201920_3,3,2,6,3072,128,Send/recv,735.1964000008593,34.2300696793001,1651.8071000064083,15.235328628810452
dma_hardened2,xilinx_u280_xdma_201920_3,3,2,6,3072,128,Send/recv,742.4813000170616,33.89421928797629,1576.7129000096247,15.960942540551537
dma_hardened2,xilinx_u280_xdma_201920_3,3,2,6,3072,128,Send/recv,741.3089000010586,33.94782390979531,1623.73010000465,15.498772856355826
dma_hardened2,xilinx_u280_xdma_201920_3,3,2,6,3072,128,Send/recv,728.1097000031878,34.56323133710459,1691.9320999932097,14.874015334363003
dma_hardened2,xilinx_u280_xdma_201920_3,3,2,6,6144,128,Send/recv,1152.9211999913969,43.655757219466146,2859.8401999943235,17.599461676250268
dma_hardened2,xilinx_u280_xdma_201920_3,3,2,6,6144,128,Send/recv,1225.954799997453,41.05506010507449,2827.8711999973893,17.798423068224064
dma_hardened2,xilinx_u280_xdma_201920_3,3,2,6,6144,128,Send/recv,1176.8940999900224,42.766505499880324,2864.798099994914,17.569003553894202
dma_hardened2,xilinx_u280_xdma_201920_3,3,2,6,6144,128,Send/recv,1216.3461000000098,41.37938042469951,2893.0805999834774,17.39725052951772
dma_hardened2,xilinx_u280_xdma_201920_3,3,2,6,6144,128,Send/recv,1199.381799983712,41.96465879395829,2864.083600002232,17.57338647515763
dma_hardened2,xilinx_u280_xdma_201920_3,3,2,6,6144,128,Send/recv,1152.2628999955487,43.68069821582769,2870.125000004009,17.536395801552093
dma_hardened2,xilinx_u280_xdma_201920_3,3,2,6,6144,128,Send/recv,1192.8318999935072,42.19508884719965,2855.66719999224,17.625179852938317
dma_hardened2,xilinx_u280_xdma_201920_3,3,2,6,6144,128,Send/recv,1214.202800019848,41.45242293888406,2839.991599989844,17.722463686223573
dma_hardened2,xilinx_u280_xdma_201920_3,3,2,6,6144,128,Send/recv,1204.7609000092052,41.777292074813715,2823.96569998582,17.823038006535537
dma_hardened2,xilinx_u280_xdma_201920_3,3,2,6,6144,128,Send/recv,1189.734700005829,42.304934032564915,2881.9757000064783,17.464286045120666
dma_hardened2,xilinx_u280_xdma_201920_3,3,2,6,6144,128,Send/recv,1175.7417999888276,42.80841933193008,2847.9985000103625,17.672638521339415
dma_hardened2,xilinx_u280_xdma_201920_3,3,2,6,6144,128,Send/recv,1157.9271000073277,43.46702655087827,2760.6448000142336,18.231844965980592
dma_hardened2,xilinx_u280_xdma_201920_3,3,2,6,6144,128,Send/recv,1199.201899999025,41.970954182144744,2804.244399999334,17.948381389301144
dma_hardened2,xilinx_u280_xdma_201920_3,3,2,6,6144,128,Send/recv,1184.387099988271,42.495944105181856,2839.1919999876336,17.727454853429858
dma_hardened2,xilinx_u280_xdma_201920_3,3,2,6,6144,128,Send/recv,1221.4448000122502,41.206649698369674,2821.435699979702,17.839020042300483
dma_hardened2,xilinx_u280_xdma_201920_3,3,2,6,6144,128,Send/recv,1167.1018000015465,43.125328056158686,2833.906399996522,17.76051883720005
dma_hardened2,xilinx_u280_xdma_201920_3,3,2,6,6144,128,Send/recv,1215.8429999999498,41.39650267345544,2816.2197000028755,17.872060194717267
dma_hardened2,xilinx_u280_xdma_201920_3,3,2,6,6144,128,Send/recv,1209.666899990225,41.60785750226506,2815.4440000207615,17.876984233971214
dma_hardened2,xilinx_u280_xdma_201920_3,3,2,6,6144,128,Send/recv,1137.5698000165357,44.24488765372321,2838.689800000793,17.730591063520198
dma_hardened2,xilinx_u280_xdma_201920_3,3,2,6,6144,128,Send/recv,1173.640299998624,42.88507134601548,2849.8867000052996,17.660929467794777
dma_hardened2,xilinx_u280_xdma_201920_3,3,2,6,12288,128,Send/recv,2220.5469000027733,45.332659265100084,4989.593699997386,20.174647887673245
dma_hardened2,xilinx_u280_xdma_201920_3,3,2,6,12288,128,Send/recv,2215.787399995861,45.43003358543696,4931.567900007394,20.412026771414638
dma_hardened2,xilinx_u280_xdma_201920_3,3,2,6,12288,128,Send/recv,2216.9027000018104,45.40717822208335,5004.737800004477,20.11360035682787
dma_hardened2,xilinx_u280_xdma_201920_3,3,2,6,12288,128,Send/recv,2204.0956999944683,45.6710187312886,5015.243599996211,20.07146691739481
dma_hardened2,xilinx_u280_xdma_201920_3,3,2,6,12288,128,Send/recv,2212.9664999965826,45.48794389800092,5006.317099991975,20.107255291551823
dma_hardened2,xilinx_u280_xdma_201920_3,3,2,6,12288,128,Send/recv,2231.090099985522,45.11843605090319,4942.4148000071,20.36722939560949
dma_hardened2,xilinx_u280_xdma_201920_3,3,2,6,12288,128,Send/recv,2193.3204999868394,45.89538829396069,4999.829500002306,20.13334574708069
dma_hardened2,xilinx_u280_xdma_201920_3,3,2,6,12288,128,Send/recv,2238.7906999938423,44.96324555943388,5000.683000002937,20.129909454356714
dma_hardened2,xilinx_u280_xdma_201920_3,3,2,6,12288,128,Send/recv,2232.933999994202,45.08117839589588,4974.336499981291,20.236527223355033
dma_hardened2,xilinx_u280_xdma_201920_3,3,2,6,12288,128,Send/recv,2193.816700014395,45.88500762134753,5038.420899995799,19.979135923337395
dma_hardened2,xilinx_u280_xdma_201920_3,3,2,6,12288,128,Send/recv,2201.0118000025614,45.73500968958133,5037.300300000425,19.983580490524165
dma_hardened2,xilinx_u280_xdma_201920_3,3,2,6,12288,128,Send/recv,2234.317500006,45.05326391604133,4946.83909998912,20.34901357519823
dma_hardened2,xilinx_u280_xdma_201920_3,3,2,6,12288,128,Send/recv,2201.5300999782994,45.72424242620723,4987.3950999881345,20.183541504509936
dma_hardened2,xilinx_u280_xdma_201920_3,3,2,6,12288,128,Send/recv,2213.2895000140707,45.48130554062632,5017.6324999938515,20.061910871336902
dma_hardened2,xilinx_u280_xdma_201920_3,3,2,6,12288,128,Send/recv,2258.090500004073,44.57894668075457,4961.119500012501,20.290439688007183
dma_hardened2,xilinx_u280_xdma_201920_3,3,2,6,12288,128,Send/recv,2213.639699994019,45.47411035331179,5009.9195000029795,20.09279709982169
dma_hardened2,xilinx_u280_xdma_201920_3,3,2,6,12288,128,Send/recv,2241.7622999910236,44.903643887848,4945.080600009533,20.356249805070103
dma_hardened2,xilinx_u280_xdma_201920_3,3,2,6,12288,128,Send/recv,2242.8198999932647,44.88246960904097,5016.363300001103,20.066986775056314
dma_hardened2,xilinx_u280_xdma_201920_3,3,2,6,12288,128,Send/recv,2237.0218999867575,44.99879773219739,5022.119899990685,20.043985011227374
dma_hardened2,xilinx_u280_xdma_201920_3,3,2,6,12288,128,Send/recv,2217.235900002379,45.40035455852577,4950.9800000123505,20.331994069810197
dma_hardened2,xilinx_u280_xdma_201920_3,3,2,6,24576,128,Send/recv,3828.3125000134532,52.58886049644393,8838.337699990007,22.77878474820301
dma_hardened2,xilinx_u280_xdma_201920_3,3,2,6,24576,128,Send/recv,3852.950000009514,52.252583604641345,8788.76679998939,22.907262939351522
dma_hardened2,xilinx_u280_xdma_201920_3,3,2,6,24576,128,Send/recv,3838.169300001937,52.45380707930169,8856.49019999164,22.732096739653148
dma_hardened2,xilinx_u280_xdma_201920_3,3,2,6,24576,128,Send/recv,3883.5957999936,51.84025381846684,8795.781000003444,22.888995530916603
dma_hardened2,xilinx_u280_xdma_201920_3,3,2,6,24576,128,Send/recv,3917.2739999912665,51.394564689743135,8785.31959999691,22.91625133365334
dma_hardened2,xilinx_u280_xdma_201920_3,3,2,6,24576,128,Send/recv,3865.4447999988406,52.08368051202293,8860.479200006921,22.72186271819731
dma_hardened2,xilinx_u280_xdma_201920_3,3,2,6,24576,128,Send/recv,3915.321799991034,51.420190289457445,8782.485999995515,22.923645081825672
dma_hardened2,xilinx_u280_xdma_201920_3,3,2,6,24576,128,Send/recv,3901.2344000184385,51.605869157477045,8799.459000010756,22.8794283830124
dma_hardened2,xilinx_u280_xdma_201920_3,3,2,6,24576,128,Send/recv,3864.1434999817648,52.10122036123919,8850.183699996705,22.748295269856932
dma_hardened2,xilinx_u280_xdma_201920_3,3,2,6,24576,128,Send/recv,3890.6862000203546,51.74577996008692,8819.616300002053,22.82713727579658
dma_hardened2,xilinx_u280_xdma_201920_3,3,2,6,24576,128,Send/recv,3892.3780000004626,51.723288950861416,8785.402000012255,22.916036397619504
dma_hardened2,xilinx_u280_xdma_201920_3,3,2,6,24576,128,Send/recv,3865.2363999972295,52.08648868155756,8811.931800005368,22.847043822998874
dma_hardened2,xilinx_u280_xdma_201920_3,3,2,6,24576,128,Send/recv,3862.3053000037544,52.126017070635065,8806.770399996822,22.86043383168848
dma_hardened2,xilinx_u280_xdma_201920_3,3,2,6,24576,128,Send/recv,3822.694799987403,52.666143266436926,8765.708700002506,22.967520241682504
dma_hardened2,xilinx_u280_xdma_201920_3,3,2,6,24576,128,Send/recv,3870.0801000004503,52.02129847389375,8806.622700012667,22.860817234705696
dma_hardened2,xilinx_u280_xdma_201920_3,3,2,6,24576,128,Send/recv,3848.6397000042416,52.311104102516566,8800.486899986026,22.876756057703997
dma_hardened2,xilinx_u280_xdma_201920_3,3,2,6,24576,128,Send/recv,3838.753600007294,52.4458230399621,8766.904799995245,22.96438670123453
dma_hardened2,xilinx_u280_xdma_201920_3,3,2,6,24576,128,Send/recv,3815.5483000082313,52.76478664929118,8845.871800008354,22.759383874386454
dma_hardened2,xilinx_u280_xdma_201920_3,3,2,6,24576,128,Send/recv,3869.665000001987,52.026878812480305,8797.874500010039,22.88354897535425
dma_hardened2,xilinx_u280_xdma_201920_3,3,2,6,24576,128,Send/recv,3889.519700010169,51.761298959219474,8811.882000009064,22.847172942147083
experiment,board_instance,number of nodes,rank id,number of banks,buffer size[KB],segment_size[KB],collective name,execution_time[us],throughput[Gbps],execution_time_fullpath[us],throughput_fullpath[Gbps]
dma_hardened2,xilinx_u280_xdma_201920_3,3,2,6,1,128,Broadcast,189.67940000038652,0.08637732932499055,344.55990000878955,0.047550512986514255
dma_hardened2,xilinx_u280_xdma_201920_3,3,2,6,1,128,Broadcast,206.86129998921388,0.07920282817933703,385.30899998932,0.04252171633793691
dma_hardened2,xilinx_u280_xdma_201920_3,3,2,6,1,128,Broadcast,169.81159999431839,0.09648339689719773,327.12569998238905,0.05008472278662924
dma_hardened2,xilinx_u280_xdma_201920_3,3,2,6,1,128,Broadcast,176.37240000567544,0.09289435308173379,274.8238999856767,0.05961635796906275
dma_hardened2,xilinx_u280_xdma_201920_3,3,2,6,1,128,Broadcast,174.79199998433614,0.0937342670229086,293.2067000074312,0.05587866852832747
dma_hardened2,xilinx_u280_xdma_201920_3,3,2,6,1,128,Broadcast,195.74380000904057,0.08370124621695958,329.00869998684357,0.0497980752504574
dma_hardened2,xilinx_u280_xdma_201920_3,3,2,6,1,128,Broadcast,183.59849998432765,0.08923820184477854,285.3575000017372,0.057415697852344016
dma_hardened2,xilinx_u280_xdma_201920_3,3,2,6,1,128,Broadcast,172.2434999919642,0.09512115116543948,314.48909999198804,0.05209719510284268
dma_hardened2,xilinx_u280_xdma_201920_3,3,2,6,1,128,Broadcast,194.44740000835736,0.08425929068373152,312.3751999964952,0.052449746331283104
dma_hardened2,xilinx_u280_xdma_201920_3,3,2,6,1,128,Broadcast,176.74780001470936,0.09269705194993366,335.94050000829156,0.0487705412107073
dma_hardened2,xilinx_u280_xdma_201920_3,3,2,6,1,128,Broadcast,184.5430999992459,0.08878142829543316,283.9222999909907,0.05770592870133797
dma_hardened2,xilinx_u280_xdma_201920_3,3,2,6,1,128,Broadcast,177.2622000089541,0.09242805290226788,335.0196999917898,0.04890458680609384
dma_hardened2,xilinx_u280_xdma_201920_3,3,2,6,1,128,Broadcast,170.7940999949642,0.09592837223582709,330.07859999543143,0.049636662298697246
dma_hardened2,xilinx_u280_xdma_201920_3,3,2,6,1,128,Broadcast,203.16370000728057,0.08064432769935212,331.05120000982424,0.049490834044745316
dma_hardened2,xilinx_u280_xdma_201920_3,3,2,6,1,128,Broadcast,187.05709999267128,0.08758822841069336,349.75819999090163,0.046843790940215846
dma_hardened2,xilinx_u280_xdma_201920_3,3,2,6,1,128,Broadcast,179.57279999336606,0.09123876222125663,295.56590000083816,0.055432646323386896
dma_hardened2,xilinx_u280_xdma_201920_3,3,2,6,1,128,Broadcast,182.7225000170074,0.08966602360669876,318.1131000019377,0.05150369475479067
dma_hardened2,xilinx_u280_xdma_201920_3,3,2,6,1,128,Broadcast,175.9864999939964,0.09309805013770331,286.13880001557845,0.057258924686578665
dma_hardened2,xilinx_u280_xdma_201920_3,3,2,6,1,128,Broadcast,176.49729998083785,0.09282861551864417,351.1826000021756,0.04665379207255285
dma_hardened2,xilinx_u280_xdma_201920_3,3,2,6,1,128,Broadcast,181.51509998460824,0.09026246302037295,318.1598000082886,0.05149613495976918
dma_hardened2,xilinx_u280_xdma_201920_3,3,2,6,6,128,Broadcast,171.36689998551446,0.5736463693298389,314.1416000062236,0.3129289466853561
dma_hardened2,xilinx_u280_xdma_201920_3,3,2,6,6,128,Broadcast,181.61169998620608,0.5412867122958844,332.3862000115696,0.29575235071906797
dma_hardened2,xilinx_u280_xdma_201920_3,3,2,6,6,128,Broadcast,176.3059000040812,0.5575763488217038,321.4849999949365,0.30578098512076246
dma_hardened2,xilinx_u280_xdma_201920_3,3,2,6,6,128,Broadcast,193.12570000238338,0.5090156307461245,347.7498000165724,0.28268600009350175
dma_hardened2,xilinx_u280_xdma_201920_3,3,2,6,6,128,Broadcast,174.6929000091768,0.562724644188951,259.24379999651137,0.3791951823006871
dma_hardened2,xilinx_u280_xdma_201920_3,3,2,6,6,128,Broadcast,171.02199999499135,0.5748032417050379,291.1621000066589,0.33762636001647117
dma_hardened2,xilinx_u280_xdma_201920_3,3,2,6,6,128,Broadcast,179.58649998490728,0.5473908117161458,262.1497000063755,0.37499184625276794
dma_hardened2,xilinx_u280_xdma_201920_3,3,2,6,6,128,Broadcast,162.88849999455124,0.6035048514983461,326.25470000766654,0.3013106018018744
dma_hardened2,xilinx_u280_xdma_201920_3,3,2,6,6,128,Broadcast,195.66020000638673,0.502422056181028,296.26269999880606,0.3318136235185738
dma_hardened2,xilinx_u280_xdma_201920_3,3,2,6,6,128,Broadcast,189.97359998138563,0.517461373631032,295.52590001458157,0.3326408954177944
dma_hardened2,xilinx_u280_xdma_201920_3,3,2,6,6,128,Broadcast,175.81899999186135,0.5591204591343967,330.94349998918915,0.29704164004795763
dma_hardened2,xilinx_u280_xdma_201920_3,3,2,6,6,128,Broadcast,168.28440000153932,0.5841539679203824,275.1773999989382,0.3572386395117452
dma_hardened2,xilinx_u280_xdma_201920_3,3,2,6,6,128,Broadcast,204.67419999476988,0.4802950249836667,364.45450000428536,0.2697291431408972
dma_hardened2,xilinx_u280_xdma_201920_3,3,2,6,6,128,Broadcast,184.11099999866565,0.5339387652052972,299.1512999869883,0.32860963667641013
dma_hardened2,xilinx_u280_xdma_201920_3,3,2,6,6,128,Broadcast,193.33600000663864,0.5084619522314753,336.4529999998922,0.29217751067766223
dma_hardened2,xilinx_u280_xdma_201920_3,3,2,6,6,128,Broadcast,207.76429998932144,0.47315154723430625,300.2228000013929,0.32743682358416454
dma_hardened2,xilinx_u280_xdma_201920_3,3,2,6,6,128,Broadcast,184.7090999945067,0.5322098369973304,383.55800002136675,0.25629500621685325
dma_hardened2,xilinx_u280_xdma_201920_3,3,2,6,6,128,Broadcast,193.677199990816,0.5075661978005748,329.009799997948,0.2987874525336726
dma_hardened2,xilinx_u280_xdma_201920_3,3,2,6,6,128,Broadcast,190.528500002074,0.515954306043085,318.0977000056373,0.30903712915326914
dma_hardened2,xilinx_u280_xdma_201920_3,3,2,6,6,128,Broadcast,180.8149999988018,0.5436717086560928,323.65650001793256,0.3037294168186128
dma_hardened2,xilinx_u280_xdma_201920_3,3,2,6,12,128,Broadcast,190.9754000052999,1.0294938510119302,335.0283999907333,0.5868398022538927
dma_hardened2,xilinx_u280_xdma_201920_3,3,2,6,12,128,Broadcast,188.69130001348822,1.0419558293675748,362.0056000045224,0.5431076204278161
dma_hardened2,xilinx_u280_xdma_201920_3,3,2,6,12,128,Broadcast,188.15880000602192,1.0449046230827772,325.12719999431283,0.6047110177291813
dma_hardened2,xilinx_u280_xdma_201920_3,3,2,6,12,128,Broadcast,191.02210001165076,1.0292421661577824,336.74689998406393,0.583845018348511
dma_hardened2,xilinx_u280_xdma_201920_3,3,2,6,12,128,Broadcast,194.64440001684125,1.0100881401313824,369.9136000022918,0.5314970847213564
dma_hardened2,xilinx_u280_xdma_201920_3,3,2,6,12,128,Broadcast,187.72959999751038,1.0472935541470678,322.2604000029605,0.6100904734127861
dma_hardened2,xilinx_u280_xdma_201920_3,3,2,6,12,128,Broadcast,171.17849999976897,1.1485554552719257,328.4214999894175,0.5986453384030436
dma_hardened2,xilinx_u280_xdma_201920_3,3,2,6,12,128,Broadcast,174.47560001073725,1.1268509750813336,344.23500001139473,0.5711447121689891
dma_hardened2,xilinx_u280_xdma_201920_3,3,2,6,12,128,Broadcast,163.97399999732443,1.1990193567468506,292.76529999151535,0.6715549964620052
dma_hardened2,xilinx_u280_xdma_201920_3,3,2,6,12,128,Broadcast,161.02950000913552,1.2209439884545754,283.7838000004922,0.6928091032668496
dma_hardened2,xilinx_u280_xdma_201920_3,3,2,6,12,128,Broadcast,172.6535999978296,1.1387425457822573,321.0833999901297,0.6123268907892586
dma_hardened2,xilinx_u280_xdma_201920_3,3,2,6,12,128,Broadcast,170.971800002917,1.1499440258372762,274.3214000020089,0.7167067534598476
dma_hardened2,xilinx_u280_xdma_201920_3,3,2,6,12,128,Broadcast,170.64020000816527,1.1521786776538714,340.57450000091194,0.5772833843974624
dma_hardened2,xilinx_u280_xdma_201920_3,3,2,6,12,128,Broadcast,166.41069998968305,1.1814624901655308,297.7354999984527,0.6603445004073136
dma_hardened2,xilinx_u280_xdma_201920_3,3,2,6,12,128,Broadcast,172.1722999945996,1.141925849896684,328.7072000148328,0.5981250182263368
dma_hardened2,xilinx_u280_xdma_201920_3,3,2,6,12,128,Broadcast,171.05520000768593,1.1493833568997955,354.87889999785693,0.5540143412335512
dma_hardened2,xilinx_u280_xdma_201920_3,3,2,6,12,128,Broadcast,183.5701999880257,1.071023510421761,308.3837000076528,0.6375434239718928
dma_hardened2,xilinx_u280_xdma_201920_3,3,2,6,12,128,Broadcast,155.55320001112705,1.2639277108149252,303.82190000182163,0.6471159583914826
dma_hardened2,xilinx_u280_xdma_201920_3,3,2,6,12,128,Broadcast,174.02099999799248,1.129794679965453,325.91210001555737,0.6032546812180798
dma_hardened2,xilinx_u280_xdma_201920_3,3,2,6,12,128,Broadcast,176.6775000078269,1.1128072334694015,264.2822999860073,0.7439317729958065
dma_hardened2,xilinx_u280_xdma_201920_3,3,2,6,24,128,Broadcast,176.6726999903767,2.2256749346187514,345.87009999995644,1.1368892540871545
dma_hardened2,xilinx_u280_xdma_201920_3,3,2,6,24,128,Broadcast,183.69829999755893,2.140553287674547,272.34240001234866,1.4438295321704246
dma_hardened2,xilinx_u280_xdma_201920_3,3,2,6,24,128,Broadcast,175.95949998394644,2.2346960524204422,446.77689998025016,0.8801171233727217
dma_hardened2,xilinx_u280_xdma_201920_3,3,2,6,24,128,Broadcast,171.08839999764314,2.2983206342768816,347.6134999800706,1.1311873676440756
dma_hardened2,xilinx_u280_xdma_201920_3,3,2,6,24,128,Broadcast,169.36549998263217,2.3217007007939805,353.9274000104342,1.1110075116772749
dma_hardened2,xilinx_u280_xdma_201920_3,3,2,6,24,128,Broadcast,171.4983000056236,2.2928273923829336,315.65609999688604,1.2457101256838663
dma_hardened2,xilinx_u280_xdma_201920_3,3,2,6,24,128,Broadcast,177.12139999730425,2.220036652860607,313.51109998922766,1.2542331037513856
dma_hardened2,xilinx_u280_xdma_201920_3,3,2,6,24,128,Broadcast,168.58110000157467,2.3325034656692067,325.4673000128605,1.2081582388905505
dma_hardened2,xilinx_u280_xdma_201920_3,3,2,6,24,128,Broadcast,172.93140001584106,2.2738264997795667,312.2992000044178,1.2591002474371935
dma_hardened2,xilinx_u280_xdma_201920_3,3,2,6,24,128,Broadcast,170.46539999228116,2.3067203081552337,322.19590000295284,1.2204252133450373
dma_hardened2,xilinx_u280_xdma_201920_3,3,2,6,24,128,Broadcast,174.21180000383174,2.2571146156078483,341.00789998774417,1.1530993857154987
dma_hardened2,xilinx_u280_xdma_201920_3,3,2,6,24,128,Broadcast,181.81640000420884,2.1627091945000423,328.99819998419844,1.1951919494358507
dma_hardened2,xilinx_u280_xdma_201920_3,3,2,6,24,128,Broadcast,170.0284999969881,2.3126475855928,307.39169999378646,1.2792017481537348
dma_hardened2,xilinx_u280_xdma_201920_3,3,2,6,24,128,Broadcast,167.3911000125372,2.34908546494138,310.8377999978984,1.265019891411722
dma_hardened2,xilinx_u280_xdma_201920_3,3,2,6,24,128,Broadcast,182.49700001433666,2.1546436378083453,274.78950000840996,1.430971707390441
dma_hardened2,xilinx_u280_xdma_201920_3,3,2,6,24,128,Broadcast,175.54569999447267,2.239963724616331,361.0726000033537,1.089021986150009
dma_hardened2,xilinx_u280_xdma_201920_3,3,2,6,24,128,Broadcast,177.64480001005722,2.21349569465438,368.65459999262384,1.0666244229907007
dma_hardened2,xilinx_u280_xdma_201920_3,3,2,6,24,128,Broadcast,179.23630000495905,2.193841314449811,313.7295999977141,1.2533595809986213
dma_hardened2,xilinx_u280_xdma_201920_3,3,2,6,24,128,Broadcast,169.32850001012412,2.3222080156411335,318.7146000072971,1.2337558429736106
dma_hardened2,xilinx_u280_xdma_201920_3,3,2,6,24,128,Broadcast,172.52780000944767,2.2791457375476147,293.78890001225955,1.3384304171586858
dma_hardened2,xilinx_u280_xdma_201920_3,3,2,6,48,128,Broadcast,183.37960000280873,4.28854681757379,434.401499978776,1.8103804891061002
dma_hardened2,xilinx_u280_xdma_201920_3,3,2,6,48,128,Broadcast,175.34619998968992,4.485024483257926,319.8403999931543,2.4588263396895216
dma_hardened2,xilinx_u280_xdma_201920_3,3,2,6,48,128,Broadcast,188.5251999965476,4.171495375760915,323.11039999513014,2.433942082990374
dma_hardened2,xilinx_u280_xdma_201920_3,3,2,6,48,128,Broadcast,191.82979999641248,4.099634154936863,344.8219000119934,2.2806904085055115
dma_hardened2,xilinx_u280_xdma_201920_3,3,2,6,48,128,Broadcast,190.97719998626417,4.117936591679862,392.62500001768785,2.003010506117978
dma_hardened2,xilinx_u280_xdma_201920_3,3,2,6,48,128,Broadcast,181.36969999886787,4.336071570967526,343.0673000138995,2.292354881879262
dma_hardened2,xilinx_u280_xdma_201920_3,3,2,6,48,128,Broadcast,180.89420000251266,4.347469404707704,319.96459999845683,2.457871902091022
dma_hardened2,xilinx_u280_xdma_201920_3,3,2,6,48,128,Broadcast,177.39800000526884,4.433150317233804,380.72089998877345,2.0656391598758828
dma_hardened2,xilinx_u280_xdma_201920_3,3,2,6,48,128,Broadcast,180.0730000013573,4.367295485686762,326.8056999786495,2.4064206960018697
dma_hardened2,xilinx_u280_xdma_201920_3,3,2,6,48,128,Broadcast,187.0091999990109,4.20531182425335,356.09920000752027,2.2084632596293163
dma_hardened2,xilinx_u280_xdma_201920_3,3,2,6,48,128,Broadcast,182.3259000047983,4.313331238070418,391.9644999996308,2.006385782387795
dma_hardened2,xilinx_u280_xdma_201920_3,3,2,6,48,128,Broadcast,179.46890000075655,4.381995989258779,358.0014999897685,2.1967282260618344
dma_hardened2,xilinx_u280_xdma_201920_3,3,2,6,48,128,Broadcast,186.64019999050652,4.2136260036155235,371.19259998235066,2.1186629260319116
dma_hardened2,xilinx_u280_xdma_201920_3,3,2,6,48,128,Broadcast,183.31890000808926,4.2899668281082715,342.35369998896203,2.297133052820389
dma_hardened2,xilinx_u280_xdma_201920_3,3,2,6,48,128,Broadcast,179.66970001452864,4.377098642322031,320.4913999979908,2.453831834504546
dma_hardened2,xilinx_u280_xdma_201920_3,3,2,6,48,128,Broadcast,188.20969999069348,4.17848814401642,354.2833000210521,2.2197828685497423
dma_hardened2,xilinx_u280_xdma_201920_3,3,2,6,48,128,Broadcast,181.78589998569805,4.326144107226535,338.68470000015805,2.322018089390023
dma_hardened2,xilinx_u280_xdma_201920_3,3,2,6,48,128,Broadcast,188.14990000919352,4.179816199538627,338.28660000381205,2.324750669967826
dma_hardened2,xilinx_u280_xdma_201920_3,3,2,6,48,128,Broadcast,179.24440001024777,4.387484350724698,300.86579999988317,2.613896295292803
dma_hardened2,xilinx_u280_xdma_201920_3,3,2,6,48,128,Broadcast,173.91819999375002,4.521849927312158,355.3948999979184,2.2128398578724857
dma_hardened2,xilinx_u280_xdma_201920_3,3,2,6,96,128,Broadcast,210.87800000714196,7.458644334386378,302.3006999910649,5.202978359118881
dma_hardened2,xilinx_u280_xdma_201920_3,3,2,6,96,128,Broadcast,197.65120000556635,7.957776122561888,361.6707999981372,4.34888301739621
dma_hardened2,xilinx_u280_xdma_201920_3,3,2,6,96,128,Broadcast,199.7328000015841,7.874840787229365,410.48639998280123,3.8317079446868414
dma_hardened2,xilinx_u280_xdma_201920_3,3,2,6,96,128,Broadcast,201.62690000233852,7.8008638727360164,360.7222000027832,4.360319381473789
dma_hardened2,xilinx_u280_xdma_201920_3,3,2,6,96,128,Broadcast,203.11969999511348,7.743532508357579,370.89280001509906,4.240750966144311
dma_hardened2,xilinx_u280_xdma_201920_3,3,2,6,96,128,Broadcast,200.19450000745564,7.8566793790110285,351.1088000095697,4.479705435913685
dma_hardened2,xilinx_u280_xdma_201920_3,3,2,6,96,128,Broadcast,196.9598000187034,7.985710788956123,398.4366999929989,3.947588161501281
dma_hardened2,xilinx_u280_xdma_201920_3,3,2,6,96,128,Broadcast,192.47329998961504,8.171855525337095,384.145099997113,4.094452851310145
dma_hardened2,xilinx_u280_xdma_201920_3,3,2,6,96,128,Broadcast,199.67289999840432,7.87720316584058,359.1158000062933,4.3798240009836285
dma_hardened2,xilinx_u280_xdma_201920_3,3,2,6,96,128,Broadcast,196.19740000962338,8.016742321370476,405.102599984275,3.8826312150577516
dma_hardened2,xilinx_u280_xdma_201920_3,3,2,6,96,128,Broadcast,200.7430000048771,7.835212186535953,373.01570000636275,4.21661608337979
dma_hardened2,xilinx_u280_xdma_201920_3,3,2,6,96,128,Broadcast,197.7237000119203,7.9548582183378915,422.5140000016836,3.722631676095307
dma_hardened2,xilinx_u280_xdma_201920_3,3,2,6,96,128,Broadcast,200.33089999742515,7.851329974658008,338.19469999798457,4.650764781379996
dma_hardened2,xilinx_u280_xdma_201920_3,3,2,6,96,128,Broadcast,198.91590000042925,7.907180873910058,402.51850000458944,3.9075570439174014
dma_hardened2,xilinx_u280_xdma_201920_3,3,2,6,96,128,Broadcast,195.2730000084557,8.054692660694986,372.85650000740134,4.218416468450404
dma_hardened2,xilinx_u280_xdma_201920_3,3,2,6,96,128,Broadcast,196.11400000485446,8.0201515443113,401.4110000071014,3.918338062415266
dma_hardened2,xilinx_u280_xdma_201920_3,3,2,6,96,128,Broadcast,199.1767999925287,7.896823325101114,392.0599000139191,4.011795136264023
dma_hardened2,xilinx_u280_xdma_201920_3,3,2,6,96,128,Broadcast,189.51909999032068,8.299237385996086,330.73929998863605,4.755600559274457
dma_hardened2,xilinx_u280_xdma_201920_3,3,2,6,96,128,Broadcast,198.43970001147682,7.926155904836749,456.7473999941285,3.4436189456584083
dma_hardened2,xilinx_u280_xdma_201920_3,3,2,6,96,128,Broadcast,193.34099999923637,8.135180846308916,318.20519998291275,4.9429236231352
dma_hardened2,xilinx_u280_xdma_201920_3,3,2,6,192,128,Broadcast,249.54929999694286,12.605637443336997,477.52509999554604,6.587565763620259
dma_hardened2,xilinx_u280_xdma_201920_3,3,2,6,192,128,Broadcast,239.83799999314215,13.116053336376838,450.56190001560026,6.98178873955184
dma_hardened2,xilinx_u280_xdma_201920_3,3,2,6,192,128,Broadcast,267.35889998690254,11.76593709861203,434.80340000314754,7.2348284304520805
dma_hardened2,xilinx_u280_xdma_201920_3,3,2,6,192,128,Broadcast,232.0287999964421,13.55748941531498,445.30749999012187,7.064170264524583
dma_hardened2,xilinx_u280_xdma_201920_3,3,2,6,192,128,Broadcast,243.9190999893981,12.896603833552717,473.2441000214749,6.647157354644787
dma_hardened2,xilinx_u280_xdma_201920_3,3,2,6,192,128,Broadcast,223.7492999938695,14.059163537433143,399.39220000633213,7.8762880195209775
dma_hardened2,xilinx_u280_xdma_201920_3,3,2,6,192,128,Broadcast,246.52629999764028,12.760212602185286,461.61689999735245,6.8145858611719845
dma_hardened2,xilinx_u280_xdma_201920_3,3,2,6,192,128,Broadcast,236.2220999884812,13.316823447735812,442.87319999511965,7.102999233267367
dma_hardened2,xilinx_u280_xdma_201920_3,3,2,6,192,128,Broadcast,224.8366999992868,13.991167812060835,488.3658000153446,6.441335572435991
dma_hardened2,xilinx_u280_xdma_201920_3,3,2,6,192,128,Broadcast,256.6123999940828,12.258674951298289,418.9140000107727,7.509245334171465
dma_hardened2,xilinx_u280_xdma_201920_3,3,2,6,192,128,Broadcast,225.5786999967313,13.945146416951523,473.1646999971417,6.648272789620617
dma_hardened2,xilinx_u280_xdma_201920_3,3,2,6,192,128,Broadcast,215.87060000456404,14.572285433650954,428.5987999992358,7.33956324657374
dma_hardened2,xilinx_u280_xdma_201920_3,3,2,6,192,128,Broadcast,222.77400000803027,14.120714265967333,463.9474999976301,6.7803533805356615
dma_hardened2,xilinx_u280_xdma_201920_3,3,2,6,192,128,Broadcast,228.4452999901987,13.770158546203252,429.8155000014958,7.318786781744847
dma_hardened2,xilinx_u280_xdma_201920_3,3,2,6,192,128,Broadcast,223.69160001289856,14.062790019019982,453.7911999932476,6.932104456954671
dma_hardened2,xilinx_u280_xdma_201920_3,3,2,6,192,128,Broadcast,234.23019999881944,13.430070076428466,443.771100003687,7.0886274477402065
dma_hardened2,xilinx_u280_xdma_201920_3,3,2,6,192,128,Broadcast,249.732999986918,12.596364918391986,498.79959999543644,6.3065968778418835
dma_hardened2,xilinx_u280_xdma_201920_3,3,2,6,192,128,Broadcast,234.7043999861853,13.402935778729148,382.0058999963294,8.234762866307108
dma_hardened2,xilinx_u280_xdma_201920_3,3,2,6,192,128,Broadcast,221.7110000174216,14.188416450933039,452.3008999967715,6.954945258836439
dma_hardened2,xilinx_u280_xdma_201920_3,3,2,6,192,128,Broadcast,225.75320001578802,13.93436726380846,433.3940000151415,7.258356137579425
dma_hardened2,xilinx_u280_xdma_201920_3,3,2,6,384,128,Broadcast,323.356000012609,19.4567473612819,587.2733999922275,10.712993301047291
dma_hardened2,xilinx_u280_xdma_201920_3,3,2,6,384,128,Broadcast,326.594400007707,19.263820812149667,537.537699983659,11.704213490870051
dma_hardened2,xilinx_u280_xdma_201920_3,3,2,6,384,128,Broadcast,330.34309999493416,19.045216927783507,609.4198999790024,10.323679945825159
dma_hardened2,xilinx_u280_xdma_201920_3,3,2,6,384,128,Broadcast,310.79699999736476,20.24297531846622,608.3570000100735,10.341717116587501
dma_hardened2,xilinx_u280_xdma_201920_3,3,2,6,384,128,Broadcast,321.2716999996701,19.582976029343577,617.8639999916413,10.182590343643767
dma_hardened2,xilinx_u280_xdma_201920_3,3,2,6,384,128,Broadcast,336.36509999723785,18.704247260050654,595.5150000090725,10.564731366807136
dma_hardened2,xilinx_u280_xdma_201920_3,3,2,6,384,128,Broadcast,316.13399999059766,19.901231756745933,571.577199980311,11.007185031552554
dma_hardened2,xilinx_u280_xdma_201920_3,3,2,6,384,128,Broadcast,368.61279997992824,17.067926019776262,605.2537999948981,10.394740190070731
dma_hardened2,xilinx_u280_xdma_201920_3,3,2,6,384,128,Broadcast,302.03430001165543,20.830269938736144,586.0750000010739,10.734899116987538
dma_hardened2,xilinx_u280_xdma_201920_3,3,2,6,384,128,Broadcast,337.96790000906185,18.615543073266156,608.8673999784078,10.333047885669545
dma_hardened2,xilinx_u280_xdma_201920_3,3,2,6,384,128,Broadcast,324.4730999995227,19.389761431715772,566.0769999849435,11.114134649822091
dma_hardened2,xilinx_u280_xdma_201920_3,3,2,6,384,128,Broadcast,350.7790999947247,17.935663784115462,554.6385999878112,11.343343215092245
dma_hardened2,xilinx_u280_xdma_201920_3,3,2,6,384,128,Broadcast,328.2754000110799,19.165176555378963,595.4665999979625,10.565590076792766
dma_hardened2,xilinx_u280_xdma_201920_3,3,2,6,384,128,Broadcast,321.3685999980953,19.577071313243696,553.7197000194283,11.362167536714429
dma_hardened2,xilinx_u280_xdma_201920_3,3,2,6,384,128,Broadcast,309.06919998869853,20.356140308481255,551.0664999974324,11.416872555361858
dma_hardened2,xilinx_u280_xdma_201920_3,3,2,6,384,128,Broadcast,331.11279999502585,19.00094469345345,585.4464000094595,10.746425291706199
dma_hardened2,xilinx_u280_xdma_201920_3,3,2,6,384,128,Broadcast,325.5881000086447,19.323359790584963,573.3221999889793,10.97368286126185
dma_hardened2,xilinx_u280_xdma_201920_3,3,2,6,384,128,Broadcast,336.1552999876949,18.715920886061596,575.3525000045556,10.93495900330699
dma_hardened2,xilinx_u280_xdma_201920_3,3,2,6,384,128,Broadcast,326.61169998391415,19.262800445635776,591.4803999985452,10.636795403559399
dma_hardened2,xilinx_u280_xdma_201920_3,3,2,6,384,128,Broadcast,336.85840000998724,18.676856506512735,567.0358000088527,11.095341775425425
dma_hardened2,xilinx_u280_xdma_201920_3,3,2,6,768,128,Broadcast,484.66910000115604,25.96186140187189,848.3224999963568,14.832698649457063
dma_hardened2,xilinx_u280_xdma_201920_3,3,2,6,768,128,Broadcast,514.7814999872935,24.443209401096556,819.5065999871076,15.35425340100733
dma_hardened2,xilinx_u280_xdma_201920_3,3,2,6,768,128,Broadcast,487.81899999994494,25.794222857251196,829.5210999904157,15.16888720509386
dma_hardened2,xilinx_u280_xdma_201920_3,3,2,6,768,128,Broadcast,478.3744999940609,26.303475624549844,946.9331999980568,13.288067204767794
dma_hardened2,xilinx_u280_xdma_201920_3,3,2,6,768,128,Broadcast,497.4058000016158,25.297075345641577,856.3074999983655,14.694384902647727
dma_hardened2,xilinx_u280_xdma_201920_3,3,2,6,768,128,Broadcast,477.1928999844022,26.368606910143242,815.3839999977208,15.431884854295856
dma_hardened2,xilinx_u280_xdma_201920_3,3,2,6,768,128,Broadcast,511.96090000757977,24.577876942973,793.9071999999214,15.849348639237991
dma_hardened2,xilinx_u280_xdma_201920_3,3,2,6,768,128,Broadcast,497.67680000059045,25.283300326607694,788.1948999965971,15.964213927360257
dma_hardened2,xilinx_u280_xdma_201920_3,3,2,6,768,128,Broadcast,466.67709998473583,26.962780047299436,796.6463000002477,15.794854002329624
dma_hardened2,xilinx_u280_xdma_201920_3,3,2,6,768,128,Broadcast,499.52159999975265,25.18992572094226,803.7389999799416,15.65547024632875
dma_hardened2,xilinx_u280_xdma_201920_3,3,2,6,768,128,Broadcast,490.82299999554374,25.636353634842383,764.8860000017521,16.450702457583454
dma_hardened2,xilinx_u280_xdma_201920_3,3,2,6,768,128,Broadcast,481.7453999976351,26.119423247345527,785.3272999909677,16.022506794485203
dma_hardened2,xilinx_u280_xdma_201920_3,3,2,6,768,128,Broadcast,474.6119999936127,26.51199716856999,803.051800016874,15.668867188561938
dma_hardened2,xilinx_u280_xdma_201920_3,3,2,6,768,128,Broadcast,483.902499991018,26.00299027228328,805.576400011887,15.619762445640571
dma_hardened2,xilinx_u280_xdma_201920_3,3,2,6,768,128,Broadcast,484.40570001275773,25.97597839923974,813.7878999832537,15.462151747720668
dma_hardened2,xilinx_u280_xdma_201920_3,3,2,6,768,128,Broadcast,514.3953000015244,24.46156098230818,790.6730000058815,15.914179439422366
dma_hardened2,xilinx_u280_xdma_201920_3,3,2,6,768,128,Broadcast,501.29730000207934,25.10069772956648,798.2954999988578,15.762223387226914
dma_hardened2,xilinx_u280_xdma_201920_3,3,2,6,768,128,Broadcast,513.4571999860782,24.506252907430593,781.7423999995299,16.095982512919303
dma_hardened2,xilinx_u280_xdma_201920_3,3,2,6,768,128,Broadcast,526.3017000061154,23.908172821508632,808.973900007004,15.554163119342984
dma_hardened2,xilinx_u280_xdma_201920_3,3,2,6,768,128,Broadcast,533.402200017008,23.589913951608715,763.2597999872814,16.485752295888865
dma_hardened2,xilinx_u280_xdma_201920_3,3,2,6,1536,128,Broadcast,721.5766999934203,34.87615938850225,1279.7526999975162,19.664599262067465
dma_hardened2,xilinx_u280_xdma_201920_3,3,2,6,1536,128,Broadcast,771.3388999945892,32.62615693332274,1198.6822999915603,20.994573791718782
dma_hardened2,xilinx_u280_xdma_201920_3,3,2,6,1536,128,Broadcast,704.053199979171,35.74420796716003,1164.9194000028729,21.603060263171802
dma_hardened2,xilinx_u280_xdma_201920_3,3,2,6,1536,128,Broadcast,735.4376999956003,34.21883865914211,1156.9288000146116,21.752266863511537
dma_hardened2,xilinx_u280_xdma_201920_3,3,2,6,1536,128,Broadcast,725.1688999986072,34.70339668461835,1275.9050999875399,19.723899528456904
dma_hardened2,xilinx_u280_xdma_201920_3,3,2,6,1536,128,Broadcast,776.3382999883106,32.416053671935195,1092.296100000567,23.0393791573429
dma_hardened2,xilinx_u280_xdma_201920_3,3,2,6,1536,128,Broadcast,742.287100001704,33.90308682441367,1187.589799997113,21.190670381356576
dma_hardened2,xilinx_u280_xdma_201920_3,3,2,6,1536,128,Broadcast,765.6913999880999,32.866797250682346,1125.9805999998207,22.350139958009937
dma_hardened2,xilinx_u280_xdma_201920_3,3,2,6,1536,128,Broadcast,753.9356000052067,33.3792753649333,1110.612599995875,22.659407970063977
dma_hardened2,xilinx_u280_xdma_201920_3,3,2,6,1536,128,Broadcast,739.7672000024613,34.01857232912769,1143.10410001508,22.015338760195167
dma_hardened2,xilinx_u280_xdma_201920_3,3,2,6,1536,128,Broadcast,777.6568000053885,32.361092965207305,1213.1055000054403,20.744959115169408
dma_hardened2,xilinx_u280_xdma_201920_3,3,2,6,1536,128,Broadcast,728.1889000068986,34.559472136641446,1116.6922000029444,22.53604350413985
dma_hardened2,xilinx_u280_xdma_201920_3,3,2,6,1536,128,Broadcast,714.6593000015855,35.213736111660715,1155.3557000070214,21.781884141695116
dma_hardened2,xilinx_u280_xdma_201920_3,3,2,6,1536,128,Broadcast,744.6674999982861,33.79471240527876,1214.1926999902353,20.72638387646573
dma_hardened2,xilinx_u280_xdma_201920_3,3,2,6,1536,128,Broadcast,737.7876999953514,34.10984487835533,1176.100900011079,21.397674297981524
dma_hardened2,xilinx_u280_xdma_201920_3,3,2,6,1536,128,Broadcast,761.1163000092347,33.06436086008756,1172.970300012821,21.45478363750977
dma_hardened2,xilinx_u280_xdma_201920_3,3,2,6,1536,128,Broadcast,760.4577000165591,33.09299649336447,1140.5043999957343,22.065521185270416
dma_hardened2,xilinx_u280_xdma_201920_3,3,2,6,1536,128,Broadcast,740.49450001894,33.98515991591608,1147.139500017147,21.937893342199295
dma_hardened2,xilinx_u280_xdma_201920_3,3,2,6,1536,128,Broadcast,737.6888999942821,34.114413271224585,1134.9173000098745,22.174147843002345
dma_hardened2,xilinx_u280_xdma_201920_3,3,2,6,1536,128,Broadcast,743.5000999976182,33.84777486927119,1165.146299990738,21.59885329438891
dma_hardened2,xilinx_u280_xdma_201920_3,3,2,6,3072,128,Broadcast,1213.2677000181502,41.484371502881885,2186.2099999907514,23.0223299683987
dma_hardened2,xilinx_u280_xdma_201920_3,3,2,6,3072,128,Broadcast,1204.6687000065504,41.78048952357301,2129.639699978725,23.63387947759558
dma_hardened2,xilinx_u280_xdma_201920_3,3,2,6,3072,128,Broadcast,1275.499299981675,39.46034937120162,2149.0254999889657,23.420684398699983
dma_hardened2,xilinx_u280_xdma_201920_3,3,2,6,3072,128,Broadcast,1196.6289999918445,42.06119691261288,2438.708400018186,20.638649540726014
dma_hardened2,xilinx_u280_xdma_201920_3,3,2,6,3072,128,Broadcast,1210.2195999887044,41.58885544447451,2187.122800000907,23.01272155362247
dma_hardened2,xilinx_u280_xdma_201920_3,3,2,6,3072,128,Broadcast,1204.8409000044558,41.774518112568934,2110.3479999965202,23.84992806877491
dma_hardened2,xilinx_u280_xdma_201920_3,3,2,6,3072,128,Broadcast,1251.8001999978878,40.2074132917417,2187.662200003615,23.0070474316907
dma_hardened2,xilinx_u280_xdma_201920_3,3,2,6,3072,128,Broadcast,1214.2240000002857,41.451699192231544,2161.792400011109,23.28236883418656
dma_hardened2,xilinx_u280_xdma_201920_3,3,2,6,3072,128,Broadcast,1191.2470999959623,42.25122394855828,2087.693499993293,24.10873435212674
dma_hardened2,xilinx_u280_xdma_201920_3,3,2,6,3072,128,Broadcast,1231.699100003425,40.86359079085147,2134.7098999967784,23.577746090968123
dma_hardened2,xilinx_u280_xdma_201920_3,3,2,6,3072,128,Broadcast,1247.596700000031,40.34288324103354,2191.964500002541,22.961890121825263
dma_hardened2,xilinx_u280_xdma_201920_3,3,2,6,3072,128,Broadcast,1216.6672999910588,41.36845627425828,2087.912700017114,24.10620329077334
dma_hardened2,xilinx_u280_xdma_201920_3,3,2,6,3072,128,Broadcast,1190.9645000059754,42.26124960042677,2196.0195000019667,22.919490468984876
dma_hardened2,xilinx_u280_xdma_201920_3,3,2,6,3072,128,Broadcast,1228.8748999935706,40.957503485719606,2144.1777000063666,23.473636536678164
dma_hardened2,xilinx_u280_xdma_201920_3,3,2,6,3072,128,Broadcast,1197.5429000131044,42.02909808028526,2219.5623000015985,22.676384438483097
dma_hardened2,xilinx_u280_xdma_201920_3,3,2,6,3072,128,Broadcast,1261.4058000053774,39.90123400398622,2145.0594000043566,23.463987990214992
dma_hardened2,xilinx_u280_xdma_201920_3,3,2,6,3072,128,Broadcast,1201.4010000029884,41.894128604749625,2219.374300011623,22.678305322241687
dma_hardened2,xilinx_u280_xdma_201920_3,3,2,6,3072,128,Broadcast,1237.9490000057558,40.65728717399988,2181.807800002389,23.068781768927995
dma_hardened2,xilinx_u280_xdma_201920_3,3,2,6,3072,128,Broadcast,1164.4828999806123,43.222316103429236,2210.7571000105963,22.766701959142758
dma_hardened2,xilinx_u280_xdma_201920_3,3,2,6,3072,128,Broadcast,1189.7163999947225,42.305584759715224,2141.0038000112763,23.50843468831532
dma_hardened2,xilinx_u280_xdma_201920_3,3,2,6,6144,128,Broadcast,2232.948400001078,45.08088767297597,3854.4346999970003,26.11622814626444
dma_hardened2,xilinx_u280_xdma_201920_3,3,2,6,6144,128,Broadcast,2278.7827000001926,44.17415315641614,3834.3470999961937,26.25304735716282
dma_hardened2,xilinx_u280_xdma_201920_3,3,2,6,6144,128,Broadcast,2221.6770999875735,45.309597871159156,3837.3886999806928,26.232238605514855
dma_hardened2,xilinx_u280_xdma_201920_3,3,2,6,6144,128,Broadcast,2255.9232000048723,44.62177435817965,3760.723599998528,26.76700196739782
dma_hardened2,xilinx_u280_xdma_201920_3,3,2,6,6144,128,Broadcast,2280.0815999971746,44.14898835205054,3864.8549000072308,26.045815070524814
dma_hardened2,xilinx_u280_xdma_201920_3,3,2,6,6144,128,Broadcast,2289.6233999972537,43.96500140596079,3761.055400013902,26.764640584562493
dma_hardened2,xilinx_u280_xdma_201920_3,3,2,6,6144,128,Broadcast,2282.817100012835,44.09608461380196,3795.111799990991,26.524461282073155
dma_hardened2,xilinx_u280_xdma_201920_3,3,2,6,6144,128,Broadcast,2266.9884999913847,44.403972936070275,3785.2906000125586,26.593280843395757
dma_hardened2,xilinx_u280_xdma_201920_3,3,2,6,6144,128,Broadcast,2271.152699995582,44.32255743975111,3763.051399982942,26.750444067932825
dma_hardened2,xilinx_u280_xdma_201920_3,3,2,6,6144,128,Broadcast,2296.7275999917547,43.829009587537236,3765.675500017096,26.731803098685212
dma_hardened2,xilinx_u280_xdma_201920_3,3,2,6,6144,128,Broadcast,2279.195900018749,44.16614473515503,3749.7558000040954,26.845293765500692
dma_hardened2,xilinx_u280_xdma_201920_3,3,2,6,6144,128,Broadcast,2283.4711000086827,44.08345522727099,3752.673400003914,26.824422290491626
dma_hardened2,xilinx_u280_xdma_201920_3,3,2,6,6144,128,Broadcast,2283.205599997018,44.08858142259789,3790.8932999926037,26.553977660145804
dma_hardened2,xilinx_u280_xdma_201920_3,3,2,6,6144,128,Broadcast,2236.8134000089412,45.00299220292476,3782.9680999948323,26.609607413855144
dma_hardened2,xilinx_u280_xdma_201920_3,3,2,6,6144,128,Broadcast,2311.0564000035083,43.55726498057217,3763.6669999983496,26.74606866124026
dma_hardened2,xilinx_u280_xdma_201920_3,3,2,6,6144,128,Broadcast,2322.0038000090426,43.35190838172099,3768.8142999968477,26.709539920840406
dma_hardened2,xilinx_u280_xdma_201920_3,3,2,6,6144,128,Broadcast,2278.494999995928,44.179730918953034,3802.7219000014156,26.471379881858446
dma_hardened2,xilinx_u280_xdma_201920_3,3,2,6,6144,128,Broadcast,2298.8844000110475,43.78788946478398,3709.6708999797556,27.13537095717826
dma_hardened2,xilinx_u280_xdma_201920_3,3,2,6,6144,128,Broadcast,2273.1969000005847,44.28269984002446,3795.6957000005787,26.52038096731112
dma_hardened2,xilinx_u280_xdma_201920_3,3,2,6,6144,128,Broadcast,2332.691900005557,43.15327540673512,3776.863300004152,26.652618324811847
dma_hardened2,xilinx_u280_xdma_201920_3,3,2,6,12288,128,Broadcast,3995.271100006903,50.39122176206069,6588.942100006534,30.55522251437
dma_hardened2,xilinx_u280_xdma_201920_3,3,2,6,12288,128,Broadcast,4030.377000003682,49.952297762669865,6620.132699981696,30.41126230000747
dma_hardened2,xilinx_u280_xdma_201920_3,3,2,6,12288,128,Broadcast,3975.568700002441,50.64095408535549,6631.365199996253,30.359750357304065
dma_hardened2,xilinx_u280_xdma_201920_3,3,2,6,12288,128,Broadcast,3983.891399980166,50.53516067255305,6620.894999991833,30.40776088432883
dma_hardened2,xilinx_u280_xdma_201920_3,3,2,6,12288,128,Broadcast,4019.2130000150423,50.091048172676224,6615.836399987529,30.4310112626696
dma_hardened2,xilinx_u280_xdma_201920_3,3,2,6,12288,128,Broadcast,4025.975299987295,50.006911865712475,6596.436899985747,30.520506002329075
dma_hardened2,xilinx_u280_xdma_201920_3,3,2,6,12288,128,Broadcast,4007.6684000041496,50.23534182613301,6661.014900009832,30.224612168290278
dma_hardened2,xilinx_u280_xdma_201920_3,3,2,6,12288,128,Broadcast,3988.334499990742,50.47886329505896,6584.842100005517,30.57424748268927
dma_hardened2,xilinx_u280_xdma_201920_3,3,2,6,12288,128,Broadcast,3995.171399992614,50.39247928145766,6634.8826999956145,30.343655058156955
dma_hardened2,xilinx_u280_xdma_201920_3,3,2,6,12288,128,Broadcast,3981.910900006369,50.56029556052547,6648.825699994632,30.280022530920395
dma_hardened2,xilinx_u280_xdma_201920_3,3,2,6,12288,128,Broadcast,4021.1544000158024,50.06686438083771,6605.097600004228,30.48048707105723
dma_hardened2,xilinx_u280_xdma_201920_3,3,2,6,12288,128,Broadcast,3971.220400012498,50.69640355377063,6592.55220000432,30.53849038918009
dma_hardened2,xilinx_u280_xdma_201920_3,3,2,6,12288,128,Broadcast,4005.7011000044445,50.26001365897636,6577.2131000130685,30.609710973117163
dma_hardened2,xilinx_u280_xdma_201920_3,3,2,6,12288,128,Broadcast,3980.11919999135,50.58305590456626,6626.323799991951,30.382848480818964
dma_hardened2,xilinx_u280_xdma_201920_3,3,2,6,12288,128,Broadcast,3988.1243000081668,50.4815238581174,6625.921899990317,30.384691374085502
dma_hardened2,xilinx_u280_xdma_201920_3,3,2,6,12288,128,Broadcast,4058.337699984804,49.60814177705168,6611.534600006053,30.450811223133538
dma_hardened2,xilinx_u280_xdma_201920_3,3,2,6,12288,128,Broadcast,4007.0391999961435,50.243229963957866,6641.2739000043075,30.314453978455763
dma_hardened2,xilinx_u280_xdma_201920_3,3,2,6,12288,128,Broadcast,4002.882300005695,50.29540638747074,6644.671000003655,30.298955659338027
dma_hardened2,xilinx_u280_xdma_201920_3,3,2,6,12288,128,Broadcast,3994.5094000131576,50.400830700094694,6555.164199994579,30.712669562139496
dma_hardened2,xilinx_u280_xdma_201920_3,3,2,6,12288,128,Broadcast,3993.2805000034937,50.41634115104708,6595.7378000121025,30.523740952775682
dma_hardened2,xilinx_u280_xdma_201920_3,3,2,6,24576,128,Broadcast,7373.195300010593,54.61040534209388,12126.321000005191,33.204892398925246
dma_hardened2,xilinx_u280_xdma_201920_3,3,2,6,24576,128,Broadcast,7383.2560000028025,54.535991167019965,12120.370299999195,33.221194900293334
dma_hardened2,xilinx_u280_xdma_201920_3,3,2,6,24576,128,Broadcast,7397.050700001273,54.43428743836117,12102.973899982317,33.26894590763253
dma_hardened2,xilinx_u280_xdma_201920_3,3,2,6,24576,128,Broadcast,7379.838700012442,54.56124454309837,12147.575599988159,33.14679383435099
dma_hardened2,xilinx_u280_xdma_201920_3,3,2,6,24576,128,Broadcast,7373.70470001224,54.6066326739843,12118.463899992094,33.22642104831972
dma_hardened2,xilinx_u280_xdma_201920_3,3,2,6,24576,128,Broadcast,7375.088499998128,54.596386741678046,12167.419899992638,33.09273348906481
dma_hardened2,xilinx_u280_xdma_201920_3,3,2,6,24576,128,Broadcast,7366.4098999870475,54.660708468138324,12148.336500013102,33.14471771501932
dma_hardened2,xilinx_u280_xdma_201920_3,3,2,6,24576,128,Broadcast,7368.2355000073585,54.64716538981387,12102.609799990205,33.269946784562606
dma_hardened2,xilinx_u280_xdma_201920_3,3,2,6,24576,128,Broadcast,7349.9898999898505,54.782821402320025,12130.193300004066,33.194292460274724
dma_hardened2,xilinx_u280_xdma_201920_3,3,2,6,24576,128,Broadcast,7388.64239999657,54.4962338413058,12090.628999999353,33.30291451338235
dma_hardened2,xilinx_u280_xdma_201920_3,3,2,6,24576,128,Broadcast,7409.113299991077,54.3456642781377,12027.284400005556,33.47831236116891
dma_hardened2,xilinx_u280_xdma_201920_3,3,2,6,24576,128,Broadcast,7382.0403999889095,54.54497160440966,12103.860000001987,33.26651035289022
dma_hardened2,xilinx_u280_xdma_201920_3,3,2,6,24576,128,Broadcast,7345.573900011004,54.81575564836354,12104.020700007823,33.26606868738582
dma_hardened2,xilinx_u280_xdma_201920_3,3,2,6,24576,128,Broadcast,7389.881199992487,54.48709838534473,12089.543799993407,33.30590390021331
dma_hardened2,xilinx_u280_xdma_201920_3,3,2,6,24576,128,Broadcast,7394.242200007284,54.454962808711265,12071.350599990183,33.356100517892955
dma_hardened2,xilinx_u280_xdma_201920_3,3,2,6,24576,128,Broadcast,7360.615599986886,54.70373755161422,12095.615599992016,33.289184884501935
dma_hardened2,xilinx_u280_xdma_201920_3,3,2,6,24576,128,Broadcast,7355.346400004237,54.74292604353319,12082.220399997823,33.32609161806654
dma_hardened2,xilinx_u280_xdma_201920_3,3,2,6,24576,128,Broadcast,7387.36069999959,54.50568888561544,12094.430100000864,33.292447901284014
dma_hardened2,xilinx_u280_xdma_201920_3,3,2,6,24576,128,Broadcast,7350.796200012155,54.776812340319566,12135.039899999356,33.18103502898424
dma_hardened2,xilinx_u280_xdma_201920_3,3,2,6,24576,128,Broadcast,7362.073300009797,54.69290614091877,12091.90160000162,33.29940958169442
experiment,board_instance,number of nodes,rank id,number of banks,buffer size[KB],segment_size[KB],collective name,execution_time[us],throughput[Gbps],execution_time_fullpath[us],throughput_fullpath[Gbps]
dma_hardened2,xilinx_u280_xdma_201920_3,3,2,6,1,128,Scatter,197.15789999281697,0.04155045270972382,312.74259999918286,0.026194065023509443
dma_hardened2,xilinx_u280_xdma_201920_3,3,2,6,1,128,Scatter,176.65319999196072,0.04637334619680147,303.8380000134566,0.026961736187169433
dma_hardened2,xilinx_u280_xdma_201920_3,3,2,6,1,128,Scatter,186.80150001273432,0.0438540375716552,326.37730000715237,0.025099784819043718
dma_hardened2,xilinx_u280_xdma_201920_3,3,2,6,1,128,Scatter,166.5678999870579,0.04918114475019801,303.7041999959911,0.026973614458108038
dma_hardened2,xilinx_u280_xdma_201920_3,3,2,6,1,128,Scatter,172.14260001310322,0.047588452825601785,286.6363000066485,0.028579771647240727
dma_hardened2,xilinx_u280_xdma_201920_3,3,2,6,1,128,Scatter,165.73149998748704,0.04942934807576416,322.71789998503664,0.02538439919316479
dma_hardened2,xilinx_u280_xdma_201920_3,3,2,6,1,128,Scatter,161.03469999961817,0.05087102345034594,307.4084000218136,0.02664858865085892
dma_hardened2,xilinx_u280_xdma_201920_3,3,2,6,1,128,Scatter,162.84610001093824,0.05030516542582076,364.4999000016469,0.022474628936696515
dma_hardened2,xilinx_u280_xdma_201920_3,3,2,6,1,128,Scatter,178.70550000225194,0.04584078273974091,289.91009999117523,0.028257035543947456
dma_hardened2,xilinx_u280_xdma_201920_3,3,2,6,1,128,Scatter,161.9016999939049,0.05059860396962109,294.2436000012094,0.02784087742253809
dma_hardened2,xilinx_u280_xdma_201920_3,3,2,6,1,128,Scatter,174.5933999927729,0.04692044487557433,289.40199999851757,0.0283066461186929
dma_hardened2,xilinx_u280_xdma_201920_3,3,2,6,1,128,Scatter,168.2087000062893,0.048701404860115455,291.2780000087878,0.02812433482704787
dma_hardened2,xilinx_u280_xdma_201920_3,3,2,6,1,128,Scatter,176.4660999924672,0.04642251401458802,292.5256000025911,0.028004386624375568
dma_hardened2,xilinx_u280_xdma_201920_3,3,2,6,1,128,Scatter,172.8681000031429,0.04738873163904192,328.9167999810161,0.02490599446569106
dma_hardened2,xilinx_u280_xdma_201920_3,3,2,6,1,128,Scatter,168.51279999627877,0.048613517787259496,288.6908999926163,0.02837637071417742
dma_hardened2,xilinx_u280_xdma_201920_3,3,2,6,1,128,Scatter,163.91110000313347,0.04997831141297566,292.99769998942793,0.027959263845059493
dma_hardened2,xilinx_u280_xdma_201920_3,3,2,6,1,128,Scatter,166.34200001135468,0.04924793497397413,319.57539999893925,0.02563401313125851
dma_hardened2,xilinx_u280_xdma_201920_3,3,2,6,1,128,Scatter,182.00039999101136,0.04501089008817885,277.4448999844026,0.029526583478234916
dma_hardened2,xilinx_u280_xdma_201920_3,3,2,6,1,128,Scatter,176.04409999876225,0.04653379465746138,305.21759999828646,0.026839867687990442
dma_hardened2,xilinx_u280_xdma_201920_3,3,2,6,1,128,Scatter,164.28080000423506,0.049865839463825445,320.1159999889569,0.0255907233636638
dma_hardened2,xilinx_u280_xdma_201920_3,3,2,6,6,128,Scatter,181.85950000315643,0.2702745800969809,305.4240999972535,0.1609303260628156
dma_hardened2,xilinx_u280_xdma_201920_3,3,2,6,6,128,Scatter,164.98429999955988,0.2979192565603583,305.0681000104305,0.16111812411169657
dma_hardened2,xilinx_u280_xdma_201920_3,3,2,6,6,128,Scatter,162.63109998817527,0.30223001629807456,345.37050000835734,0.14231672942191245
dma_hardened2,xilinx_u280_xdma_201920_3,3,2,6,6,128,Scatter,169.27960000430176,0.29035985434010325,285.51200000492827,0.17215388494757342
dma_hardened2,xilinx_u280_xdma_201920_3,3,2,6,6,128,Scatter,161.43949999332108,0.30446080421478927,277.15629998965596,0.17734397522926396
dma_hardened2,xilinx_u280_xdma_201920_3,3,2,6,6,128,Scatter,159.88239999842335,0.30742595808221984,325.40030001655396,0.15105087486858343
dma_hardened2,xilinx_u280_xdma_201920_3,3,2,6,6,128,Scatter,205.88939999015565,0.23873011433493002,293.8794999863603,0.16725222413363733
dma_hardened2,xilinx_u280_xdma_201920_3,3,2,6,6,128,Scatter,170.33480000918644,0.28856111609224394,288.21600001265324,0.17053876258723363
dma_hardened2,xilinx_u280_xdma_201920_3,3,2,6,6,128,Scatter,175.4532000177278,0.2801430808616411,269.54759998716327,0.1823499819784735
dma_hardened2,xilinx_u280_xdma_201920_3,3,2,6,6,128,Scatter,166.75460001351894,0.2947564864538382,273.1504000166751,0.17994482159645162
dma_hardened2,xilinx_u280_xdma_201920_3,3,2,6,6,128,Scatter,173.15759998837166,0.28385701813435155,320.3429999985019,0.15343553628526255
dma_hardened2,xilinx_u280_xdma_201920_3,3,2,6,6,128,Scatter,178.58549999800744,0.27522951191753203,300.84979998719064,0.16337720683906973
dma_hardened2,xilinx_u280_xdma_201920_3,3,2,6,6,128,Scatter,170.03940001814044,0.2890624172677408,317.84079999397363,0.15464345672717894
dma_hardened2,xilinx_u280_xdma_201920_3,3,2,6,6,128,Scatter,166.65690000081668,0.29492928285453013,275.253400013753,0.17857000130622958
dma_hardened2,xilinx_u280_xdma_201920_3,3,2,6,6,128,Scatter,162.66420000192738,0.3021685164862189,312.9166999997324,0.15707694731550614
dma_hardened2,xilinx_u280_xdma_201920_3,3,2,6,6,128,Scatter,188.9297999923656,0.26016012297682084,264.2489999971076,0.18600638034784617
dma_hardened2,xilinx_u280_xdma_201920_3,3,2,6,6,128,Scatter,166.1952999938876,0.2957484357367972,257.63740000002144,0.19077975480266415
dma_hardened2,xilinx_u280_xdma_201920_3,3,2,6,6,128,Scatter,187.17430000378954,0.26260015396881337,309.69399999776215,0.15871150232279338
dma_hardened2,xilinx_u280_xdma_201920_3,3,2,6,6,128,Scatter,178.39019999428274,0.2755308307383213,299.7714000002816,0.16396494128510536
dma_hardened2,xilinx_u280_xdma_201920_3,3,2,6,6,128,Scatter,182.68660001012904,0.2690509320184117,264.3136999950002,0.18596084879796154
dma_hardened2,xilinx_u280_xdma_201920_3,3,2,6,12,128,Scatter,177.5614000052883,0.5536338415729557,333.6840999963897,0.2946019903287678
dma_hardened2,xilinx_u280_xdma_201920_3,3,2,6,12,128,Scatter,228.39799999019306,0.4304065710042162,289.5588000001226,0.339495812249389
dma_hardened2,xilinx_u280_xdma_201920_3,3,2,6,12,128,Scatter,171.37570000613778,0.5736169129957122,300.5197999982556,0.3271132218262178
dma_hardened2,xilinx_u280_xdma_201920_3,3,2,6,12,128,Scatter,171.47369999293005,0.5732890816728928,298.4587000128158,0.3293722045823386
dma_hardened2,xilinx_u280_xdma_201920_3,3,2,6,12,128,Scatter,186.8711000042822,0.526052450045766,304.4396999939636,0.3229013824476544
dma_hardened2,xilinx_u280_xdma_201920_3,3,2,6,12,128,Scatter,175.97240000668535,0.5586330583447481,309.4370999860985,0.31768653469288693
dma_hardened2,xilinx_u280_xdma_201920_3,3,2,6,12,128,Scatter,161.45560000495607,0.6088608880520864,260.4352999924231,0.3774603519678783
dma_hardened2,xilinx_u280_xdma_201920_3,3,2,6,12,128,Scatter,180.97710001256928,0.5431847454355969,304.185699997106,0.32317101034313994
dma_hardened2,xilinx_u280_xdma_201920_3,3,2,6,12,128,Scatter,172.49359998459113,0.5698994050143397,278.2974999945509,0.3532335001281895
dma_hardened2,xilinx_u280_xdma_201920_3,3,2,6,12,128,Scatter,168.08589998618118,0.5848438209753576,293.0054999978893,0.33550223460210865
dma_hardened2,xilinx_u280_xdma_201920_3,3,2,6,12,128,Scatter,196.07819999691856,0.501350991602049,280.2892999852702,0.3507233419369419
dma_hardened2,xilinx_u280_xdma_201920_3,3,2,6,12,128,Scatter,165.3873999885036,0.5943862713050286,278.376100004607,0.3531337639918553
dma_hardened2,xilinx_u280_xdma_201920_3,3,2,6,12,128,Scatter,170.97479999392817,0.5749619242338114,266.3566000137507,0.36906913511782713
dma_hardened2,xilinx_u280_xdma_201920_3,3,2,6,12,128,Scatter,180.12529999396065,0.5457534283262595,286.0184999917692,0.34369804751381083
dma_hardened2,xilinx_u280_xdma_201920_3,3,2,6,12,128,Scatter,167.5537999972221,0.5867011073555467,273.30860000347457,0.35968132725699176
dma_hardened2,xilinx_u280_xdma_201920_3,3,2,6,12,128,Scatter,176.1365999982445,0.5581122833129502,266.81070000904583,0.36844099579464823
dma_hardened2,xilinx_u280_xdma_201920_3,3,2,6,12,128,Scatter,174.14440001175535,0.564497049536845,297.3853999947096,0.3305609488621459
dma_hardened2,xilinx_u280_xdma_201920_3,3,2,6,12,128,Scatter,162.5465999950393,0.6047742616763446,278.5535999919375,0.3529087400157288
dma_hardened2,xilinx_u280_xdma_201920_3,3,2,6,12,128,Scatter,163.2289000099263,0.6022462933587246,282.31690000666276,0.3482044468385704
dma_hardened2,xilinx_u280_xdma_201920_3,3,2,6,12,128,Scatter,172.38979999092408,0.5702425549839694,253.2320000000254,0.38819738421680566
dma_hardened2,xilinx_u280_xdma_201920_3,3,2,6,24,128,Scatter,163.25110000252607,1.204328791640349,271.74570000170206,0.7234999486607094
dma_hardened2,xilinx_u280_xdma_201920_3,3,2,6,24,128,Scatter,178.6887999969622,1.1002816069241186,265.25169998876663,0.7412129686947391
dma_hardened2,xilinx_u280_xdma_201920_3,3,2,6,24,128,Scatter,174.70070001763816,1.1253990395009867,319.04769998618576,0.6162338735195797
dma_hardened2,xilinx_u280_xdma_201920_3,3,2,6,24,128,Scatter,181.4891999856627,1.0833041305792943,282.39270000085526,0.696221963242692
dma_hardened2,xilinx_u280_xdma_201920_3,3,2,6,24,128,Scatter,174.5974999948885,1.1260642334841902,271.32170000641054,0.7246305768958204
dma_hardened2,xilinx_u280_xdma_201920_3,3,2,6,24,128,Scatter,170.51620000074763,1.1530165462233968,309.6289000040997,0.6349794867255504
dma_hardened2,xilinx_u280_xdma_201920_3,3,2,6,24,128,Scatter,168.1264999888299,1.1694051801058274,315.01629998729186,0.6241200852398159
dma_hardened2,xilinx_u280_xdma_201920_3,3,2,6,24,128,Scatter,176.7751999977918,1.1121922079706654,306.508800008487,0.6414432472886784
dma_hardened2,xilinx_u280_xdma_201920_3,3,2,6,24,128,Scatter,177.0895000163364,1.1102182793551456,314.1307000078086,0.625879609968439
dma_hardened2,xilinx_u280_xdma_201920_3,3,2,6,24,128,Scatter,169.68420000011974,1.158670047063081,271.3722999942547,0.7244954625220129
dma_hardened2,xilinx_u280_xdma_201920_3,3,2,6,24,128,Scatter,179.27119999967545,1.0967071119084155,276.8560000049547,0.7101453463045101
dma_hardened2,xilinx_u280_xdma_201920_3,3,2,6,24,128,Scatter,175.94479998024326,1.1174413794671794,268.909800001893,0.7311299179078485
dma_hardened2,xilinx_u280_xdma_201920_3,3,2,6,24,128,Scatter,166.93430000032095,1.1777567581954218,333.513500004301,0.5895053723386445
dma_hardened2,xilinx_u280_xdma_201920_3,3,2,6,24,128,Scatter,168.67410001850658,1.1656087092116014,267.4239000043599,0.7351923294694104
dma_hardened2,xilinx_u280_xdma_201920_3,3,2,6,24,128,Scatter,170.61940000075992,1.152319138381241,283.9429999994536,0.6924206618947406
dma_hardened2,xilinx_u280_xdma_201920_3,3,2,6,24,128,Scatter,176.84679999092623,1.111741914527646,291.5118000146322,0.6744426811886567
dma_hardened2,xilinx_u280_xdma_201920_3,3,2,6,24,128,Scatter,179.55599998913385,1.0949675867801583,257.3373000132051,0.7640089485275209
dma_hardened2,xilinx_u280_xdma_201920_3,3,2,6,24,128,Scatter,182.55699999372155,1.07696774161912,290.06109998590546,0.6778158119429096
dma_hardened2,xilinx_u280_xdma_201920_3,3,2,6,24,128,Scatter,172.10739999882207,1.1423564588236508,283.87390000261803,0.6925892094982553
dma_hardened2,xilinx_u280_xdma_201920_3,3,2,6,24,128,Scatter,183.52609999965352,1.0712808695895089,278.9336999967418,0.7048556700115353
dma_hardened2,xilinx_u280_xdma_201920_3,3,2,6,48,128,Scatter,174.90810000708734,2.2481291603079945,288.21190001053765,1.364329508898221
dma_hardened2,xilinx_u280_xdma_201920_3,3,2,6,48,128,Scatter,170.41009998592926,2.307468865005465,298.4479999895484,1.3175360532279337
dma_hardened2,xilinx_u280_xdma_201920_3,3,2,6,48,128,Scatter,179.85510000926297,2.1862932993267825,315.1058999947054,1.24788523479442
dma_hardened2,xilinx_u280_xdma_201920_3,3,2,6,48,128,Scatter,171.72240000036254,2.289835222423923,321.0927000054653,1.2246183111397646
dma_hardened2,xilinx_u280_xdma_201920_3,3,2,6,48,128,Scatter,166.1353999907078,2.3668405410405797,276.474799989046,1.4222489717528661
dma_hardened2,xilinx_u280_xdma_201920_3,3,2,6,48,128,Scatter,175.96430000139662,2.2346350935779533,288.8425000037387,1.3613509092149194
dma_hardened2,xilinx_u280_xdma_201920_3,3,2,6,48,128,Scatter,173.89290001119662,2.2612539095884974,314.1392999850723,1.2517249513788482
dma_hardened2,xilinx_u280_xdma_201920_3,3,2,6,48,128,Scatter,172.53790001632296,2.279012321135239,271.8425000011848,1.4464846372376878
dma_hardened2,xilinx_u280_xdma_201920_3,3,2,6,48,128,Scatter,173.94619999322458,2.260561024128818,314.1259000130958,1.2517783474193211
dma_hardened2,xilinx_u280_xdma_201920_3,3,2,6,48,128,Scatter,174.27689999749418,2.256271485237882,298.2897000038065,1.3182352591959499
dma_hardened2,xilinx_u280_xdma_201920_3,3,2,6,48,128,Scatter,173.6803999847325,2.264020580529328,275.5304999936925,1.4271233130597214
dma_hardened2,xilinx_u280_xdma_201920_3,3,2,6,48,128,Scatter,175.83589999503602,2.2362668829920445,273.2983999976568,1.438779004938819
dma_hardened2,xilinx_u280_xdma_201920_3,3,2,6,48,128,Scatter,172.17740000887716,2.2837840505183986,259.5512999960192,1.5149837431214208
dma_hardened2,xilinx_u280_xdma_201920_3,3,2,6,48,128,Scatter,178.6127999821474,2.2014995568027738,284.9623999964024,1.3798873114662296
dma_hardened2,xilinx_u280_xdma_201920_3,3,2,6,48,128,Scatter,174.3432000012035,2.255413460331608,293.20710000320105,1.3410862151554555
dma_hardened2,xilinx_u280_xdma_201920_3,3,2,6,48,128,Scatter,183.9338999843676,2.1378114639738466,317.55090001297503,1.2382770761598638
dma_hardened2,xilinx_u280_xdma_201920_3,3,2,6,48,128,Scatter,162.6233000024513,2.417956098505398,301.17510000309267,1.3056059415136319
dma_hardened2,xilinx_u280_xdma_201920_3,3,2,6,48,128,Scatter,181.69019999731972,2.1642113884282184,296.56219999196765,1.3259140915823062
dma_hardened2,xilinx_u280_xdma_201920_3,3,2,6,48,128,Scatter,180.68420001782215,2.1762611227833664,282.62860000722867,1.3912817032315303
dma_hardened2,xilinx_u280_xdma_201920_3,3,2,6,48,128,Scatter,193.87170000300102,2.028227946595162,273.83900001041184,1.4359386354209929
dma_hardened2,xilinx_u280_xdma_201920_3,3,2,6,96,128,Scatter,196.0116999953243,4.0121686614562275,319.4752000126755,2.4616370847214357
dma_hardened2,xilinx_u280_xdma_201920_3,3,2,6,96,128,Scatter,177.54309999418183,4.429527252964332,288.74009999526606,2.7236674089012705
dma_hardened2,xilinx_u280_xdma_201920_3,3,2,6,96,128,Scatter,185.4496000078143,4.240677790444747,334.9547999960123,2.3478749968932004
dma_hardened2,xilinx_u280_xdma_201920_3,3,2,6,96,128,Scatter,181.32579998564324,4.337121358693947,310.2335999983552,2.534967198924196
dma_hardened2,xilinx_u280_xdma_201920_3,3,2,6,96,128,Scatter,182.9643000064607,4.298281139939486,324.0795000010621,2.4266638278491004
dma_hardened2,xilinx_u280_xdma_201920_3,3,2,6,96,128,Scatter,180.5787000193959,4.3550651317986535,289.0082000021721,2.721140784220273
dma_hardened2,xilinx_u280_xdma_201920_3,3,2,6,96,128,Scatter,180.5545000024722,4.355648848349014,297.72589998628973,2.641463171448017
dma_hardened2,xilinx_u280_xdma_201920_3,3,2,6,96,128,Scatter,182.25700000584766,4.314961839461681,339.2445999907068,2.318185757478655
dma_hardened2,xilinx_u280_xdma_201920_3,3,2,6,96,128,Scatter,183.72929998804466,4.280384239482617,319.32060001054197,2.462828893513406
dma_hardened2,xilinx_u280_xdma_201920_3,3,2,6,96,128,Scatter,181.8025999909878,4.325746716708037,340.99560000413476,2.3062819578624008
dma_hardened2,xilinx_u280_xdma_201920_3,3,2,6,96,128,Scatter,176.20200001147168,4.463241052591907,325.01199998478114,2.419701426522175
dma_hardened2,xilinx_u280_xdma_201920_3,3,2,6,96,128,Scatter,186.17050000102608,4.224256796837659,292.55939998620306,2.688110517170488
dma_hardened2,xilinx_u280_xdma_201920_3,3,2,6,96,128,Scatter,182.95060001491947,4.298603010516867,289.19449998738855,2.719387816968495
dma_hardened2,xilinx_u280_xdma_201920_3,3,2,6,96,128,Scatter,180.75939999562252,4.350711498373225,308.31770000077086,2.5507195986413813
dma_hardened2,xilinx_u280_xdma_201920_3,3,2,6,96,128,Scatter,179.46680000022752,4.3820472644467,340.34049999718263,2.3107211748425773
dma_hardened2,xilinx_u280_xdma_201920_3,3,2,6,96,128,Scatter,180.14280001352745,4.365603287730314,329.8169000117923,2.3844502812678243
dma_hardened2,xilinx_u280_xdma_201920_3,3,2,6,96,128,Scatter,186.96360000376444,4.2063374902075354,319.5323999989341,2.4611964232817183
dma_hardened2,xilinx_u280_xdma_201920_3,3,2,6,96,128,Scatter,181.91679998835752,4.323031188160361,310.7068999952389,2.531105681953155
dma_hardened2,xilinx_u280_xdma_201920_3,3,2,6,96,128,Scatter,177.944199981539,4.419542755996482,341.7665999904784,2.3010791575944225
dma_hardened2,xilinx_u280_xdma_201920_3,3,2,6,96,128,Scatter,187.38169999323873,4.196951997064691,304.3171999934202,2.5842509066756785
dma_hardened2,xilinx_u280_xdma_201920_3,3,2,6,192,128,Scatter,198.56900000831956,7.920994716869707,377.32420000793354,4.168468388634838
dma_hardened2,xilinx_u280_xdma_201920_3,3,2,6,192,128,Scatter,185.35429999246844,8.485716274528892,351.282499991612,4.477490339079109
dma_hardened2,xilinx_u280_xdma_201920_3,3,2,6,192,128,Scatter,216.55829998508125,7.263004928041802,350.2465000110533,4.490734382642975
dma_hardened2,xilinx_u280_xdma_201920_3,3,2,6,192,128,Scatter,191.263099986827,8.223562203625942,355.88660000485106,4.419565108600775
dma_hardened2,xilinx_u280_xdma_201920_3,3,2,6,192,128,Scatter,188.54540001029818,8.342096916255139,313.5585999871182,5.0161724158247205
dma_hardened2,xilinx_u280_xdma_201920_3,3,2,6,192,128,Scatter,192.37179999436194,8.176167193144202,323.84070000262,4.856906497507184
dma_hardened2,xilinx_u280_xdma_201920_3,3,2,6,192,128,Scatter,202.86559999931342,7.753231696282284,329.5524999884947,4.7727266522175125
dma_hardened2,xilinx_u280_xdma_201920_3,3,2,6,192,128,Scatter,202.14920000398706,7.780708506236868,345.1782000183812,4.556672466326793
dma_hardened2,xilinx_u280_xdma_201920_3,3,2,6,192,128,Scatter,191.49550000747695,8.213582042077164,379.4048999907318,4.145608029939577
dma_hardened2,xilinx_u280_xdma_201920_3,3,2,6,192,128,Scatter,197.47820001612126,7.964747500592968,361.91629999393626,4.345933023813386
dma_hardened2,xilinx_u280_xdma_201920_3,3,2,6,192,128,Scatter,191.38740001380938,8.218221261621776,366.31979999128816,4.2936909226239095
dma_hardened2,xilinx_u280_xdma_201920_3,3,2,6,192,128,Scatter,190.75850000263017,8.245315411781458,353.0642999976408,4.454893910289174
dma_hardened2,xilinx_u280_xdma_201920_3,3,2,6,192,128,Scatter,191.0621999968498,8.23220919693133,326.43360000292887,4.818327525064478
dma_hardened2,xilinx_u280_xdma_201920_3,3,2,6,192,128,Scatter,196.8292999890764,7.991005404618574,333.72600000802777,4.713040038720881
dma_hardened2,xilinx_u280_xdma_201920_3,3,2,6,192,128,Scatter,196.72480000281212,7.995250217448519,361.4719000097466,4.351275991183796
dma_hardened2,xilinx_u280_xdma_201920_3,3,2,6,192,128,Scatter,188.68160000238277,8.33607516567666,349.9576999956844,4.49444032812936
dma_hardened2,xilinx_u280_xdma_201920_3,3,2,6,192,128,Scatter,203.9167000020825,7.713267231099449,344.016000008196,4.57206641540663
dma_hardened2,xilinx_u280_xdma_201920_3,3,2,6,192,128,Scatter,193.5323999987304,8.12713530142921,346.1704000073951,4.543612047611234
dma_hardened2,xilinx_u280_xdma_201920_3,3,2,6,192,128,Scatter,198.04910000402742,7.941788172569404,353.5117999945214,4.449254593550698
dma_hardened2,xilinx_u280_xdma_201920_3,3,2,6,192,128,Scatter,182.15760001112358,8.634632866835927,311.2461999990046,5.053440009886161
dma_hardened2,xilinx_u280_xdma_201920_3,3,2,6,384,128,Scatter,279.21680000417837,11.266256184989318,436.9514000018171,7.199262892822676
dma_hardened2,xilinx_u280_xdma_201920_3,3,2,6,384,128,Scatter,221.18809999938094,14.22195859546153,442.23649999821646,7.1132256157343114
dma_hardened2,xilinx_u280_xdma_201920_3,3,2,6,384,128,Scatter,237.47090001506876,13.246793606291916,473.4392000045773,6.644418121629106
dma_hardened2,xilinx_u280_xdma_201920_3,3,2,6,384,128,Scatter,233.51039999397472,13.471468508816606,419.4379999944431,7.499864103971686
dma_hardened2,xilinx_u280_xdma_201920_3,3,2,6,384,128,Scatter,238.05690000244795,13.214185347988874,458.0924000038067,6.867016348609711
dma_hardened2,xilinx_u280_xdma_201920_3,3,2,6,384,128,Scatter,222.891300018091,14.113283020668266,436.96139998701256,7.199098135655684
dma_hardened2,xilinx_u280_xdma_201920_3,3,2,6,384,128,Scatter,248.5006999904726,12.658829532957474,427.6761000028273,7.3553981622522375
dma_hardened2,xilinx_u280_xdma_201920_3,3,2,6,384,128,Scatter,221.74949999680393,14.18595306886978,424.08790000081353,7.417632052208907
dma_hardened2,xilinx_u280_xdma_201920_3,3,2,6,384,128,Scatter,247.26890001147694,12.721891025737534,482.3169000019334,6.522118549002513
dma_hardened2,xilinx_u280_xdma_201920_3,3,2,6,384,128,Scatter,226.64719999738736,13.879403760718253,435.94759999905364,7.215839701851389
dma_hardened2,xilinx_u280_xdma_201920_3,3,2,6,384,128,Scatter,245.1851000159877,12.830012915935257,456.96560000578756,6.8839492512350136
dma_hardened2,xilinx_u280_xdma_201920_3,3,2,6,384,128,Scatter,227.31660001227283,13.83853180907229,460.3356999950847,6.833552123012812
dma_hardened2,xilinx_u280_xdma_201920_3,3,2,6,384,128,Scatter,235.22810001850303,13.37309615540217,435.5741999916063,7.2220255471068295
dma_hardened2,xilinx_u280_xdma_201920_3,3,2,6,384,128,Scatter,239.25720001898299,13.147892726949967,461.2189999988914,6.8204648984702745
dma_hardened2,xilinx_u280_xdma_201920_3,3,2,6,384,128,Scatter,237.04210000232706,13.270756544804144,452.7200999973502,6.9485052685277555
dma_hardened2,xilinx_u280_xdma_201920_3,3,2,6,384,128,Scatter,230.11849998511025,13.670035221868487,457.94070001647924,6.869291154699286
dma_hardened2,xilinx_u280_xdma_201920_3,3,2,6,384,128,Scatter,223.5850000033679,14.069494822786034,422.76690001017414,7.440809580703447
dma_hardened2,xilinx_u280_xdma_201920_3,3,2,6,384,128,Scatter,229.9964000030741,13.677292340045126,459.12439998119225,6.851580966136548
dma_hardened2,xilinx_u280_xdma_201920_3,3,2,6,384,128,Scatter,225.2087999977448,13.968050982161891,447.82269999359414,7.024494292149544
dma_hardened2,xilinx_u280_xdma_201920_3,3,2,6,384,128,Scatter,217.50440000687377,14.462824659641763,431.5153000106875,7.289957041898836
dma_hardened2,xilinx_u280_xdma_201920_3,3,2,6,768,128,Scatter,358.7735000110115,17.536010880978953,663.0615000176476,9.488495410806616
dma_hardened2,xilinx_u280_xdma_201920_3,3,2,6,768,128,Scatter,357.5992000151018,17.593596405512944,624.0899999966132,10.081007547043122
dma_hardened2,xilinx_u280_xdma_201920_3,3,2,6,768,128,Scatter,387.7024999837886,16.22753528868932,636.6649000028701,9.881895483749203
dma_hardened2,xilinx_u280_xdma_201920_3,3,2,6,768,128,Scatter,418.92599999755475,15.018060469001023,668.3238000050551,9.413784156650433
dma_hardened2,xilinx_u280_xdma_201920_3,3,2,6,768,128,Scatter,346.2769000179833,18.168858505067085,657.6249000090684,9.566937018220026
dma_hardened2,xilinx_u280_xdma_201920_3,3,2,6,768,128,Scatter,409.3893999879583,15.367901563120725,653.0828999984806,9.633472259057216
dma_hardened2,xilinx_u280_xdma_201920_3,3,2,6,768,128,Scatter,326.57940000717645,19.26470561174939,599.243699980434,10.498993982257007
dma_hardened2,xilinx_u280_xdma_201920_3,3,2,6,768,128,Scatter,354.87380000631674,17.728713700160487,671.1050000149044,9.374771458803428
dma_hardened2,xilinx_u280_xdma_201920_3,3,2,6,768,128,Scatter,412.80329999153764,15.240808395012765,633.8680999988355,9.925497118425046
dma_hardened2,xilinx_u280_xdma_201920_3,3,2,6,768,128,Scatter,375.93160000142234,16.73564020682538,639.9021999868637,9.831902437793081
dma_hardened2,xilinx_u280_xdma_201920_3,3,2,6,768,128,Scatter,384.69640001039807,16.35434072122834,665.8566999931281,9.448663654003827
dma_hardened2,xilinx_u280_xdma_201920_3,3,2,6,768,128,Scatter,369.6667999975034,17.019261670354194,600.2258999842525,10.481813597455664
dma_hardened2,xilinx_u280_xdma_201920_3,3,2,6,768,128,Scatter,374.26049998430244,16.810366042539574,684.3634000006205,9.193150890293515
dma_hardened2,xilinx_u280_xdma_201920_3,3,2,6,768,128,Scatter,395.2658000116571,15.917025960289136,605.3096000186997,10.393781958531038
dma_hardened2,xilinx_u280_xdma_201920_3,3,2,6,768,128,Scatter,331.2861000040357,18.991005055519558,648.50359999582,9.701497416576489
dma_hardened2,xilinx_u280_xdma_201920_3,3,2,6,768,128,Scatter,401.09070000653446,15.68586855765417,663.5936000066067,9.480887097068692
dma_hardened2,xilinx_u280_xdma_201920_3,3,2,6,768,128,Scatter,379.46099998862337,16.579980551858092,624.4156000093426,10.07575082990538
dma_hardened2,xilinx_u280_xdma_201920_3,3,2,6,768,128,Scatter,393.8900000093781,15.972621797583606,632.0708000203012,9.953720374043426
dma_hardened2,xilinx_u280_xdma_201920_3,3,2,6,768,128,Scatter,385.18789999670844,16.333472572876154,671.7337999816664,9.36599587540736
dma_hardened2,xilinx_u280_xdma_201920_3,3,2,6,768,128,Scatter,383.2531999933053,16.41592555550717,666.887600004884,9.434057553257738
dma_hardened2,xilinx_u280_xdma_201920_3,3,2,6,1536,128,Scatter,640.174099999058,19.65545310255213,1028.833600003054,12.230269306875911
dma_hardened2,xilinx_u280_xdma_201920_3,3,2,6,1536,128,Scatter,619.774699998743,20.302396983977435,1010.5112000019291,12.452026261535725
dma_hardened2,xilinx_u280_xdma_201920_3,3,2,6,1536,128,Scatter,585.0809000094159,21.506277165768868,976.2166000200523,12.889467357696578
dma_hardened2,xilinx_u280_xdma_201920_3,3,2,6,1536,128,Scatter,640.6194000192045,19.641790429110934,985.1711000010255,12.772311327430232
dma_hardened2,xilinx_u280_xdma_201920_3,3,2,6,1536,128,Scatter,614.5070000002306,20.476433954365497,1006.0143999908178,12.507685774790946
dma_hardened2,xilinx_u280_xdma_201920_3,3,2,6,1536,128,Scatter,637.5018999960957,19.737842350080935,1009.8578999986785,12.460081760034225
dma_hardened2,xilinx_u280_xdma_201920_3,3,2,6,1536,128,Scatter,648.82789999956,19.393296743263555,1051.0078000152134,11.972234649274593
dma_hardened2,xilinx_u280_xdma_201920_3,3,2,6,1536,128,Scatter,572.2021999872595,21.990324399801622,972.0970999978817,12.944089638810174
dma_hardened2,xilinx_u280_xdma_201920_3,3,2,6,1536,128,Scatter,616.195699990385,20.420317766249166,990.1860999889321,12.707623344885013
dma_hardened2,xilinx_u280_xdma_201920_3,3,2,6,1536,128,Scatter,600.5962000017462,20.950701985732536,977.9636000075698,12.866442063797265
dma_hardened2,xilinx_u280_xdma_201920_3,3,2,6,1536,128,Scatter,580.544799981908,21.674316952614394,996.4237000076536,12.628073780163348
dma_hardened2,xilinx_u280_xdma_201920_3,3,2,6,1536,128,Scatter,642.1617999876617,19.59461307141248,1049.0850999985923,11.9941766402143
dma_hardened2,xilinx_u280_xdma_201920_3,3,2,6,1536,128,Scatter,606.9267999919248,20.7321739626054,989.691000017956,12.713980423962337
dma_hardened2,xilinx_u280_xdma_201920_3,3,2,6,1536,128,Scatter,640.7186999922487,19.638746301851693,980.4741999914768,12.833496281808724
dma_hardened2,xilinx_u280_xdma_201920_3,3,2,6,1536,128,Scatter,622.6923999975043,20.207267665464414,988.3840999918904,12.73079160227612
dma_hardened2,xilinx_u280_xdma_201920_3,3,2,6,1536,128,Scatter,593.9464999983102,21.18526163557795,997.4782999961462,12.614722545892592
dma_hardened2,xilinx_u280_xdma_201920_3,3,2,6,1536,128,Scatter,642.8754999888042,19.57285975312348,1017.5308000043514,12.366123954131108
dma_hardened2,xilinx_u280_xdma_201920_3,3,2,6,1536,128,Scatter,636.588399993343,19.76616601894031,978.3282000171312,12.86164704214768
dma_hardened2,xilinx_u280_xdma_201920_3,3,2,6,1536,128,Scatter,573.5882999942987,21.93718386537011,995.1351999916368,12.644424596884672
dma_hardened2,xilinx_u280_xdma_201920_3,3,2,6,1536,128,Scatter,624.1610999950353,20.15971838055926,950.0824000042485,13.24402178163045
dma_hardened2,xilinx_u280_xdma_201920_3,3,2,6,3072,128,Scatter,1006.1189999987619,25.012770855168196,1675.4916999843772,15.019963393572556
dma_hardened2,xilinx_u280_xdma_201920_3,3,2,6,3072,128,Scatter,1026.2738999927024,24.521547318097976,1754.8387000033472,14.340818902587458
dma_hardened2,xilinx_u280_xdma_201920_3,3,2,6,3072,128,Scatter,1006.301799998255,25.00822715416353,1681.078499996147,14.970046907421443
dma_hardened2,xilinx_u280_xdma_201920_3,3,2,6,3072,128,Scatter,974.7138999955496,25.81867766543075,1687.22659998366,14.915497420585782
dma_hardened2,xilinx_u280_xdma_201920_3,3,2,6,3072,128,Scatter,1000.4103000028409,25.155502697171887,1690.300199993544,14.888375449577607
dma_hardened2,xilinx_u280_xdma_201920_3,3,2,6,3072,128,Scatter,989.7617999968134,25.426141926351395,1739.8657000057938,14.464233647410946
dma_hardened2,xilinx_u280_xdma_201920_3,3,2,6,3072,128,Scatter,946.7161999964446,26.582226014611887,1696.9228999869301,14.830269542708056
dma_hardened2,xilinx_u280_xdma_201920_3,3,2,6,3072,128,Scatter,990.2531999841813,25.41352454140215,1671.3850000087405,15.056868405465165
dma_hardened2,xilinx_u280_xdma_201920_3,3,2,6,3072,128,Scatter,964.8152999943704,26.083566461007447,1783.6385000009614,14.109262611222194
dma_hardened2,xilinx_u280_xdma_201920_3,3,2,6,3072,128,Scatter,1013.4601999880033,24.83158588792919,1780.0166999904832,14.137970728103028
dma_hardened2,xilinx_u280_xdma_201920_3,3,2,6,3072,128,Scatter,1007.7331000047708,24.97270755508662,1661.8293999954403,15.14344613235814
dma_hardened2,xilinx_u280_xdma_201920_3,3,2,6,3072,128,Scatter,968.0616999958147,25.996095083721215,1714.9027999948885,14.67478156783872
dma_hardened2,xilinx_u280_xdma_201920_3,3,2,6,3072,128,Scatter,997.261499992419,25.234929855600868,1678.3995999958279,14.9939406563625
dma_hardened2,xilinx_u280_xdma_201920_3,3,2,6,3072,128,Scatter,973.0186000069807,25.863661804429487,1644.8793000108708,15.299495835246807
dma_hardened2,xilinx_u280_xdma_201920_3,3,2,6,3072,128,Scatter,1018.7481999992087,24.702692971648485,1710.8164000092074,14.709833270165378
dma_hardened2,xilinx_u280_xdma_201920_3,3,2,6,3072,128,Scatter,983.8493999950516,25.57893921582569,1662.8025000045454,15.134583932806938
dma_hardened2,xilinx_u280_xdma_201920_3,3,2,6,3072,128,Scatter,994.3170000042301,25.309658790801063,1619.9874999983876,15.534579124854387
dma_hardened2,xilinx_u280_xdma_201920_3,3,2,6,3072,128,Scatter,989.9057999973593,25.422443226483907,1641.8073000068034,15.328122855767372
dma_hardened2,xilinx_u280_xdma_201920_3,3,2,6,3072,128,Scatter,985.4904999883729,25.536343577433687,1709.1046999894388,14.724565440698576
dma_hardened2,xilinx_u280_xdma_201920_3,3,2,6,3072,128,Scatter,965.1351999991675,26.07492090229608,1617.5419000092006,15.558066223729261
dma_hardened2,xilinx_u280_xdma_201920_3,3,2,6,6144,128,Scatter,1910.9401999912734,26.338682916519232,3048.6014999951294,16.50974979841754
dma_hardened2,xilinx_u280_xdma_201920_3,3,2,6,6144,128,Scatter,1973.176899991813,25.507924809077604,3190.2145000003657,15.776885221979347
dma_hardened2,xilinx_u280_xdma_201920_3,3,2,6,6144,128,Scatter,1891.731799992158,26.606122495910174,3136.7155999987517,16.04597114256072
dma_hardened2,xilinx_u280_xdma_201920_3,3,2,6,6144,128,Scatter,1868.7458000158585,26.93338387680811,3068.5446000006777,16.40244955213911
dma_hardened2,xilinx_u280_xdma_201920_3,3,2,6,6144,128,Scatter,1874.8161000075925,26.846178673095547,3221.0493000093265,15.625854593363183
dma_hardened2,xilinx_u280_xdma_201920_3,3,2,6,6144,128,Scatter,1877.4509999957445,26.808501526864926,3212.0123000140666,15.669817951749307
dma_hardened2,xilinx_u280_xdma_201920_3,3,2,6,6144,128,Scatter,1901.091600007021,26.475130393408772,3138.46609999473,16.03702139719926
dma_hardened2,xilinx_u280_xdma_201920_3,3,2,6,6144,128,Scatter,1914.3213999996078,26.292161807317367,3095.087299993793,16.261786218469812
dma_hardened2,xilinx_u280_xdma_201920_3,3,2,6,6144,128,Scatter,1904.412399994726,26.428964650796953,3148.8192000097115,15.98429277865327
dma_hardened2,xilinx_u280_xdma_201920_3,3,2,6,6144,128,Scatter,1892.9701999923054,26.588716504995478,3196.9467999942935,15.743661420981368
dma_hardened2,xilinx_u280_xdma_201920_3,3,2,6,6144,128,Scatter,1966.793599990524,25.59071170469667,3172.1012999923914,15.866973731299415
dma_hardened2,xilinx_u280_xdma_201920_3,3,2,6,6144,128,Scatter,1923.9034000065658,26.16121370741807,3143.370399993728,16.01200036753557
dma_hardened2,xilinx_u280_xdma_201920_3,3,2,6,6144,128,Scatter,1929.5707000082984,26.084376177448974,2845.7416999799534,17.686653711527843
dma_hardened2,xilinx_u280_xdma_201920_3,3,2,6,6144,128,Scatter,1917.997300006391,26.241772081656364,3104.38950000389,16.213058316276655
dma_hardened2,xilinx_u280_xdma_201920_3,3,2,6,6144,128,Scatter,1854.9059999941164,27.134338883026768,3146.038700015197,15.998419854071368
dma_hardened2,xilinx_u280_xdma_201920_3,3,2,6,6144,128,Scatter,1906.3245000097595,26.402455615369956,3150.151299996651,15.977533523565523
dma_hardened2,xilinx_u280_xdma_201920_3,3,2,6,6144,128,Scatter,1970.185200002561,25.546658253211206,3099.24719999799,16.239959174612675
dma_hardened2,xilinx_u280_xdma_201920_3,3,2,6,6144,128,Scatter,1942.2305000034612,25.914353625849404,3186.8735999978526,15.793424627833973
dma_hardened2,xilinx_u280_xdma_201920_3,3,2,6,6144,128,Scatter,1933.5661000013715,26.030477054787163,3202.3999999864827,15.716852360795793
dma_hardened2,xilinx_u280_xdma_201920_3,3,2,6,6144,128,Scatter,1904.4301999883828,26.428717629192725,3134.5236999868575,16.057191719498256
dma_hardened2,xilinx_u280_xdma_201920_3,3,2,6,12288,128,Scatter,3444.1786999877877,29.22708278764889,5457.509000007121,18.444916169605705
dma_hardened2,xilinx_u280_xdma_201920_3,3,2,6,12288,128,Scatter,3442.7480999966065,29.2392278134143,5460.486099991613,18.43485985618654
dma_hardened2,xilinx_u280_xdma_201920_3,3,2,6,12288,128,Scatter,3373.6905000068873,29.837738820379197,5495.76360001538,18.316525841780805
dma_hardened2,xilinx_u280_xdma_201920_3,3,2,6,12288,128,Scatter,3396.270899997944,29.639360040467015,5432.124100002511,18.531111246142824
dma_hardened2,xilinx_u280_xdma_201920_3,3,2,6,12288,128,Scatter,3414.2527000085465,29.483258810851353,5471.731500006172,18.39697287776026
dma_hardened2,xilinx_u280_xdma_201920_3,3,2,6,12288,128,Scatter,3393.925099999251,29.659846058483204,5419.837599993116,18.57312034591735
dma_hardened2,xilinx_u280_xdma_201920_3,3,2,6,12288,128,Scatter,3419.861900010801,29.434900865348414,5415.994899999532,18.586298151796395
dma_hardened2,xilinx_u280_xdma_201920_3,3,2,6,12288,128,Scatter,3411.52510000029,29.50683141683215,5423.910399986198,18.5591738389071
dma_hardened2,xilinx_u280_xdma_201920_3,3,2,6,12288,128,Scatter,3449.063199991542,29.185691929404726,5372.972400004983,18.735122480790455
dma_hardened2,xilinx_u280_xdma_201920_3,3,2,6,12288,128,Scatter,3400.799399992138,29.599892307741737,5420.405399991068,18.571174768618945
dma_hardened2,xilinx_u280_xdma_201920_3,3,2,6,12288,128,Scatter,3421.8495999994047,29.41780258256164,5458.373300007224,18.441995530035804
dma_hardened2,xilinx_u280_xdma_201920_3,3,2,6,12288,128,Scatter,3355.0058999935573,30.003910276340587,5440.591700016739,18.502269890918353
dma_hardened2,xilinx_u280_xdma_201920_3,3,2,6,12288,128,Scatter,3401.890700001786,29.5903968931004,5366.476300014256,18.757801278230296
dma_hardened2,xilinx_u280_xdma_201920_3,3,2,6,12288,128,Scatter,3376.066800001354,29.81673703848503,5423.780599994643,18.559617990465807
dma_hardened2,xilinx_u280_xdma_201920_3,3,2,6,12288,128,Scatter,3376.920200003042,29.80920188753922,5444.05650000499,18.490494358371873
dma_hardened2,xilinx_u280_xdma_201920_3,3,2,6,12288,128,Scatter,3369.2419999852063,29.877134382285984,5492.869600016093,18.326176175692407
dma_hardened2,xilinx_u280_xdma_201920_3,3,2,6,12288,128,Scatter,3390.117999992981,29.69315404366704,5387.9414999983055,18.683071447607894
dma_hardened2,xilinx_u280_xdma_201920_3,3,2,6,12288,128,Scatter,3414.393699995344,29.482041277236796,5421.139499981109,18.56865996537274
dma_hardened2,xilinx_u280_xdma_201920_3,3,2,6,12288,128,Scatter,3383.124200013299,29.75453753651855,5426.753899996584,18.549449238901985
dma_hardened2,xilinx_u280_xdma_201920_3,3,2,6,12288,128,Scatter,3441.8516999949134,29.246842913118183,5402.368900013244,18.63317701235716
dma_hardened2,xilinx_u280_xdma_201920_3,3,2,6,24576,128,Scatter,6226.789600009397,32.332326115482715,9707.220299992514,20.739880808119214
dma_hardened2,xilinx_u280_xdma_201920_3,3,2,6,24576,128,Scatter,6210.946800001693,32.414798980397826,9755.206500017266,20.637860613165252
dma_hardened2,xilinx_u280_xdma_201920_3,3,2,6,24576,128,Scatter,6175.810900003853,32.599215756407695,9760.49939999939,20.626669164081154
dma_hardened2,xilinx_u280_xdma_201920_3,3,2,6,24576,128,Scatter,6187.417099999948,32.538066974667295,9749.166200003856,20.650647231752018
dma_hardened2,xilinx_u280_xdma_201920_3,3,2,6,24576,128,Scatter,6256.894800003465,32.1767583498269,9757.572200010145,20.632857013324553
dma_hardened2,xilinx_u280_xdma_201920_3,3,2,6,24576,128,Scatter,6241.271299995788,32.257305014146056,9717.999400004373,20.716876356249763
dma_hardened2,xilinx_u280_xdma_201920_3,3,2,6,24576,128,Scatter,6190.411199986556,32.52232937295623,9736.389299996517,20.6777467289719
dma_hardened2,xilinx_u280_xdma_201920_3,3,2,6,24576,128,Scatter,6209.947600018495,32.42001462289318,9656.719199983854,20.848342778812146
dma_hardened2,xilinx_u280_xdma_201920_3,3,2,6,24576,128,Scatter,6202.111399989008,32.460976434631085,9740.560799991727,20.668891261391334
dma_hardened2,xilinx_u280_xdma_201920_3,3,2,6,24576,128,Scatter,6216.734000008728,32.384623823331886,9766.285399996377,20.614448969520662
dma_hardened2,xilinx_u280_xdma_201920_3,3,2,6,24576,128,Scatter,6210.82390000538,32.41544040555161,9759.469799996623,20.628845226824684
dma_hardened2,xilinx_u280_xdma_201920_3,3,2,6,24576,128,Scatter,6133.426899987171,32.824487074333774,9732.265599996026,20.686508185728325
dma_hardened2,xilinx_u280_xdma_201920_3,3,2,6,24576,128,Scatter,6197.61739999376,32.48451445231238,9784.630599983757,20.575798947415983
dma_hardened2,xilinx_u280_xdma_201920_3,3,2,6,24576,128,Scatter,6204.336099995089,32.44933684365671,9731.930399993871,20.687220697768943
dma_hardened2,xilinx_u280_xdma_201920_3,3,2,6,24576,128,Scatter,6227.711699989413,32.32753886156006,9698.390600010498,20.75876300546011
dma_hardened2,xilinx_u280_xdma_201920_3,3,2,6,24576,128,Scatter,6186.3059999950565,32.54391101897657,9753.709299980073,20.64102853674461
dma_hardened2,xilinx_u280_xdma_201920_3,3,2,6,24576,128,Scatter,6229.452499997024,32.31850503717561,9725.149800010513,20.701644307811314
dma_hardened2,xilinx_u280_xdma_201920_3,3,2,6,24576,128,Scatter,6188.384300003236,32.53298150858128,9682.48520000543,20.792863385929788
dma_hardened2,xilinx_u280_xdma_201920_3,3,2,6,24576,128,Scatter,6227.911700011646,32.3265007112454,9743.299700016905,20.66308111200261
dma_hardened2,xilinx_u280_xdma_201920_3,3,2,6,24576,128,Scatter,6153.778699990653,32.7159298075353,9656.07910000017,20.849724812216635
experiment,board_instance,number of nodes,rank id,number of banks,buffer size[KB],segment_size[KB],collective name,execution_time[us],throughput[Gbps],execution_time_fullpath[us],throughput_fullpath[Gbps]
dma_hardened2,xilinx_u280_xdma_201920_3,3,2,6,1,128,Gather,221.39179998248437,0.0370022737998793,333.36740000322607,0.024573488589228355
dma_hardened2,xilinx_u280_xdma_201920_3,3,2,6,1,128,Gather,239.3421999840939,0.03422714423342152,341.26549999200506,0.02400477047985195
dma_hardened2,xilinx_u280_xdma_201920_3,3,2,6,1,128,Gather,184.31030000556348,0.0444467834936665,389.0963000003467,0.021053913902529274
dma_hardened2,xilinx_u280_xdma_201920_3,3,2,6,1,128,Gather,225.35489999881975,0.03635155037695166,319.55039999047585,0.025636018606905706
dma_hardened2,xilinx_u280_xdma_201920_3,3,2,6,1,128,Gather,192.60550000126386,0.042532534117386285,387.3663999911514,0.021147936424499206
dma_hardened2,xilinx_u280_xdma_201920_3,3,2,6,1,128,Gather,193.97860000935907,0.042231462643841915,389.7762000178773,0.02101718883714365
dma_hardened2,xilinx_u280_xdma_201920_3,3,2,6,1,128,Gather,200.08090000374068,0.04094343837841015,346.918199988977,0.02361363572236998
dma_hardened2,xilinx_u280_xdma_201920_3,3,2,6,1,128,Gather,229.2644999897675,0.03573165492418418,365.63359999490785,0.02240494309088139
dma_hardened2,xilinx_u280_xdma_201920_3,3,2,6,1,128,Gather,199.9457000010807,0.04097112365985226,328.2747999946878,0.0249547025849458
dma_hardened2,xilinx_u280_xdma_201920_3,3,2,6,1,128,Gather,190.24630000785692,0.043059970152700376,345.6314000004568,0.023701550264209715
dma_hardened2,xilinx_u280_xdma_201920_3,3,2,6,1,128,Gather,201.6072999822427,0.040633449288401464,303.69940000127826,0.026974040778366768
dma_hardened2,xilinx_u280_xdma_201920_3,3,2,6,1,128,Gather,187.00189998526184,0.04380704153618565,339.14769999228156,0.02415466771612025
dma_hardened2,xilinx_u280_xdma_201920_3,3,2,6,1,128,Gather,208.52699999522883,0.03928508058998324,322.66299999719195,0.025388718260449115
dma_hardened2,xilinx_u280_xdma_201920_3,3,2,6,1,128,Gather,196.8492000059996,0.041615612355804965,310.91559999367746,0.02634798639941703
dma_hardened2,xilinx_u280_xdma_201920_3,3,2,6,1,128,Gather,229.29689998818503,0.03572660598735573,310.1099999867074,0.026416432879788277
dma_hardened2,xilinx_u280_xdma_201920_3,3,2,6,1,128,Gather,179.9871000002895,0.04551437297443441,349.142700019911,0.02346318568176515
dma_hardened2,xilinx_u280_xdma_201920_3,3,2,6,1,128,Gather,205.20949999536242,0.03992017913490912,326.2938999796461,0.025106200270709964
dma_hardened2,xilinx_u280_xdma_201920_3,3,2,6,1,128,Gather,191.24369998735347,0.04283539797934112,333.37510001274495,0.024572921012057648
dma_hardened2,xilinx_u280_xdma_201920_3,3,2,6,1,128,Gather,187.57550001282652,0.04367308096974192,369.4113000165089,0.02217582407369212
dma_hardened2,xilinx_u280_xdma_201920_3,3,2,6,1,128,Gather,203.47019999462646,0.04026142403269052,335.9103000093455,0.024387462961904076
dma_hardened2,xilinx_u280_xdma_201920_3,3,2,6,6,128,Gather,199.36359999519482,0.2465445046196231,356.383200005439,0.13791895914075034
dma_hardened2,xilinx_u280_xdma_201920_3,3,2,6,6,128,Gather,196.8814999827373,0.24965270990067467,358.1406999956016,0.137242150921701
dma_hardened2,xilinx_u280_xdma_201920_3,3,2,6,6,128,Gather,193.77660000827746,0.2536529178337343,370.8496999934141,0.13253886952280908
dma_hardened2,xilinx_u280_xdma_201920_3,3,2,6,6,128,Gather,198.68090000727534,0.2473916717621077,345.34310000253754,0.1423280210307918
dma_hardened2,xilinx_u280_xdma_201920_3,3,2,6,6,128,Gather,177.43210000844556,0.2770186454292116,308.863600002951,0.15913820857987274
dma_hardened2,xilinx_u280_xdma_201920_3,3,2,6,6,128,Gather,221.02110001469555,0.22238600747499634,334.4485999832614,0.14696428689628235
dma_hardened2,xilinx_u280_xdma_201920_3,3,2,6,6,128,Gather,206.9083999913346,0.237554396061535,309.26759998237685,0.15893032442713317
dma_hardened2,xilinx_u280_xdma_201920_3,3,2,6,6,128,Gather,200.77899998796056,0.244806478779889,328.0680999978358,0.14982255208697293
dma_hardened2,xilinx_u280_xdma_201920_3,3,2,6,6,128,Gather,212.62840000417782,0.2311638520490877,299.811799982308,0.16394284682224142
dma_hardened2,xilinx_u280_xdma_201920_3,3,2,6,6,128,Gather,184.38060001244594,0.2665790218530701,350.2604999994219,0.1403298402191544
dma_hardened2,xilinx_u280_xdma_201920_3,3,2,6,6,128,Gather,187.65269999221346,0.2619306836621031,342.22589999899355,0.1436244305300813
dma_hardened2,xilinx_u280_xdma_201920_3,3,2,6,6,128,Gather,199.2774999962421,0.24665102683909065,344.5452000050864,0.1426576251803084
dma_hardened2,xilinx_u280_xdma_201920_3,3,2,6,6,128,Gather,190.22189999304828,0.258392961072286,386.4531999852261,0.12718745763233183
dma_hardened2,xilinx_u280_xdma_201920_3,3,2,6,6,128,Gather,217.466100002639,0.2260214350623087,329.40650000909955,0.14921381332378755
dma_hardened2,xilinx_u280_xdma_201920_3,3,2,6,6,128,Gather,195.68760001220653,0.2511758537430783,369.50050000541523,0.13302282405376895
dma_hardened2,xilinx_u280_xdma_201920_3,3,2,6,6,128,Gather,187.10490001012658,0.26269755627639774,340.72819998982595,0.144255744025495
dma_hardened2,xilinx_u280_xdma_201920_3,3,2,6,6,128,Gather,195.63639998523286,0.2512415890075166,331.0714999997799,0.1484633983898725
dma_hardened2,xilinx_u280_xdma_201920_3,3,2,6,6,128,Gather,240.1813000005859,0.20464540744795742,355.76850000325067,0.13815725675418397
dma_hardened2,xilinx_u280_xdma_201920_3,3,2,6,6,128,Gather,227.78269999434997,0.2157846052453465,355.31900000478345,0.13833203402952923
dma_hardened2,xilinx_u280_xdma_201920_3,3,2,6,6,128,Gather,185.3642000014588,0.2651644708072712,352.60929998912616,0.1393950755170546
dma_hardened2,xilinx_u280_xdma_201920_3,3,2,6,12,128,Gather,212.95040000950394,0.46162862335836286,346.67129998524615,0.28356544082011886
dma_hardened2,xilinx_u280_xdma_201920_3,3,2,6,12,128,Gather,186.15690000842733,0.528070675841453,363.46819999835134,0.2704610747252329
dma_hardened2,xilinx_u280_xdma_201920_3,3,2,6,12,128,Gather,189.33429998924112,0.5192086167460735,353.40820002147666,0.27815992949237184
dma_hardened2,xilinx_u280_xdma_201920_3,3,2,6,12,128,Gather,208.05079998353904,0.47249998561782897,341.36029998990125,0.28797724868096325
dma_hardened2,xilinx_u280_xdma_201920_3,3,2,6,12,128,Gather,194.42200000412413,0.5056217917618107,354.8294000211172,0.2770458141127809
dma_hardened2,xilinx_u280_xdma_201920_3,3,2,6,12,128,Gather,201.92599999973027,0.48683180967350076,320.46769999851676,0.30675166327356856
dma_hardened2,xilinx_u280_xdma_201920_3,3,2,6,12,128,Gather,190.21519999569136,0.5168041250237979,329.17650000854337,0.29863614200117156
dma_hardened2,xilinx_u280_xdma_201920_3,3,2,6,12,128,Gather,203.52530000309343,0.48300628962839437,327.4286999840115,0.30023024861534814
dma_hardened2,xilinx_u280_xdma_201920_3,3,2,6,12,128,Gather,195.95479998315568,0.5016667109376766,325.1312999964284,0.3023516960719558
dma_hardened2,xilinx_u280_xdma_201920_3,3,2,6,12,128,Gather,191.35549998736678,0.5137244553017289,316.52720001602574,0.31057046596634624
dma_hardened2,xilinx_u280_xdma_201920_3,3,2,6,12,128,Gather,214.31319999010157,0.45869316497789375,301.7083000031562,0.32582464585485926
dma_hardened2,xilinx_u280_xdma_201920_3,3,2,6,12,128,Gather,185.42440000146598,0.5301567646934428,356.0174000085681,0.2761213356359385
dma_hardened2,xilinx_u280_xdma_201920_3,3,2,6,12,128,Gather,216.07070000300155,0.4549621952381068,299.28700000709796,0.32846064145007503
dma_hardened2,xilinx_u280_xdma_201920_3,3,2,6,12,128,Gather,225.4817999983061,0.4359731029322034,337.61800000320363,0.2911693096904407
dma_hardened2,xilinx_u280_xdma_201920_3,3,2,6,12,128,Gather,212.42500001790177,0.46277038951025345,310.9422000079576,0.31614878905945937
dma_hardened2,xilinx_u280_xdma_201920_3,3,2,6,12,128,Gather,196.82449999436358,0.49945001766962505,337.76440000110597,0.29104310578521037
dma_hardened2,xilinx_u280_xdma_201920_3,3,2,6,12,128,Gather,199.45970000208035,0.49285143815504934,345.6493999919985,0.2844037918256929
dma_hardened2,xilinx_u280_xdma_201920_3,3,2,6,12,128,Gather,196.7017999959353,0.4997615680285152,313.97339998875395,0.31309658717433103
dma_hardened2,xilinx_u280_xdma_201920_3,3,2,6,12,128,Gather,234.6507000083875,0.41893759531288915,329.87550000598276,0.2980033376174257
dma_hardened2,xilinx_u280_xdma_201920_3,3,2,6,12,128,Gather,208.63990000634658,0.47116586998464677,296.2154999977429,0.3318664958476145
dma_hardened2,xilinx_u280_xdma_201920_3,3,2,6,24,128,Gather,202.4252000182969,0.9712624711855486,320.0676000005842,0.6142702354116478
dma_hardened2,xilinx_u280_xdma_201920_3,3,2,6,24,128,Gather,245.35269999432785,0.8013280473560929,343.2703000044057,0.5727498126038769
dma_hardened2,xilinx_u280_xdma_201920_3,3,2,6,24,128,Gather,190.63760000790353,1.0313180610322883,378.5495000101946,0.519371971154909
dma_hardened2,xilinx_u280_xdma_201920_3,3,2,6,24,128,Gather,209.92459999433777,0.9365648428307262,359.48320000898093,0.5469184651607868
dma_hardened2,xilinx_u280_xdma_201920_3,3,2,6,24,128,Gather,202.02679997964879,0.9731778161105623,364.30519999157696,0.5396793677513957
dma_hardened2,xilinx_u280_xdma_201920_3,3,2,6,24,128,Gather,204.58230001167976,0.9610215545957568,340.78560001944425,0.5769257855636568
dma_hardened2,xilinx_u280_xdma_201920_3,3,2,6,24,128,Gather,202.59770001302968,0.9704354984649655,337.97589999267075,0.5817219511931578
dma_hardened2,xilinx_u280_xdma_201920_3,3,2,6,24,128,Gather,198.20350000827602,0.991950192563656,331.31090001461416,0.5934244843478667
dma_hardened2,xilinx_u280_xdma_201920_3,3,2,6,24,128,Gather,240.8027999990736,0.8164689114942034,404.2433999984496,0.4863604452187817
dma_hardened2,xilinx_u280_xdma_201920_3,3,2,6,24,128,Gather,230.47009999572765,0.8530737826887073,386.01930000368156,0.5093216841700011
dma_hardened2,xilinx_u280_xdma_201920_3,3,2,6,24,128,Gather,212.12220001416426,0.926861969123796,276.95690000655304,0.7098866285524863
dma_hardened2,xilinx_u280_xdma_201920_3,3,2,6,24,128,Gather,193.75790000140114,1.0147095937692256,346.0729000153151,0.5681115163634579
dma_hardened2,xilinx_u280_xdma_201920_3,3,2,6,24,128,Gather,187.86579998959496,1.046534281443931,329.2463999969186,0.5971454813229242
dma_hardened2,xilinx_u280_xdma_201920_3,3,2,6,24,128,Gather,206.02200002031168,0.9543058507373797,367.60039999990113,0.5348416378220832
dma_hardened2,xilinx_u280_xdma_201920_3,3,2,6,24,128,Gather,199.34250001369946,0.9862824033334009,312.8329999981361,0.6284758960888763
dma_hardened2,xilinx_u280_xdma_201920_3,3,2,6,24,128,Gather,194.754200015268,1.0095186649868741,348.7918000018908,0.5636829764889375
dma_hardened2,xilinx_u280_xdma_201920_3,3,2,6,24,128,Gather,203.75499998408486,0.9649235602334023,328.65900000160764,0.5982127372110251
dma_hardened2,xilinx_u280_xdma_201920_3,3,2,6,24,128,Gather,230.2768000163269,0.8537898736914021,383.0982000181393,0.5132052303839872
dma_hardened2,xilinx_u280_xdma_201920_3,3,2,6,24,128,Gather,205.9417000054964,0.9546779500934134,363.74210001213214,0.5405148317817553
dma_hardened2,xilinx_u280_xdma_201920_3,3,2,6,24,128,Gather,209.18400000482507,0.9398806791889677,342.5831999948059,0.5738985449461061
dma_hardened2,xilinx_u280_xdma_201920_3,3,2,6,48,128,Gather,211.79220000249188,1.856612283150057,359.61159999260417,1.093446373832454
dma_hardened2,xilinx_u280_xdma_201920_3,3,2,6,48,128,Gather,203.32290000624198,1.9339484140149896,331.2507999908121,1.1870643029719676
dma_hardened2,xilinx_u280_xdma_201920_3,3,2,6,48,128,Gather,207.85109998087137,1.891815824098058,328.8931999804845,1.1955735175532125
dma_hardened2,xilinx_u280_xdma_201920_3,3,2,6,48,128,Gather,233.47379999449913,1.6841975416910357,366.6323000061311,1.0725077959400313
dma_hardened2,xilinx_u280_xdma_201920_3,3,2,6,48,128,Gather,196.83439998061658,1.99769958929294,351.9592999964516,1.1172200876748088
dma_hardened2,xilinx_u280_xdma_201920_3,3,2,6,48,128,Gather,209.45490000485734,1.8773301555173987,366.39249999552703,1.073209740933017
dma_hardened2,xilinx_u280_xdma_201920_3,3,2,6,48,128,Gather,203.86230000895011,1.9288313728567603,345.8654000041861,1.136904703376634
dma_hardened2,xilinx_u280_xdma_201920_3,3,2,6,48,128,Gather,210.5792000065776,1.8673069324402296,385.36240001576516,1.0203797775390477
dma_hardened2,xilinx_u280_xdma_201920_3,3,2,6,48,128,Gather,206.13069998489664,1.9076052234277148,340.59200002047874,1.154507445789558
dma_hardened2,xilinx_u280_xdma_201920_3,3,2,6,48,128,Gather,213.82900001754024,1.8389273670444364,376.1863000136145,1.045269325293795
dma_hardened2,xilinx_u280_xdma_201920_3,3,2,6,48,128,Gather,199.46540001001267,1.9713494168926617,358.4049999972194,1.097127551242451
dma_hardened2,xilinx_u280_xdma_201920_3,3,2,6,48,128,Gather,241.01120000068477,1.631525837798753,377.03390000842774,1.0429194828136423
dma_hardened2,xilinx_u280_xdma_201920_3,3,2,6,48,128,Gather,258.7191999964489,1.5198562766327246,346.24769998572447,1.135649420967163
dma_hardened2,xilinx_u280_xdma_201920_3,3,2,6,48,128,Gather,209.55879999746685,1.8763993686008567,340.43260000089504,1.155048018312483
dma_hardened2,xilinx_u280_xdma_201920_3,3,2,6,48,128,Gather,249.01459999000508,1.5790881338515206,353.47680000086257,1.1124237856601635
dma_hardened2,xilinx_u280_xdma_201920_3,3,2,6,48,128,Gather,209.92849999856844,1.8730948870814657,339.4930000013119,1.1582447944390033
dma_hardened2,xilinx_u280_xdma_201920_3,3,2,6,48,128,Gather,210.7509999859758,1.8657847413590738,360.19080000642134,1.0916880719690505
dma_hardened2,xilinx_u280_xdma_201920_3,3,2,6,48,128,Gather,217.9630000000543,1.8040493111211628,335.45719998073764,1.172179342171159
dma_hardened2,xilinx_u280_xdma_201920_3,3,2,6,48,128,Gather,211.36410000508477,1.8603726933312725,378.3559000112291,1.0392754546402736
dma_hardened2,xilinx_u280_xdma_201920_3,3,2,6,48,128,Gather,192.8262000092218,2.039224959996073,337.8839000106382,1.1637606881760856
dma_hardened2,xilinx_u280_xdma_201920_3,3,2,6,96,128,Gather,213.5239000153888,3.6831099466772637,384.3269999833865,2.046257483949854
dma_hardened2,xilinx_u280_xdma_201920_3,3,2,6,96,128,Gather,199.75220000105764,3.9370379900488506,383.6764000197945,2.0497273221898107
dma_hardened2,xilinx_u280_xdma_201920_3,3,2,6,96,128,Gather,211.1297999817907,3.7248744614347538,428.43940000238945,1.835573478992861
dma_hardened2,xilinx_u280_xdma_201920_3,3,2,6,96,128,Gather,269.51610000196524,2.9179407092721568,360.24250000536995,2.1830627979438213
dma_hardened2,xilinx_u280_xdma_201920_3,3,2,6,96,128,Gather,198.57699999192846,3.9603378036326764,346.622799997931,2.268840941809639
dma_hardened2,xilinx_u280_xdma_201920_3,3,2,6,96,128,Gather,201.885499996024,3.8954357792683885,342.0925000000352,2.298886996937726
dma_hardened2,xilinx_u280_xdma_201920_3,3,2,6,96,128,Gather,210.46009999281523,3.736727294279759,373.43490000694146,2.105941356807791
dma_hardened2,xilinx_u280_xdma_201920_3,3,2,6,96,128,Gather,200.9373999953823,3.9138159447572867,338.4589999996024,2.323566517660703
dma_hardened2,xilinx_u280_xdma_201920_3,3,2,6,96,128,Gather,204.10700001320947,3.853037867143721,349.5191999945746,2.2500394828444543
dma_hardened2,xilinx_u280_xdma_201920_3,3,2,6,96,128,Gather,217.35000000262517,3.6182746721440138,358.89650000626716,2.1912501236046245
dma_hardened2,xilinx_u280_xdma_201920_3,3,2,6,96,128,Gather,199.970900007429,3.9327322123908215,355.93359998529195,2.2094907590418473
dma_hardened2,xilinx_u280_xdma_201920_3,3,2,6,96,128,Gather,194.90519998726086,4.034946220272223,390.94379999369266,2.011624177215978
dma_hardened2,xilinx_u280_xdma_201920_3,3,2,6,96,128,Gather,211.54210000986495,3.717614602310017,358.9803000068059,2.190738600377486
dma_hardened2,xilinx_u280_xdma_201920_3,3,2,6,96,128,Gather,194.57659998352028,4.041760417576456,384.47279998763406,2.045481500967804
dma_hardened2,xilinx_u280_xdma_201920_3,3,2,6,96,128,Gather,200.9313000144175,3.9139347624962904,352.2502999885546,2.2325942661384617
dma_hardened2,xilinx_u280_xdma_201920_3,3,2,6,96,128,Gather,228.84679999606306,3.4364998768325767,366.08919999707723,2.148197761655571
dma_hardened2,xilinx_u280_xdma_201920_3,3,2,6,96,128,Gather,196.9632000054844,3.992786469645609,324.8651000149039,2.420795585502785
dma_hardened2,xilinx_u280_xdma_201920_3,3,2,6,96,128,Gather,193.8464999966527,4.056983231647617,354.0832999988197,2.2210366882669175
dma_hardened2,xilinx_u280_xdma_201920_3,3,2,6,96,128,Gather,201.20730000598996,3.908565941576612,352.55340001185687,2.2306748423743783
dma_hardened2,xilinx_u280_xdma_201920_3,3,2,6,96,128,Gather,201.8448000171702,3.8962212548111275,367.4305999993521,2.1403552126616203
dma_hardened2,xilinx_u280_xdma_201920_3,3,2,6,192,128,Gather,247.67489999248937,6.350518361156889,368.7513000159015,4.265378860853302
dma_hardened2,xilinx_u280_xdma_201920_3,3,2,6,192,128,Gather,217.27939999891532,7.238900696558679,363.9988999793786,4.321068003472281
dma_hardened2,xilinx_u280_xdma_201920_3,3,2,6,192,128,Gather,222.03979999630974,7.083703011920118,400.17029998580256,3.930486595471485
dma_hardened2,xilinx_u280_xdma_201920_3,3,2,6,192,128,Gather,222.64080000695685,7.064581154715815,373.7723999847731,4.208079569449419
dma_hardened2,xilinx_u280_xdma_201920_3,3,2,6,192,128,Gather,226.3485999947079,6.948856763579602,383.1588999901214,4.104991427944259
dma_hardened2,xilinx_u280_xdma_201920_3,3,2,6,192,128,Gather,231.24409999581985,6.801747590656074,402.85210000092775,3.9043212136572647
dma_hardened2,xilinx_u280_xdma_201920_3,3,2,6,192,128,Gather,217.7285000016127,7.223969301163375,381.2025999877733,4.126057902150846
dma_hardened2,xilinx_u280_xdma_201920_3,3,2,6,192,128,Gather,220.4170000140948,7.135856126793403,384.9352000088402,4.08604876863399
dma_hardened2,xilinx_u280_xdma_201920_3,3,2,6,192,128,Gather,223.2994999985749,7.043741701213115,391.25380001223675,4.020060635707072
dma_hardened2,xilinx_u280_xdma_201920_3,3,2,6,192,128,Gather,210.59359999071603,7.468716998376681,379.26830000287737,4.147101141825107
dma_hardened2,xilinx_u280_xdma_201920_3,3,2,6,192,128,Gather,234.5289999993838,6.706479795693208,394.1617000009501,3.990402923460622
dma_hardened2,xilinx_u280_xdma_201920_3,3,2,6,192,128,Gather,220.33069999451982,7.138651127778022,389.0046000151415,4.043304372078835
dma_hardened2,xilinx_u280_xdma_201920_3,3,2,6,192,128,Gather,222.14079999685055,7.080482288810969,406.92510001463233,3.865242030888344
dma_hardened2,xilinx_u280_xdma_201920_3,3,2,6,192,128,Gather,226.73400001167465,6.937045171518221,400.3452000006291,3.928769471939537
dma_hardened2,xilinx_u280_xdma_201920_3,3,2,6,192,128,Gather,223.01690000858798,7.052667308797817,427.29330000383925,3.6809938278598513
dma_hardened2,xilinx_u280_xdma_201920_3,3,2,6,192,128,Gather,220.87060001467762,7.121201282087692,430.19259999255155,3.656185624827654
dma_hardened2,xilinx_u280_xdma_201920_3,3,2,6,192,128,Gather,230.11069999938627,6.835249295248743,417.60340000109863,3.766406116415389
dma_hardened2,xilinx_u280_xdma_201920_3,3,2,6,192,128,Gather,237.29179999918415,6.628395924365729,409.51260000383627,3.8408195498386757
dma_hardened2,xilinx_u280_xdma_201920_3,3,2,6,192,128,Gather,217.47890000369807,7.232260232938711,376.6580000046815,4.175841213993731
dma_hardened2,xilinx_u280_xdma_201920_3,3,2,6,192,128,Gather,222.43569999318424,7.071095152658476,378.1346999858215,4.159533626665249
dma_hardened2,xilinx_u280_xdma_201920_3,3,2,6,384,128,Gather,259.14689999808616,12.138783060971333,454.43480000812997,6.922286761365375
dma_hardened2,xilinx_u280_xdma_201920_3,3,2,6,384,128,Gather,336.0308000083023,9.361427583192608,432.0391999954154,7.281117083897436
dma_hardened2,xilinx_u280_xdma_201920_3,3,2,6,384,128,Gather,254.5783999948981,12.356617843709609,412.39070001211076,7.628028468895198
dma_hardened2,xilinx_u280_xdma_201920_3,3,2,6,384,128,Gather,265.6129999877521,11.843275743826752,438.69559999620833,7.170639504994326
dma_hardened2,xilinx_u280_xdma_201920_3,3,2,6,384,128,Gather,249.86600001284384,12.589660057143831,418.54620001231524,7.515844128814073
dma_hardened2,xilinx_u280_xdma_201920_3,3,2,6,384,128,Gather,262.02619999367016,12.00539488064931,433.1543000034799,7.262372784882264
dma_hardened2,xilinx_u280_xdma_201920_3,3,2,6,384,128,Gather,254.69039999279627,12.351184026131234,458.737500002826,6.857359601036805
dma_hardened2,xilinx_u280_xdma_201920_3,3,2,6,384,128,Gather,252.39619999410934,12.463452302663107,433.876799979771,7.2502793423079215
dma_hardened2,xilinx_u280_xdma_201920_3,3,2,6,384,128,Gather,273.87820000512875,11.485864884248151,411.8760999972437,7.637558964992266
dma_hardened2,xilinx_u280_xdma_201920_3,3,2,6,384,128,Gather,253.66540000959503,12.40109214690301,469.815499991455,6.695666703327614
dma_hardened2,xilinx_u280_xdma_201920_3,3,2,6,384,128,Gather,254.94270000763208,12.33896087201488,429.93280001155654,7.3167899725618595
dma_hardened2,xilinx_u280_xdma_201920_3,3,2,6,384,128,Gather,255.50089999342163,12.312003597955988,418.2570000011765,7.521040891105592
dma_hardened2,xilinx_u280_xdma_201920_3,3,2,6,384,128,Gather,258.0292999937228,12.191359663714653,404.74019999692246,7.772215361913443
dma_hardened2,xilinx_u280_xdma_201920_3,3,2,6,384,128,Gather,263.2328000117923,11.95036484761427,417.5643000053242,7.533517592284326
dma_hardened2,xilinx_u280_xdma_201920_3,3,2,6,384,128,Gather,256.1194999998406,12.28226667630523,400.5184999869016,7.854139072484484
dma_hardened2,xilinx_u280_xdma_201920_3,3,2,6,384,128,Gather,263.9661999864984,11.917162122123592,436.2462000017331,7.210900633604379
dma_hardened2,xilinx_u280_xdma_201920_3,3,2,6,384,128,Gather,241.55210001026717,13.02297930701613,401.86549999816634,7.827813036984646
dma_hardened2,xilinx_u280_xdma_201920_3,3,2,6,384,128,Gather,303.57580001236784,10.362248900840717,419.58570000133477,7.497224047411513
dma_hardened2,xilinx_u280_xdma_201920_3,3,2,6,384,128,Gather,256.59300001734664,12.25960178098131,411.9630000104735,7.635947888329838
dma_hardened2,xilinx_u280_xdma_201920_3,3,2,6,384,128,Gather,272.46439999544236,11.545464288371692,400.296999987404,7.8584850750792175
dma_hardened2,xilinx_u280_xdma_201920_3,3,2,6,768,128,Gather,332.5806000020748,18.9170865647628,582.2688999842285,10.805069616753382
dma_hardened2,xilinx_u280_xdma_201920_3,3,2,6,768,128,Gather,344.2127000198525,18.277814850053876,572.371800012661,10.991904213067157
dma_hardened2,xilinx_u280_xdma_201920_3,3,2,6,768,128,Gather,405.5724999943777,15.512531051999867,559.482299991032,11.245138586333912
dma_hardened2,xilinx_u280_xdma_201920_3,3,2,6,768,128,Gather,360.2029000148832,17.466422396210703,542.3285000006217,11.60082127343997
dma_hardened2,xilinx_u280_xdma_201920_3,3,2,6,768,128,Gather,340.0100999897404,18.503732683793338,588.7162999897555,10.686736548842763
dma_hardened2,xilinx_u280_xdma_201920_3,3,2,6,768,128,Gather,356.4594999943438,17.64984801948,527.1079999829453,11.935800633273562
dma_hardened2,xilinx_u280_xdma_201920_3,3,2,6,768,128,Gather,359.05649999676825,17.52218940488928,592.4879999838595,10.618706201933865
dma_hardened2,xilinx_u280_xdma_201920_3,3,2,6,768,128,Gather,350.90929998204956,17.929009006948046,571.645099989837,11.00587759802691
dma_hardened2,xilinx_u280_xdma_201920_3,3,2,6,768,128,Gather,368.26680000103806,17.08396195362239,565.5389999901672,11.124707580042026
dma_hardened2,xilinx_u280_xdma_201920_3,3,2,6,768,128,Gather,332.9706000158694,18.894929461340276,537.142700000004,11.712820447899514
dma_hardened2,xilinx_u280_xdma_201920_3,3,2,6,768,128,Gather,325.9707999859529,19.300673558095138,579.1976999944382,10.862363576479007
dma_hardened2,xilinx_u280_xdma_201920_3,3,2,6,768,128,Gather,331.85669999511447,18.95835160203974,537.2611999973742,11.710237031877137
dma_hardened2,xilinx_u280_xdma_201920_3,3,2,6,768,128,Gather,364.7058000069592,17.25077034661897,587.032199996429,10.717395059484423
dma_hardened2,xilinx_u280_xdma_201920_3,3,2,6,768,128,Gather,362.5848999945447,17.35167680754124,584.1504000045461,10.770267383110646
dma_hardened2,xilinx_u280_xdma_201920_3,3,2,6,768,128,Gather,383.7965999991866,16.39268299931092,562.364699999307,11.187501633740084
dma_hardened2,xilinx_u280_xdma_201920_3,3,2,6,768,128,Gather,349.04110000297806,18.02497184413618,568.2381000042369,11.071865825176259
dma_hardened2,xilinx_u280_xdma_201920_3,3,2,6,768,128,Gather,379.4226000081835,16.58165855134698,527.9101000041919,11.917665526668351
dma_hardened2,xilinx_u280_xdma_201920_3,3,2,6,768,128,Gather,379.4565999896804,16.580172805456804,561.4812999965579,11.205103357918722
dma_hardened2,xilinx_u280_xdma_201920_3,3,2,6,768,128,Gather,352.0910999895932,17.868829970953417,605.2209000017683,10.39530525132496
dma_hardened2,xilinx_u280_xdma_201920_3,3,2,6,768,128,Gather,381.59680000262597,16.48718228233755,598.4994000073129,10.512050638518813
dma_hardened2,xilinx_u280_xdma_201920_3,3,2,6,1536,128,Gather,480.0634000048376,26.210937971678746,833.3615000083228,15.09898405418817
dma_hardened2,xilinx_u280_xdma_201920_3,3,2,6,1536,128,Gather,532.3776000068392,23.635314483250895,782.2171000043454,16.086214428104547
dma_hardened2,xilinx_u280_xdma_201920_3,3,2,6,1536,128,Gather,522.6049000157218,24.077294337694617,829.7111000047153,15.165413599900605
dma_hardened2,xilinx_u280_xdma_201920_3,3,2,6,1536,128,Gather,525.6685000176731,23.936971683821575,837.9441999977644,15.016408013843371
dma_hardened2,xilinx_u280_xdma_201920_3,3,2,6,1536,128,Gather,557.7614999992875,22.559663942412794,790.3435000116588,15.920814177398034
dma_hardened2,xilinx_u280_xdma_201920_3,3,2,6,1536,128,Gather,526.3050999928964,23.90801837217582,819.7538999866083,15.349621392719886
dma_hardened2,xilinx_u280_xdma_201920_3,3,2,6,1536,128,Gather,550.9681999910754,22.8378189525345,841.6611000029661,14.950093333237875
dma_hardened2,xilinx_u280_xdma_201920_3,3,2,6,1536,128,Gather,538.4776000028069,23.367568121560506,833.8668999840593,15.08983268221888
dma_hardened2,xilinx_u280_xdma_201920_3,3,2,6,1536,128,Gather,525.1238000028025,23.96180100755831,842.0271999966644,14.943593271155427
dma_hardened2,xilinx_u280_xdma_201920_3,3,2,6,1536,128,Gather,517.5882000003185,24.31066241462278,855.2747000067029,14.712129330963942
dma_hardened2,xilinx_u280_xdma_201920_3,3,2,6,1536,128,Gather,526.3384000045335,23.90650577630593,815.3120000088165,15.433247640000308
dma_hardened2,xilinx_u280_xdma_201920_3,3,2,6,1536,128,Gather,530.5619999944611,23.71619527996985,801.0090999960084,15.708825280590075
dma_hardened2,xilinx_u280_xdma_201920_3,3,2,6,1536,128,Gather,510.95320000058564,24.626349340772457,838.4681000052296,15.007025311900975
dma_hardened2,xilinx_u280_xdma_201920_3,3,2,6,1536,128,Gather,514.0949999940858,24.47584979458029,867.8671999859944,14.4986606248088
dma_hardened2,xilinx_u280_xdma_201920_3,3,2,6,1536,128,Gather,506.85270000485616,24.82557950244606,829.2753999967317,15.173381484666724
dma_hardened2,xilinx_u280_xdma_201920_3,3,2,6,1536,128,Gather,502.96299998535693,25.01756988161422,788.2607000055941,15.962881315674752
dma_hardened2,xilinx_u280_xdma_201920_3,3,2,6,1536,128,Gather,469.76139999515,26.785751234839456,825.4824000005101,15.243101488283973
dma_hardened2,xilinx_u280_xdma_201920_3,3,2,6,1536,128,Gather,533.6371000112194,23.579529983457764,799.8405999842362,15.731774556390352
dma_hardened2,xilinx_u280_xdma_201920_3,3,2,6,1536,128,Gather,507.1674999953757,24.810170210265305,857.6905000154511,14.670690650967128
dma_hardened2,xilinx_u280_xdma_201920_3,3,2,6,1536,128,Gather,521.6296000071452,24.12231207705169,844.4574999884935,14.900586471399038
dma_hardened2,xilinx_u280_xdma_201920_3,3,2,6,3072,128,Gather,810.9908000051291,31.030961140176732,1444.6203000034075,17.42037267504869
dma_hardened2,xilinx_u280_xdma_201920_3,3,2,6,3072,128,Gather,808.2564999995157,31.135937663371813,1436.1208000082115,17.52347295565673
dma_hardened2,xilinx_u280_xdma_201920_3,3,2,6,3072,128,Gather,764.8305999964577,32.90378810695669,1397.584200003621,18.00666035000596
dma_hardened2,xilinx_u280_xdma_201920_3,3,2,6,3072,128,Gather,784.579399987706,32.07556048552172,1408.6094999811394,17.86572076955108
dma_hardened2,xilinx_u280_xdma_201920_3,3,2,6,3072,128,Gather,786.7626000006567,31.98655350416885,1408.2766000001357,17.869944015257783
dma_hardened2,xilinx_u280_xdma_201920_3,3,2,6,3072,128,Gather,773.7156000075629,32.52593588620161,1453.8160999791216,17.31018386738282
dma_hardened2,xilinx_u280_xdma_201920_3,3,2,6,3072,128,Gather,770.2211000150783,32.67350634708312,1405.5774000098609,17.904260555002843
dma_hardened2,xilinx_u280_xdma_201920_3,3,2,6,3072,128,Gather,808.8993999990635,31.11119132988495,1420.2149000084319,17.71972959856328
dma_hardened2,xilinx_u280_xdma_201920_3,3,2,6,3072,128,Gather,803.1015999904412,31.335791138131878,1387.1962999928655,18.141501675090563
dma_hardened2,xilinx_u280_xdma_201920_3,3,2,6,3072,128,Gather,767.7605000026233,32.7782218542293,1389.1449000084322,18.116053983891273
dma_hardened2,xilinx_u280_xdma_201920_3,3,2,6,3072,128,Gather,779.7404000029928,32.274618578059325,1395.769099985955,18.030076751414853
dma_hardened2,xilinx_u280_xdma_201920_3,3,2,6,3072,128,Gather,757.094400000824,33.24000811520018,1383.15210001565,18.194545632194213
dma_hardened2,xilinx_u280_xdma_201920_3,3,2,6,3072,128,Gather,794.5157999984076,31.674416040625545,1443.7291999911395,17.431124895274298
dma_hardened2,xilinx_u280_xdma_201920_3,3,2,6,3072,128,Gather,770.5749000024298,32.65850470852431,1472.997799987752,17.084766861300984
dma_hardened2,xilinx_u280_xdma_201920_3,3,2,6,3072,128,Gather,792.0473000012862,31.773132740884456,1453.820500000802,17.31013147770727
dma_hardened2,xilinx_u280_xdma_201920_3,3,2,6,3072,128,Gather,807.5543000131802,31.16301157654571,1522.7342999878601,16.526733521534673
dma_hardened2,xilinx_u280_xdma_201920_3,3,2,6,3072,128,Gather,766.6796999956205,32.82442981096768,1452.2468999984994,17.32888808371772
dma_hardened2,xilinx_u280_xdma_201920_3,3,2,6,3072,128,Gather,779.7297000024628,32.27506147312397,1403.8686000048983,17.92605376308879
dma_hardened2,xilinx_u280_xdma_201920_3,3,2,6,3072,128,Gather,789.9369000142542,31.858018025928256,1394.676600011735,18.044200354252915
dma_hardened2,xilinx_u280_xdma_201920_3,3,2,6,3072,128,Gather,786.5459000186092,31.99536606751696,1459.251000005679,17.245713040389937
dma_hardened2,xilinx_u280_xdma_201920_3,3,2,6,6144,128,Gather,1323.3449999916047,38.03365562292472,2481.5203000116526,20.282585639038963
dma_hardened2,xilinx_u280_xdma_201920_3,3,2,6,6144,128,Gather,1303.5375000072236,38.611584246499305,2420.287199993254,20.795733663401716
dma_hardened2,xilinx_u280_xdma_201920_3,3,2,6,6144,128,Gather,1283.8923999879626,39.20238798864445,2466.5404999950624,20.4057658895529
dma_hardened2,xilinx_u280_xdma_201920_3,3,2,6,6144,128,Gather,1301.2343999889708,38.67992423227253,2497.7048999971885,20.151158769819705
dma_hardened2,xilinx_u280_xdma_201920_3,3,2,6,6144,128,Gather,1321.1803999865879,38.09596933205408,2455.0078999936886,20.501623640449136
dma_hardened2,xilinx_u280_xdma_201920_3,3,2,6,6144,128,Gather,1325.8600999961345,37.96150740198512,2490.994499999033,20.20544324767459
dma_hardened2,xilinx_u280_xdma_201920_3,3,2,6,6144,128,Gather,1336.7232000064178,37.653006994835096,2479.56799998974,20.29855523228573
dma_hardened2,xilinx_u280_xdma_201920_3,3,2,6,6144,128,Gather,1327.596100009032,37.91186792403019,2513.3829999958834,20.02545891337788
dma_hardened2,xilinx_u280_xdma_201920_3,3,2,6,6144,128,Gather,1305.9318000159692,38.540793630559065,2548.035999984677,19.75311494825924
dma_hardened2,xilinx_u280_xdma_201920_3,3,2,6,6144,128,Gather,1296.318100003191,38.82661825047117,2485.8265999910145,20.24744927911783
dma_hardened2,xilinx_u280_xdma_201920_3,3,2,6,6144,128,Gather,1346.8292999959885,37.370473006601436,2517.2293000196078,19.994860221755697
dma_hardened2,xilinx_u280_xdma_201920_3,3,2,6,6144,128,Gather,1356.913299991902,37.09275161522876,2538.036600003579,19.83093860818596
dma_hardened2,xilinx_u280_xdma_201920_3,3,2,6,6144,128,Gather,1351.1512999912156,37.2509340740206,2486.1905000079787,20.244485689989755
dma_hardened2,xilinx_u280_xdma_201920_3,3,2,6,6144,128,Gather,1300.8039999931498,38.69272234730602,2523.511399999734,19.94508445652566
dma_hardened2,xilinx_u280_xdma_201920_3,3,2,6,6144,128,Gather,1295.9906999867599,38.83642683586711,2462.499500006743,20.439252068827702
dma_hardened2,xilinx_u280_xdma_201920_3,3,2,6,6144,128,Gather,1341.2861999995584,37.524913027522814,2536.6084000097544,19.84210412604738
dma_hardened2,xilinx_u280_xdma_201920_3,3,2,6,6144,128,Gather,1299.9453000020367,38.718281453782055,2488.8760000067123,20.22264186719799
dma_hardened2,xilinx_u280_xdma_201920_3,3,2,6,6144,128,Gather,1366.1500999887721,36.841960484732724,2488.129099992875,20.22871240891163
dma_hardened2,xilinx_u280_xdma_201920_3,3,2,6,6144,128,Gather,1343.684299990855,37.457941571798195,2513.2970999948157,20.02614334775774
dma_hardened2,xilinx_u280_xdma_201920_3,3,2,6,6144,128,Gather,1289.85769999872,39.021085814388634,2481.7391999931715,20.28079662848477
dma_hardened2,xilinx_u280_xdma_201920_3,3,2,6,12288,128,Gather,2515.4784000051222,40.01755530868205,4621.135100001084,21.783240225973138
dma_hardened2,xilinx_u280_xdma_201920_3,3,2,6,12288,128,Gather,2512.862200001109,40.05921852776311,4616.581000004771,21.804728650899
dma_hardened2,xilinx_u280_xdma_201920_3,3,2,6,12288,128,Gather,2523.365999991256,39.892467442435546,4589.968000004774,21.93115420410236
dma_hardened2,xilinx_u280_xdma_201920_3,3,2,6,12288,128,Gather,2489.677199992002,40.43226808693247,4562.976299985166,22.060885128929385
dma_hardened2,xilinx_u280_xdma_201920_3,3,2,6,12288,128,Gather,2518.8788999912504,39.96353139499865,4535.074099999292,22.19661548639651
dma_hardened2,xilinx_u280_xdma_201920_3,3,2,6,12288,128,Gather,2535.613600002762,39.69977760014,4520.990399987568,22.265761944612137
dma_hardened2,xilinx_u280_xdma_201920_3,3,2,6,12288,128,Gather,2462.3947999998563,40.880242274718036,4590.084799997385,21.93059614063282
dma_hardened2,xilinx_u280_xdma_201920_3,3,2,6,12288,128,Gather,2476.0071999935462,40.65549405521211,4535.684400002538,22.19362881596076
dma_hardened2,xilinx_u280_xdma_201920_3,3,2,6,12288,128,Gather,2519.8553999871365,39.94804463800338,4599.975199994333,21.88344319772072
dma_hardened2,xilinx_u280_xdma_201920_3,3,2,6,12288,128,Gather,2501.2324000044828,40.24547898860561,4607.836000013776,21.846110842421268
dma_hardened2,xilinx_u280_xdma_201920_3,3,2,6,12288,128,Gather,2519.5930000109,39.952204978964666,4575.240600001962,22.001749153903912
dma_hardened2,xilinx_u280_xdma_201920_3,3,2,6,12288,128,Gather,2503.8657000095554,40.20315306831985,4561.991599985049,22.065646942517365
dma_hardened2,xilinx_u280_xdma_201920_3,3,2,6,12288,128,Gather,2499.5074999878852,40.273252230884644,4566.41230000514,22.044285401010914
dma_hardened2,xilinx_u280_xdma_201920_3,3,2,6,12288,128,Gather,2497.278800001368,40.309194151628105,4598.661500017442,21.889694642586367
dma_hardened2,xilinx_u280_xdma_201920_3,3,2,6,12288,128,Gather,2495.528499980537,40.3374659919873,4518.823099988367,22.276440960979226
dma_hardened2,xilinx_u280_xdma_201920_3,3,2,6,12288,128,Gather,2505.9437999971124,40.169813864188015,4590.572000006432,21.928268634030566
dma_hardened2,xilinx_u280_xdma_201920_3,3,2,6,12288,128,Gather,2516.8624000116324,39.99555001478617,4583.381499992356,21.962670137794092
dma_hardened2,xilinx_u280_xdma_201920_3,3,2,6,12288,128,Gather,2496.147000010751,40.32747109828325,4571.942499978832,22.01762073789556
dma_hardened2,xilinx_u280_xdma_201920_3,3,2,6,12288,128,Gather,2542.513499997767,39.59203992430656,4506.031999994775,22.339676238454746
dma_hardened2,xilinx_u280_xdma_201920_3,3,2,6,12288,128,Gather,2507.0831999983056,40.15155779435961,4569.91220000873,22.0274026270806
dma_hardened2,xilinx_u280_xdma_201920_3,3,2,6,24576,128,Gather,4527.770799995778,44.46483731026927,8022.81009998751,25.094273638648563
dma_hardened2,xilinx_u280_xdma_201920_3,3,2,6,24576,128,Gather,4524.644000002809,44.49556517592876,7972.088099995744,25.25393466237628
dma_hardened2,xilinx_u280_xdma_201920_3,3,2,6,24576,128,Gather,4498.014000000694,44.75899630369513,8012.236099989422,25.12739134088495
dma_hardened2,xilinx_u280_xdma_201920_3,3,2,6,24576,128,Gather,4519.043400000555,44.55071000202726,8030.889399992701,25.069028095466358
dma_hardened2,xilinx_u280_xdma_201920_3,3,2,6,24576,128,Gather,4488.9708000027895,44.849164980060664,7967.916199982028,25.26715730274047
dma_hardened2,xilinx_u280_xdma_201920_3,3,2,6,24576,128,Gather,4525.485299996035,44.48729332966265,7987.2347999980775,25.206044024153197
dma_hardened2,xilinx_u280_xdma_201920_3,3,2,6,24576,128,Gather,4523.009500007902,44.51164473557889,8014.935899996089,25.118927276773135
dma_hardened2,xilinx_u280_xdma_201920_3,3,2,6,24576,128,Gather,4484.6108999990975,44.89276695109503,8013.579099997513,25.123180227928678
dma_hardened2,xilinx_u280_xdma_201920_3,3,2,6,24576,128,Gather,4499.820999990334,44.74102236520797,8057.203299995309,24.987155530768003
dma_hardened2,xilinx_u280_xdma_201920_3,3,2,6,24576,128,Gather,4508.843000007801,44.65149751269931,7957.150999982333,25.301341145900963
dma_hardened2,xilinx_u280_xdma_201920_3,3,2,6,24576,128,Gather,4497.921100005442,44.759920755336594,8028.295400004026,25.07712807875742
dma_hardened2,xilinx_u280_xdma_201920_3,3,2,6,24576,128,Gather,4510.653700003786,44.633573178058654,7970.1173999865205,25.260178978083875
dma_hardened2,xilinx_u280_xdma_201920_3,3,2,6,24576,128,Gather,4524.552200018661,44.49646795967337,7990.153199989436,25.196837527504
dma_hardened2,xilinx_u280_xdma_201920_3,3,2,6,24576,128,Gather,4494.708700008232,44.79191098627398,7960.365000008096,25.29112572096823
dma_hardened2,xilinx_u280_xdma_201920_3,3,2,6,24576,128,Gather,4506.787900004383,44.67185864233908,7959.287699986818,25.294548907979976
dma_hardened2,xilinx_u280_xdma_201920_3,3,2,6,24576,128,Gather,4505.0199999877805,44.68938917042457,8009.496500017121,25.135986013548997
dma_hardened2,xilinx_u280_xdma_201920_3,3,2,6,24576,128,Gather,4492.9056000000855,44.80988694710082,7949.01619999564,25.327233828018922
dma_hardened2,xilinx_u280_xdma_201920_3,3,2,6,24576,128,Gather,4524.115799995343,44.50076012647758,8009.131099993284,25.137132790867767
dma_hardened2,xilinx_u280_xdma_201920_3,3,2,6,24576,128,Gather,4498.991100012972,44.74927545409448,8007.322100002056,25.142811727275003
dma_hardened2,xilinx_u280_xdma_201920_3,3,2,6,24576,128,Gather,4498.085099999116,44.758288810507295,8027.865600001859,25.078470670953106
experiment,board_instance,number of nodes,rank id,number of banks,buffer size[KB],segment_size[KB],collective name,execution_time[us],throughput[Gbps],execution_time_fullpath[us],throughput_fullpath[Gbps]
dma_hardened2,xilinx_u280_xdma_201920_3,3,2,6,1,128,Allgather,225.90539999782777,0.10878890013357943,289.5308999995905,0.08488213175186055
dma_hardened2,xilinx_u280_xdma_201920_3,3,2,6,1,128,Allgather,194.54900000255293,0.12632293149631973,278.5700000003999,0.08822199088187788
dma_hardened2,xilinx_u280_xdma_201920_3,3,2,6,1,128,Allgather,182.37859999317152,0.1347526519060907,315.3251999947315,0.0779385853094222
dma_hardened2,xilinx_u280_xdma_201920_3,3,2,6,1,128,Allgather,194.44009999460832,0.12639368114232338,303.6651999991591,0.08093123611157306
dma_hardened2,xilinx_u280_xdma_201920_3,3,2,6,1,128,Allgather,202.08240000556543,0.12161375755297427,290.2296000002025,0.08467778613891504
dma_hardened2,xilinx_u280_xdma_201920_3,3,2,6,1,128,Allgather,190.9210999883726,0.12872333126876348,322.150299984969,0.07628737269885104
dma_hardened2,xilinx_u280_xdma_201920_3,3,2,6,1,128,Allgather,187.56020001546858,0.13102993064612403,286.9196999881751,0.08565462741321998
dma_hardened2,xilinx_u280_xdma_201920_3,3,2,6,1,128,Allgather,181.16179999196902,0.1356577380059674,280.70930000012595,0.08754964655602424
dma_hardened2,xilinx_u280_xdma_201920_3,3,2,6,1,128,Allgather,191.76889998107072,0.12815425234449312,289.5043999842528,0.08488990150525097
dma_hardened2,xilinx_u280_xdma_201920_3,3,2,6,1,128,Allgather,192.66460001290397,0.1275584616912188,293.52700000799814,0.0837265396346174
dma_hardened2,xilinx_u280_xdma_201920_3,3,2,6,1,128,Allgather,198.62639999246312,0.12372977610696533,286.0781999970641,0.08590658078893189
dma_hardened2,xilinx_u280_xdma_201920_3,3,2,6,1,128,Allgather,197.27330000023358,0.12457844016382806,294.7410000160744,0.08338168086102608
dma_hardened2,xilinx_u280_xdma_201920_3,3,2,6,1,128,Allgather,189.68179999774293,0.12956435462069865,287.7512999930332,0.08540708591271357
dma_hardened2,xilinx_u280_xdma_201920_3,3,2,6,1,128,Allgather,208.5051999983989,0.11786756397532876,312.0411000054446,0.07875885580319769
dma_hardened2,xilinx_u280_xdma_201920_3,3,2,6,1,128,Allgather,194.52799999726267,0.12633656851633607,326.8447999971613,0.0751916505944517
dma_hardened2,xilinx_u280_xdma_201920_3,3,2,6,1,128,Allgather,177.9246000069179,0.13812592524611245,283.49860001526395,0.08668825877333008
dma_hardened2,xilinx_u280_xdma_201920_3,3,2,6,1,128,Allgather,197.8410999981861,0.12422090253352475,285.50550000545627,0.08607890215610674
dma_hardened2,xilinx_u280_xdma_201920_3,3,2,6,1,128,Allgather,181.23179997928673,0.13560534080006284,289.63750000912114,0.08485089119753507
dma_hardened2,xilinx_u280_xdma_201920_3,3,2,6,1,128,Allgather,203.403000000435,0.12082417663430453,322.9164000003948,0.07610638542969621
dma_hardened2,xilinx_u280_xdma_201920_3,3,2,6,1,128,Allgather,190.53900000471913,0.1289814683576135,272.56690000285744,0.09016502003633735
dma_hardened2,xilinx_u280_xdma_201920_3,3,2,6,6,128,Allgather,196.81809999383404,0.7491993876814151,301.53590000736585,0.4890163990304238
dma_hardened2,xilinx_u280_xdma_201920_3,3,2,6,6,128,Allgather,193.4309000034773,0.7623187401668978,335.93910000035976,0.4389367001335721
dma_hardened2,xilinx_u280_xdma_201920_3,3,2,6,6,128,Allgather,194.63099999939004,0.7576182622524784,271.3013999937175,0.5435135978045621
dma_hardened2,xilinx_u280_xdma_201920_3,3,2,6,6,128,Allgather,196.94939999226335,0.7486999199073083,342.498500003785,0.4305303526829181
dma_hardened2,xilinx_u280_xdma_201920_3,3,2,6,6,128,Allgather,186.29820001478947,0.7915052318717736,284.6645000090575,0.5179992587600779
dma_hardened2,xilinx_u280_xdma_201920_3,3,2,6,6,128,Allgather,197.8774000008343,0.7451886875377293,319.50229999893054,0.4615178044117165
dma_hardened2,xilinx_u280_xdma_201920_3,3,2,6,6,128,Allgather,190.84079999629466,0.7726649647395263,310.1522999941153,0.47543094151743437
dma_hardened2,xilinx_u280_xdma_201920_3,3,2,6,6,128,Allgather,179.98390001139342,0.819273279391466,329.61340000383643,0.4473604531802522
dma_hardened2,xilinx_u280_xdma_201920_3,3,2,6,6,128,Allgather,185.04119998397073,0.796881991755206,315.7766999947853,0.4669628886565572
dma_hardened2,xilinx_u280_xdma_201920_3,3,2,6,6,128,Allgather,190.0917000057234,0.7757098284436422,347.2206999958871,0.42467514178085186
dma_hardened2,xilinx_u280_xdma_201920_3,3,2,6,6,128,Allgather,187.90540000281908,0.7847352976433235,275.7729999984804,0.5347006414725609
dma_hardened2,xilinx_u280_xdma_201920_3,3,2,6,6,128,Allgather,197.6335999870571,0.7461079493044543,296.86670000046433,0.4967077816399393
dma_hardened2,xilinx_u280_xdma_201920_3,3,2,6,6,128,Allgather,195.3199999888966,0.7549457301268814,288.87620001114556,0.5104470357693393
dma_hardened2,xilinx_u280_xdma_201920_3,3,2,6,6,128,Allgather,183.90220000128465,0.8018174877677915,284.68750001593435,0.5179574094111848
dma_hardened2,xilinx_u280_xdma_201920_3,3,2,6,6,128,Allgather,200.1137999968705,0.736860726258289,321.39009999809787,0.45880691409247737
dma_hardened2,xilinx_u280_xdma_201920_3,3,2,6,6,128,Allgather,207.7713000062431,0.7097034094486064,341.5675000042029,0.4317038359861099
dma_hardened2,xilinx_u280_xdma_201920_3,3,2,6,6,128,Allgather,196.4576000091256,0.7505741696587486,318.1040000072244,0.4635465130795311
dma_hardened2,xilinx_u280_xdma_201920_3,3,2,6,6,128,Allgather,224.55449998233235,0.6566601872222629,278.2559000024776,0.5299294642043064
dma_hardened2,xilinx_u280_xdma_201920_3,3,2,6,6,128,Allgather,190.13449998510623,0.775535213291384,289.7405000112485,0.5089243650586486
dma_hardened2,xilinx_u280_xdma_201920_3,3,2,6,6,128,Allgather,190.37859999571083,0.7745408360147734,302.1503999889319,0.48802185933032516
dma_hardened2,xilinx_u280_xdma_201920_3,3,2,6,12,128,Allgather,204.84409999426134,1.4396899886707104,296.52969999460765,0.9945445599727883
dma_hardened2,xilinx_u280_xdma_201920_3,3,2,6,12,128,Allgather,198.28699998925003,1.4872987135615972,330.8842000024015,0.8912846246446932
dma_hardened2,xilinx_u280_xdma_201920_3,3,2,6,12,128,Allgather,189.16030001037143,1.5590586395973698,306.83899999530695,0.9611294522681623
dma_hardened2,xilinx_u280_xdma_201920_3,3,2,6,12,128,Allgather,203.20270000411256,1.4513192983854613,281.6896000013003,1.0469396101192188
dma_hardened2,xilinx_u280_xdma_201920_3,3,2,6,12,128,Allgather,187.42390000170417,1.5735026322540429,290.66280001188716,1.014619001770915
dma_hardened2,xilinx_u280_xdma_201920_3,3,2,6,12,128,Allgather,195.0329999999667,1.5121133346666993,315.9431999847584,0.9334336045663494
dma_hardened2,xilinx_u280_xdma_201920_3,3,2,6,12,128,Allgather,194.2426000141495,1.5182663328153416,289.3254000127854,1.0193090547424033
dma_hardened2,xilinx_u280_xdma_201920_3,3,2,6,12,128,Allgather,183.76079999598005,1.6048689383505703,293.06779999842547,1.006292741821464
dma_hardened2,xilinx_u280_xdma_201920_3,3,2,6,12,128,Allgather,185.81340000309865,1.5871406475264003,317.8784000056112,0.9277509890410742
dma_hardened2,xilinx_u280_xdma_201920_3,3,2,6,12,128,Allgather,205.80620000600902,1.4329597455829286,272.9287999954977,1.0805455488935758
dma_hardened2,xilinx_u280_xdma_201920_3,3,2,6,12,128,Allgather,180.60390000300686,1.6329215481785833,296.54910001681856,0.9944794976052003
dma_hardened2,xilinx_u280_xdma_201920_3,3,2,6,12,128,Allgather,191.69950001014513,1.5384077683269526,291.80720000567817,1.0106399019430001
dma_hardened2,xilinx_u280_xdma_201920_3,3,2,6,12,128,Allgather,199.7183999947083,1.476639107902997,280.88779999961844,1.0499281207670843
dma_hardened2,xilinx_u280_xdma_201920_3,3,2,6,12,128,Allgather,180.5965999892578,1.632987553572669,293.09470000953297,1.0062003850305308
dma_hardened2,xilinx_u280_xdma_201920_3,3,2,6,12,128,Allgather,184.98029999136634,1.5942886891942794,293.05319999366475,1.006342875649798
dma_hardened2,xilinx_u280_xdma_201920_3,3,2,6,12,128,Allgather,190.75679999787098,1.5460104174702631,297.6745000069059,0.9907197290770899
dma_hardened2,xilinx_u280_xdma_201920_3,3,2,6,12,128,Allgather,187.9772999927809,1.5688702838657957,285.4020999848217,1.0333210583092558
dma_hardened2,xilinx_u280_xdma_201920_3,3,2,6,12,128,Allgather,186.88539998947817,1.5780365936376186,310.9835000032035,0.9483204092723956
dma_hardened2,xilinx_u280_xdma_201920_3,3,2,6,12,128,Allgather,190.61230000261276,1.5471824220995056,277.27750000394735,1.0635987413179995
dma_hardened2,xilinx_u280_xdma_201920_3,3,2,6,12,128,Allgather,191.907699991134,1.5367387552121397,296.0325999993074,0.9962146060963892
dma_hardened2,xilinx_u280_xdma_201920_3,3,2,6,24,128,Allgather,194.51300001946947,3.032311464739953,311.01540000690875,1.8964462852543569
dma_hardened2,xilinx_u280_xdma_201920_3,3,2,6,24,128,Allgather,204.02239999839367,2.890976677093515,294.59320001024025,2.0021643404515017
dma_hardened2,xilinx_u280_xdma_201920_3,3,2,6,24,128,Allgather,191.44849998156133,3.0808494193310825,308.6259999918184,1.9111286800711416
dma_hardened2,xilinx_u280_xdma_201920_3,3,2,6,24,128,Allgather,195.09710000420455,3.0232330464537336,297.9537000101118,1.979582733760255
dma_hardened2,xilinx_u280_xdma_201920_3,3,2,6,24,128,Allgather,200.2458000106344,2.94549998036751,297.18870000579045,1.9846784214490922
dma_hardened2,xilinx_u280_xdma_201920_3,3,2,6,24,128,Allgather,193.95430001623026,3.0410462668300884,300.4476000114664,1.9631509786647978
dma_hardened2,xilinx_u280_xdma_201920_3,3,2,6,24,128,Allgather,192.69710001026397,3.060886749040765,290.3433000028599,2.0314710206648137
dma_hardened2,xilinx_u280_xdma_201920_3,3,2,6,24,128,Allgather,192.3300000044037,3.0667290593588885,292.75209999468643,2.0147558292859573
dma_hardened2,xilinx_u280_xdma_201920_3,3,2,6,24,128,Allgather,189.27720000192494,3.1161914905440353,294.84389999652194,2.0004619393752345
dma_hardened2,xilinx_u280_xdma_201920_3,3,2,6,24,128,Allgather,187.26040000274224,3.1497529642752156,311.1341000021639,1.8957227767573461
dma_hardened2,xilinx_u280_xdma_201920_3,3,2,6,24,128,Allgather,203.77539999572036,2.894480884406986,326.55469999554043,1.8062027587049119
dma_hardened2,xilinx_u280_xdma_201920_3,3,2,6,24,128,Allgather,190.7498000036867,3.092134303619717,298.9309999975376,1.973110851684364
dma_hardened2,xilinx_u280_xdma_201920_3,3,2,6,24,128,Allgather,197.7052000029289,2.9833509689743214,351.52180000750377,1.6779158504178384
dma_hardened2,xilinx_u280_xdma_201920_3,3,2,6,24,128,Allgather,203.338000005715,2.900707196802479,296.11909999402997,1.9918471993596205
dma_hardened2,xilinx_u280_xdma_201920_3,3,2,6,24,128,Allgather,197.96940000560426,2.9793695388444013,344.8772000183453,1.7102435300699061
dma_hardened2,xilinx_u280_xdma_201920_3,3,2,6,24,128,Allgather,183.57109997850785,3.2130547786065207,288.2860999989134,2.045967530179995
dma_hardened2,xilinx_u280_xdma_201920_3,3,2,6,24,128,Allgather,203.11359999141132,2.9039118996706317,285.7335000044259,2.0642451794797037
dma_hardened2,xilinx_u280_xdma_201920_3,3,2,6,24,128,Allgather,192.25559999540565,3.0679158371152524,320.86339999750635,1.8382401981796115
dma_hardened2,xilinx_u280_xdma_201920_3,3,2,6,24,128,Allgather,200.3699999931996,2.943674202824865,312.61539998013177,1.8867400647488453
dma_hardened2,xilinx_u280_xdma_201920_3,3,2,6,24,128,Allgather,200.49160000326083,2.9418888371902217,278.45480001360556,2.118203744274405
dma_hardened2,xilinx_u280_xdma_201920_3,3,2,6,48,128,Allgather,205.1710999921852,5.749581690817722,306.41970001852314,3.8497785877627644
dma_hardened2,xilinx_u280_xdma_201920_3,3,2,6,48,128,Allgather,192.29960000757274,6.134427736477588,293.50770000746707,4.01913816901563
dma_hardened2,xilinx_u280_xdma_201920_3,3,2,6,48,128,Allgather,205.17099999324273,5.749584493124523,285.9597999986363,4.1252231957276
dma_hardened2,xilinx_u280_xdma_201920_3,3,2,6,48,128,Allgather,204.5952000116813,5.765765765436571,350.424699990981,3.3663380464629373
dma_hardened2,xilinx_u280_xdma_201920_3,3,2,6,48,128,Allgather,188.82480001138902,6.247314970961702,315.37080001271534,3.7405111695579873
dma_hardened2,xilinx_u280_xdma_201920_3,3,2,6,48,128,Allgather,204.00390001213964,5.782477687582457,302.53339998580486,3.899232283296159
dma_hardened2,xilinx_u280_xdma_201920_3,3,2,6,48,128,Allgather,194.08389998716302,6.078031202371879,313.061499991818,3.768103072497994
dma_hardened2,xilinx_u280_xdma_201920_3,3,2,6,48,128,Allgather,188.66579998757516,6.25257995925964,312.07399999857444,3.7800265321859197
dma_hardened2,xilinx_u280_xdma_201920_3,3,2,6,48,128,Allgather,200.85109999854467,5.873246399987591,338.91749999384047,3.48063466779213
dma_hardened2,xilinx_u280_xdma_201920_3,3,2,6,48,128,Allgather,194.56889999673876,6.0628805529546215,319.6360999936587,3.6905969007361907
dma_hardened2,xilinx_u280_xdma_201920_3,3,2,6,48,128,Allgather,197.35099999707018,5.977410806215893,310.9585000174775,3.7935866037869928
dma_hardened2,xilinx_u280_xdma_201920_3,3,2,6,48,128,Allgather,204.17309999629651,5.777685699151346,319.08209998618986,3.6970046268689347
dma_hardened2,xilinx_u280_xdma_201920_3,3,2,6,48,128,Allgather,201.7392999960066,5.847388188733435,293.73980000855227,4.015962426493292
dma_hardened2,xilinx_u280_xdma_201920_3,3,2,6,48,128,Allgather,189.22350000138977,6.234151677732078,292.6532999936171,4.030872025108648
dma_hardened2,xilinx_u280_xdma_201920_3,3,2,6,48,128,Allgather,208.5804999978791,5.6556005955110615,298.04160001276614,3.9579978095321984
dma_hardened2,xilinx_u280_xdma_201920_3,3,2,6,48,128,Allgather,206.11939999071183,5.723129409716686,312.25000000176806,3.777895916711995
dma_hardened2,xilinx_u280_xdma_201920_3,3,2,6,48,128,Allgather,197.20779998806393,5.981751229268815,338.49829999326175,3.484945123870585
dma_hardened2,xilinx_u280_xdma_201920_3,3,2,6,48,128,Allgather,199.19859998935863,5.921969331426114,290.83779998018144,4.056033982104062
dma_hardened2,xilinx_u280_xdma_201920_3,3,2,6,48,128,Allgather,202.31869998497132,5.830642447226217,334.18640000490996,3.5299102536269227
dma_hardened2,xilinx_u280_xdma_201920_3,3,2,6,48,128,Allgather,196.0422999900402,6.01731361068469,319.8134999820468,3.688549733098263
dma_hardened2,xilinx_u280_xdma_201920_3,3,2,6,96,128,Allgather,224.93669998766563,10.488710824553626,361.4205000076254,6.5278422224257415
dma_hardened2,xilinx_u280_xdma_201920_3,3,2,6,96,128,Allgather,207.67109999724198,11.360733390593747,370.2017000023261,6.373001528586108
dma_hardened2,xilinx_u280_xdma_201920_3,3,2,6,96,128,Allgather,209.30020000378136,11.272306476331009,383.45619998381153,6.152713139335348
dma_hardened2,xilinx_u280_xdma_201920_3,3,2,6,96,128,Allgather,217.31060001002334,10.856792074989341,329.42049999746814,7.16195865168723
dma_hardened2,xilinx_u280_xdma_201920_3,3,2,6,96,128,Allgather,213.02579998518922,11.075165544098564,354.7911000168824,6.649817314717689
dma_hardened2,xilinx_u280_xdma_201920_3,3,2,6,96,128,Allgather,208.07830001103866,11.338500938708352,359.01490000469494,6.571582404989728
dma_hardened2,xilinx_u280_xdma_201920_3,3,2,6,96,128,Allgather,221.82370000791707,10.635905901469476,322.9357999998683,7.305774088846644
dma_hardened2,xilinx_u280_xdma_201920_3,3,2,6,96,128,Allgather,211.09570000135136,11.176428510788693,386.5348999852358,6.103707582653251
dma_hardened2,xilinx_u280_xdma_201920_3,3,2,6,96,128,Allgather,211.4840000103868,11.155907774981207,367.980200007878,6.411475399897848
dma_hardened2,xilinx_u280_xdma_201920_3,3,2,6,96,128,Allgather,218.94839999276883,10.77558000002704,335.29449999605276,7.036488818121904
dma_hardened2,xilinx_u280_xdma_201920_3,3,2,6,96,128,Allgather,222.3785999831307,10.609366189817601,355.054999999993,6.6448747377168225
dma_hardened2,xilinx_u280_xdma_201920_3,3,2,6,96,128,Allgather,200.17960000586754,11.78589626480843,347.14769999482087,6.79623111440807
dma_hardened2,xilinx_u280_xdma_201920_3,3,2,6,96,128,Allgather,219.97290000399516,10.725393900599348,327.4581999903603,7.204876836400655
dma_hardened2,xilinx_u280_xdma_201920_3,3,2,6,96,128,Allgather,205.06440000644943,11.505146675511686,325.03239999641664,7.258648676335068
dma_hardened2,xilinx_u280_xdma_201920_3,3,2,6,96,128,Allgather,212.2253000152341,11.11694034514567,334.989900011351,7.042886964413125
dma_hardened2,xilinx_u280_xdma_201920_3,3,2,6,96,128,Allgather,219.09100000812032,10.768566485672874,338.94750001763896,6.960653198141958
dma_hardened2,xilinx_u280_xdma_201920_3,3,2,6,96,128,Allgather,207.86449999832257,11.35016320737326,350.88229999473697,6.72389573379845
dma_hardened2,xilinx_u280_xdma_201920_3,3,2,6,96,128,Allgather,204.72209998843027,11.524383543024099,326.04689999971015,7.236063278019504
dma_hardened2,xilinx_u280_xdma_201920_3,3,2,6,96,128,Allgather,216.99869998883514,10.872396931969586,330.551000001833,7.137464415436399
dma_hardened2,xilinx_u280_xdma_201920_3,3,2,6,96,128,Allgather,206.0982999864791,11.447430668543989,331.2263999987408,7.122910492668969
dma_hardened2,xilinx_u280_xdma_201920_3,3,2,6,192,128,Allgather,262.87830000910617,17.94972045937815,430.9839999905307,10.948415718689496
dma_hardened2,xilinx_u280_xdma_201920_3,3,2,6,192,128,Allgather,276.2436000011803,17.081271747037174,376.9070000089414,12.519247453318883
dma_hardened2,xilinx_u280_xdma_201920_3,3,2,6,192,128,Allgather,227.01000000324711,20.78583322290871,422.1731999905387,11.176910329944553
dma_hardened2,xilinx_u280_xdma_201920_3,3,2,6,192,128,Allgather,226.22860001320078,20.8576280794058,355.96550001173455,13.255756526529817
dma_hardened2,xilinx_u280_xdma_201920_3,3,2,6,192,128,Allgather,244.5525999974052,19.294793840057583,393.912000004093,11.978797294702805
dma_hardened2,xilinx_u280_xdma_201920_3,3,2,6,192,128,Allgather,231.34559999107296,20.39629022631975,367.54239999936544,12.838224923187493
dma_hardened2,xilinx_u280_xdma_201920_3,3,2,6,192,128,Allgather,252.9287000015756,18.65581881364434,395.7771999921533,11.922344187824743
dma_hardened2,xilinx_u280_xdma_201920_3,3,2,6,192,128,Allgather,239.00569999568688,19.742591913436172,374.99029999708,12.583237486507633
dma_hardened2,xilinx_u280_xdma_201920_3,3,2,6,192,128,Allgather,227.30190000856965,20.759140155986824,390.8265000063693,12.07336759386352
dma_hardened2,xilinx_u280_xdma_201920_3,3,2,6,192,128,Allgather,243.53419998988102,19.375479912866695,369.67410001125245,12.764194191198062
dma_hardened2,xilinx_u280_xdma_201920_3,3,2,6,192,128,Allgather,233.61129999557306,20.19847498853616,371.2439000082668,12.71022096227016
dma_hardened2,xilinx_u280_xdma_201920_3,3,2,6,192,128,Allgather,245.19779999536695,19.244022581316628,386.0175999989224,12.223774252814309
dma_hardened2,xilinx_u280_xdma_201920_3,3,2,6,192,128,Allgather,258.83450000492303,18.23015092621058,432.2625999975571,10.916031134839486
dma_hardened2,xilinx_u280_xdma_201920_3,3,2,6,192,128,Allgather,267.7925000170944,17.62032917164891,360.4085999995732,13.092340193895451
dma_hardened2,xilinx_u280_xdma_201920_3,3,2,6,192,128,Allgather,251.86349998875815,18.734719402416836,380.1451999834171,12.412604447473852
dma_hardened2,xilinx_u280_xdma_201920_3,3,2,6,192,128,Allgather,246.4149000161342,19.148971915622987,402.1368000167058,11.733798050325106
dma_hardened2,xilinx_u280_xdma_201920_3,3,2,6,192,128,Allgather,280.7634999953734,16.80628714230217,406.4148999987083,11.610282989169436
dma_hardened2,xilinx_u280_xdma_201920_3,3,2,6,192,128,Allgather,236.62359999434557,19.941341438946736,443.53939999837166,10.638495700759218
dma_hardened2,xilinx_u280_xdma_201920_3,3,2,6,192,128,Allgather,262.3910000011165,17.98305582119784,391.83760000014445,12.042213406774287
dma_hardened2,xilinx_u280_xdma_201920_3,3,2,6,192,128,Allgather,241.11320001338754,19.57002768715278,370.71050001031836,12.728509173246138
dma_hardened2,xilinx_u280_xdma_201920_3,3,2,6,384,128,Allgather,306.858299995838,30.754208050191238,545.9959999825514,17.284346406020532
dma_hardened2,xilinx_u280_xdma_201920_3,3,2,6,384,128,Allgather,337.9537999990134,27.924479618301525,490.4906000092524,19.24029532843643
dma_hardened2,xilinx_u280_xdma_201920_3,3,2,6,384,128,Allgather,306.6519999947559,30.774897930427283,444.81560000804166,21.215946562641662
dma_hardened2,xilinx_u280_xdma_201920_3,3,2,6,384,128,Allgather,318.06399999823043,29.67070778224667,497.4346000153673,18.971708039023532
dma_hardened2,xilinx_u280_xdma_201920_3,3,2,6,384,128,Allgather,280.9479999996256,33.590500733276535,455.1467000055709,20.734378607786216
dma_hardened2,xilinx_u280_xdma_201920_3,3,2,6,384,128,Allgather,360.31539998475637,26.191453377788605,482.5637000067218,19.556348726330942
dma_hardened2,xilinx_u280_xdma_201920_3,3,2,6,384,128,Allgather,350.98020000532415,26.888080865692263,447.77840000733704,21.075567735838458
dma_hardened2,xilinx_u280_xdma_201920_3,3,2,6,384,128,Allgather,325.18699999855016,29.020791114165313,532.6926999941861,17.716000238229277
dma_hardened2,xilinx_u280_xdma_201920_3,3,2,6,384,128,Allgather,351.56680000909546,26.84321727693243,436.08519999907,21.64068856273986
dma_hardened2,xilinx_u280_xdma_201920_3,3,2,6,384,128,Allgather,281.0841999917102,33.574224379308134,571.3523999929748,16.517273752794313
dma_hardened2,xilinx_u280_xdma_201920_3,3,2,6,384,128,Allgather,308.690400015621,30.571679584212664,456.60870000574505,20.667989900063798
dma_hardened2,xilinx_u280_xdma_201920_3,3,2,6,384,128,Allgather,357.71790001035697,26.381637596907414,618.271200005438,15.263825971381161
dma_hardened2,xilinx_u280_xdma_201920_3,3,2,6,384,128,Allgather,340.4049999971903,27.723400067795403,473.0533999918407,19.949510985784638
dma_hardened2,xilinx_u280_xdma_201920_3,3,2,6,384,128,Allgather,292.37779999675695,32.27736168787328,497.62430001010216,18.964475809980378
dma_hardened2,xilinx_u280_xdma_201920_3,3,2,6,384,128,Allgather,298.00190000059956,31.668200773152833,522.5181000014345,18.060970519440556
dma_hardened2,xilinx_u280_xdma_201920_3,3,2,6,384,128,Allgather,343.20339998430427,27.49734996923571,548.2391999976244,17.21362500171621
dma_hardened2,xilinx_u280_xdma_201920_3,3,2,6,384,128,Allgather,334.4200000128694,28.21955624555,507.937999987007,18.579401423483578
dma_hardened2,xilinx_u280_xdma_201920_3,3,2,6,384,128,Allgather,345.9862999989127,27.2761782765088,605.080800005453,15.596568259833978
dma_hardened2,xilinx_u280_xdma_201920_3,3,2,6,384,128,Allgather,307.5263000027917,30.687404621700097,542.903399991701,17.38280511808226
dma_hardened2,xilinx_u280_xdma_201920_3,3,2,6,384,128,Allgather,354.3221999962043,26.63446998269117,490.23860001398134,19.250185521358084
dma_hardened2,xilinx_u280_xdma_201920_3,3,2,6,768,128,Allgather,493.7604000133433,38.225762939858974,746.8453999990743,25.272121914419497
dma_hardened2,xilinx_u280_xdma_201920_3,3,2,6,768,128,Allgather,487.9006000010122,38.68486326920041,707.5880000002144,26.674234158852723
dma_hardened2,xilinx_u280_xdma_201920_3,3,2,6,768,128,Allgather,475.9617999980037,39.65521602800721,715.2572999984841,26.3882214135249
dma_hardened2,xilinx_u280_xdma_201920_3,3,2,6,768,128,Allgather,502.6287000191587,37.551313721800135,733.9231000059954,25.717092158355307
dma_hardened2,xilinx_u280_xdma_201920_3,3,2,6,768,128,Allgather,478.7533999888183,39.42398738148038,749.5437999978094,25.181140848680442
dma_hardened2,xilinx_u280_xdma_201920_3,3,2,6,768,128,Allgather,492.88889999843377,38.29335170676389,749.8372999862113,25.17128449111171
dma_hardened2,xilinx_u280_xdma_201920_3,3,2,6,768,128,Allgather,503.5341999928278,37.48378561032963,770.3376000108619,24.50142379098965
dma_hardened2,xilinx_u280_xdma_201920_3,3,2,6,768,128,Allgather,476.5633999795682,39.605156419500965,756.7287000028955,24.94205386940892
dma_hardened2,xilinx_u280_xdma_201920_3,3,2,6,768,128,Allgather,527.2972000057052,35.794553811011674,724.5210000064617,26.050822543213606
dma_hardened2,xilinx_u280_xdma_201920_3,3,2,6,768,128,Allgather,478.058399994552,39.48130186649809,734.6035000182383,25.693272628746524
dma_hardened2,xilinx_u280_xdma_201920_3,3,2,6,768,128,Allgather,472.94670000610495,39.90802346174815,728.2153000005565,25.918664438917414
dma_hardened2,xilinx_u280_xdma_201920_3,3,2,6,768,128,Allgather,477.9757000051177,39.4881329737012,708.8892999945529,26.6252685717573
dma_hardened2,xilinx_u280_xdma_201920_3,3,2,6,768,128,Allgather,474.86589999152784,39.746732709880284,718.1560999924841,26.281706721139777
dma_hardened2,xilinx_u280_xdma_201920_3,3,2,6,768,128,Allgather,468.1525000023612,40.31670876456882,784.8268000088865,24.04908700847918
dma_hardened2,xilinx_u280_xdma_201920_3,3,2,6,768,128,Allgather,462.8153999874485,40.78163345582682,760.3014999858715,24.824846459398987
dma_hardened2,xilinx_u280_xdma_201920_3,3,2,6,768,128,Allgather,474.16680001788336,39.80533432388802,782.5403999959235,24.119352815648014
dma_hardened2,xilinx_u280_xdma_201920_3,3,2,6,768,128,Allgather,464.3108999971446,40.6502798019949,752.2285999812084,25.091266139670182
dma_hardened2,xilinx_u280_xdma_201920_3,3,2,6,768,128,Allgather,468.8815000008617,40.25402580388715,658.2951999916986,28.671586850759375
dma_hardened2,xilinx_u280_xdma_201920_3,3,2,6,768,128,Allgather,472.4013999975796,39.95408989070884,750.1397000169163,25.161137318254678
dma_hardened2,xilinx_u280_xdma_201920_3,3,2,6,768,128,Allgather,469.6581000189326,40.18746402806456,755.0355999910607,24.997984201305822
dma_hardened2,xilinx_u280_xdma_201920_3,3,2,6,1536,128,Allgather,702.6887999927567,53.72041791528357,1030.0023000127112,36.649176414008146
dma_hardened2,xilinx_u280_xdma_201920_3,3,2,6,1536,128,Allgather,680.7195999954274,55.45416350616843,1037.8327000125864,36.372660063170294
dma_hardened2,xilinx_u280_xdma_201920_3,3,2,6,1536,128,Allgather,669.6493000163173,56.37090339537453,1030.9690999974919,36.614808339155694
dma_hardened2,xilinx_u280_xdma_201920_3,3,2,6,1536,128,Allgather,694.7933999981615,54.33087879087494,1023.820499995054,36.87046313311988
dma_hardened2,xilinx_u280_xdma_201920_3,3,2,6,1536,128,Allgather,698.3142000080989,54.05695029481314,1022.2741000006862,36.926237297780176
dma_hardened2,xilinx_u280_xdma_201920_3,3,2,6,1536,128,Allgather,672.1645999959946,56.159958439086104,1077.7099000051749,35.026806378802625
dma_hardened2,xilinx_u280_xdma_201920_3,3,2,6,1536,128,Allgather,691.7768999983309,54.567789124052965,1081.314700013536,34.91003682787949
dma_hardened2,xilinx_u280_xdma_201920_3,3,2,6,1536,128,Allgather,669.7407000046951,56.36321041820419,1046.6795999946044,36.0652256910277
dma_hardened2,xilinx_u280_xdma_201920_3,3,2,6,1536,128,Allgather,676.5693000033934,55.79433769727752,1015.4696999961743,37.17367047007135
dma_hardened2,xilinx_u280_xdma_201920_3,3,2,6,1536,128,Allgather,671.420899993791,56.22216407077749,1042.5868999845989,36.2068006039186
dma_hardened2,xilinx_u280_xdma_201920_3,3,2,6,1536,128,Allgather,667.4517999954332,56.556497413383674,1005.9095999849887,37.52696663851635
dma_hardened2,xilinx_u280_xdma_201920_3,3,2,6,1536,128,Allgather,683.5689999888928,55.22300748075669,1031.9429999981367,36.58025297915501
dma_hardened2,xilinx_u280_xdma_201920_3,3,2,6,1536,128,Allgather,683.2265999946685,55.25068257045989,1054.949299987129,35.78251201309917
dma_hardened2,xilinx_u280_xdma_201920_3,3,2,6,1536,128,Allgather,665.2579000046899,56.74301049222247,1015.5959000030634,37.16905119436395
dma_hardened2,xilinx_u280_xdma_201920_3,3,2,6,1536,128,Allgather,691.587400001481,54.58274109667002,1028.7748999871837,36.692901431081054
dma_hardened2,xilinx_u280_xdma_201920_3,3,2,6,1536,128,Allgather,702.5853999948595,53.728323987768874,1049.3091999933313,35.97484516502848
dma_hardened2,xilinx_u280_xdma_201920_3,3,2,6,1536,128,Allgather,646.7380999993111,58.36788647528297,992.4081999997726,38.03750916206522
dma_hardened2,xilinx_u280_xdma_201920_3,3,2,6,1536,128,Allgather,684.0435000185607,55.18470097146706,1012.313000001086,37.289589287067834
dma_hardened2,xilinx_u280_xdma_201920_3,3,2,6,1536,128,Allgather,684.1721000000689,55.17432821361204,1050.6534000114698,35.92881915157549
dma_hardened2,xilinx_u280_xdma_201920_3,3,2,6,1536,128,Allgather,675.8851000085997,55.85081842981847,1059.0608999791584,35.643593301143376
dma_hardened2,xilinx_u280_xdma_201920_3,3,2,6,3072,128,Allgather,1059.5738000120036,71.25267914244832,1716.7104999998628,43.97798696985079
dma_hardened2,xilinx_u280_xdma_201920_3,3,2,6,3072,128,Allgather,1107.4420000113605,68.17284516861878,1718.2496000032188,43.93859425304599
dma_hardened2,xilinx_u280_xdma_201920_3,3,2,6,3072,128,Allgather,1037.1401999918817,72.7938922824426,1716.2587000029816,43.989564044085455
dma_hardened2,xilinx_u280_xdma_201920_3,3,2,6,3072,128,Allgather,1071.1740000033387,70.48105349809151,1756.814200007284,42.97407887509503
dma_hardened2,xilinx_u280_xdma_201920_3,3,2,6,3072,128,Allgather,1078.4021000063149,70.00864705248432,1701.6073000149845,44.368328696835725
dma_hardened2,xilinx_u280_xdma_201920_3,3,2,6,3072,128,Allgather,1042.234700003064,72.43807176999388,1710.838999997577,44.128916864828845
dma_hardened2,xilinx_u280_xdma_201920_3,3,2,6,3072,128,Allgather,1038.3415999967838,72.70966703080552,1726.0728000110248,43.73944830109007
dma_hardened2,xilinx_u280_xdma_201920_3,3,2,6,3072,128,Allgather,1048.9144999837663,71.97676455151344,1706.8352000023879,44.23243204727344
dma_hardened2,xilinx_u280_xdma_201920_3,3,2,6,3072,128,Allgather,1068.9049999882627,70.63066596267116,1744.9500000111584,43.266266654928344
dma_hardened2,xilinx_u280_xdma_201920_3,3,2,6,3072,128,Allgather,1040.546300009737,72.55561045125386,1721.5024000051926,43.8555717376707
dma_hardened2,xilinx_u280_xdma_201920_3,3,2,6,3072,128,Allgather,1022.0263999826784,73.87037360412563,1711.004399999183,44.12465099448958
dma_hardened2,xilinx_u280_xdma_201920_3,3,2,6,3072,128,Allgather,1034.6433999984583,72.96955840061658,1751.3310999902387,43.10862292140007
dma_hardened2,xilinx_u280_xdma_201920_3,3,2,6,3072,128,Allgather,1039.1430000026958,72.65359243126706,1750.2304999879925,43.135730979729786
dma_hardened2,xilinx_u280_xdma_201920_3,3,2,6,3072,128,Allgather,1048.399100000097,72.01214880859114,1720.5278000119506,43.8804139052421
dma_hardened2,xilinx_u280_xdma_201920_3,3,2,6,3072,128,Allgather,1074.354599995786,70.27239609743016,1729.7536000114633,43.646373679753964
dma_hardened2,xilinx_u280_xdma_201920_3,3,2,6,3072,128,Allgather,1065.613800005849,70.8488122053089,1717.3734000152763,43.961011623522545
dma_hardened2,xilinx_u280_xdma_201920_3,3,2,6,3072,128,Allgather,1083.0509000015809,69.70814760404133,1736.3549999799943,43.48043574088816
dma_hardened2,xilinx_u280_xdma_201920_3,3,2,6,3072,128,Allgather,1060.1926999925126,71.21108455145294,1736.5423999990526,43.47574352347584
dma_hardened2,xilinx_u280_xdma_201920_3,3,2,6,3072,128,Allgather,1027.2963000033997,73.49142793539717,1729.2858000018896,43.65818073560629
dma_hardened2,xilinx_u280_xdma_201920_3,3,2,6,3072,128,Allgather,1059.6071999998458,71.25043317939986,1693.9080999918588,44.56999290596866
dma_hardened2,xilinx_u280_xdma_201920_3,3,2,6,6144,128,Allgather,2058.662199988248,73.34614877606532,3176.851600005648,47.52974422844666
dma_hardened2,xilinx_u280_xdma_201920_3,3,2,6,6144,128,Allgather,2079.266500004451,72.61933186519227,3249.9169000175243,46.46117074537685
dma_hardened2,xilinx_u280_xdma_201920_3,3,2,6,6144,128,Allgather,2072.6597000020774,72.85081289506843,3194.5343999950637,47.26665144073368
dma_hardened2,xilinx_u280_xdma_201920_3,3,2,6,6144,128,Allgather,2093.849900006717,72.113547393973,3208.684199989875,47.0582128339325
dma_hardened2,xilinx_u280_xdma_201920_3,3,2,6,6144,128,Allgather,2053.4391999945,73.53270746969496,3151.5578999915306,47.91120734301146
dma_hardened2,xilinx_u280_xdma_201920_3,3,2,6,6144,128,Allgather,2046.486700010064,73.78251908466224,3179.436599998553,47.49110078183938
dma_hardened2,xilinx_u280_xdma_201920_3,3,2,6,6144,128,Allgather,2095.4403000132515,72.05881455990185,3229.2559000097754,46.75843249200006
dma_hardened2,xilinx_u280_xdma_201920_3,3,2,6,6144,128,Allgather,2075.404300012451,72.75447198364874,3198.7780999997995,47.20394453119754
dma_hardened2,xilinx_u280_xdma_201920_3,3,2,6,6144,128,Allgather,2076.1100999834525,72.72973817776017,3211.21019999282,47.02119593427351
dma_hardened2,xilinx_u280_xdma_201920_3,3,2,6,6144,128,Allgather,2067.520599985073,73.03189337077953,3179.6494000218445,47.487922410238895
dma_hardened2,xilinx_u280_xdma_201920_3,3,2,6,6144,128,Allgather,2120.1277000045593,71.21974020700512,3194.2543000013757,47.27079619175435
dma_hardened2,xilinx_u280_xdma_201920_3,3,2,6,6144,128,Allgather,2072.817099997337,72.84528094649257,3199.7843999988618,47.18909936558654
dma_hardened2,xilinx_u280_xdma_201920_3,3,2,6,6144,128,Allgather,2098.1049999818424,71.96729620362505,3180.195899994942,47.47976186002886
dma_hardened2,xilinx_u280_xdma_201920_3,3,2,6,6144,128,Allgather,2053.2017999812524,73.54120963724985,3191.2667999904443,47.31504868237658
dma_hardened2,xilinx_u280_xdma_201920_3,3,2,6,6144,128,Allgather,2076.7941000030987,72.70578436243377,3228.0655000022307,46.77567540060623
dma_hardened2,xilinx_u280_xdma_201920_3,3,2,6,6144,128,Allgather,2074.2009000059625,72.79668232694623,3227.208800012704,46.78809254591943
dma_hardened2,xilinx_u280_xdma_201920_3,3,2,6,6144,128,Allgather,2095.9627999900476,72.04085110705064,3200.9341000048153,47.17215015447299
dma_hardened2,xilinx_u280_xdma_201920_3,3,2,6,6144,128,Allgather,2090.521000013723,72.22837943221273,3198.4770999997636,47.20838676631799
dma_hardened2,xilinx_u280_xdma_201920_3,3,2,6,6144,128,Allgather,2094.8730000100113,72.07832837564779,3223.204099981558,46.84622484839354
dma_hardened2,xilinx_u280_xdma_201920_3,3,2,6,6144,128,Allgather,2117.381900006876,71.31209726479179,3215.04979999645,46.96504047936263
dma_hardened2,xilinx_u280_xdma_201920_3,3,2,6,12288,128,Allgather,3610.3083000170955,83.64656503118307,5608.3919000002425,53.8460744870534
dma_hardened2,xilinx_u280_xdma_201920_3,3,2,6,12288,128,Allgather,3602.1285000060743,83.8365116623382,5620.797599999605,53.72723045569569
dma_hardened2,xilinx_u280_xdma_201920_3,3,2,6,12288,128,Allgather,3610.474900006011,83.64270528497434,5608.027400012361,53.849574272646095
dma_hardened2,xilinx_u280_xdma_201920_3,3,2,6,12288,128,Allgather,3608.216199995695,83.69506461402183,5604.652800002441,53.88199747179138
dma_hardened2,xilinx_u280_xdma_201920_3,3,2,6,12288,128,Allgather,3608.972300003188,83.67753002696452,5618.994400015254,53.74447214241399
dma_hardened2,xilinx_u280_xdma_201920_3,3,2,6,12288,128,Allgather,3660.8122999950865,82.49258996436538,5674.462699994365,53.21911588216095
dma_hardened2,xilinx_u280_xdma_201920_3,3,2,6,12288,128,Allgather,3625.533799981895,83.2952896485224,5585.845899986452,54.06341195354717
dma_hardened2,xilinx_u280_xdma_201920_3,3,2,6,12288,128,Allgather,3592.459499986944,84.06215518952892,5658.642299999883,53.36790558399605
dma_hardened2,xilinx_u280_xdma_201920_3,3,2,6,12288,128,Allgather,3623.5933999932968,83.33989348820391,5627.174999995077,53.66634021516377
dma_hardened2,xilinx_u280_xdma_201920_3,3,2,6,12288,128,Allgather,3595.3822000010405,83.99382074036875,5605.692799986173,53.87200097742511
dma_hardened2,xilinx_u280_xdma_201920_3,3,2,6,12288,128,Allgather,3607.0100999950228,83.7230502904377,5599.980099987079,53.926957347705006
dma_hardened2,xilinx_u280_xdma_201920_3,3,2,6,12288,128,Allgather,3615.4681999960303,83.52718688006482,5576.161199996932,54.157309512530986
dma_hardened2,xilinx_u280_xdma_201920_3,3,2,6,12288,128,Allgather,3602.0310000139943,83.83878095408582,5522.453699995822,54.68400540872412
dma_hardened2,xilinx_u280_xdma_201920_3,3,2,6,12288,128,Allgather,3600.7326999879297,83.86901032698492,5558.753000013894,54.3269125286274
dma_hardened2,xilinx_u280_xdma_201920_3,3,2,6,12288,128,Allgather,3658.762999998544,82.5387946691601,5609.642900003564,53.834066335988716
dma_hardened2,xilinx_u280_xdma_201920_3,3,2,6,12288,128,Allgather,3611.0992999965674,83.62824251337732,5644.951699991907,53.49733780723632
dma_hardened2,xilinx_u280_xdma_201920_3,3,2,6,12288,128,Allgather,3607.9146000020046,83.70206101880355,5637.303799994697,53.569915462119326
dma_hardened2,xilinx_u280_xdma_201920_3,3,2,6,12288,128,Allgather,3583.9509999959773,84.26172344441622,5614.839699978802,53.784240358836975
dma_hardened2,xilinx_u280_xdma_201920_3,3,2,6,12288,128,Allgather,3613.757799985251,83.56672049278801,5614.3202999919595,53.78921612299756
dma_hardened2,xilinx_u280_xdma_201920_3,3,2,6,12288,128,Allgather,3589.743299994552,84.12576130456412,5600.595000009889,53.92103660405132
experiment,board_instance,number of nodes,rank id,number of banks,buffer size[KB],segment_size[KB],collective name,execution_time[us],throughput[Gbps],execution_time_fullpath[us],throughput_fullpath[Gbps]
dma_hardened2,xilinx_u280_xdma_201920_3,3,2,6,1,256,Send/recv,165.63689999884446,0.049457578595452766,275.6225999974049,0.0297218007524678
dma_hardened2,xilinx_u280_xdma_201920_3,3,2,6,1,256,Send/recv,183.04650000118272,0.04475365549162136,306.7764000036277,0.026703488273228083
dma_hardened2,xilinx_u280_xdma_201920_3,3,2,6,1,256,Send/recv,179.20020000019576,0.04571423469388455,274.4340999981887,0.02985051784765111
dma_hardened2,xilinx_u280_xdma_201920_3,3,2,6,1,256,Send/recv,184.89490000206388,0.04430625182148646,280.63459999998486,0.029190983577935304
dma_hardened2,xilinx_u280_xdma_201920_3,3,2,6,1,256,Send/recv,156.63190000054783,0.05230096806570915,287.8094999971381,0.02846327171299578
dma_hardened2,xilinx_u280_xdma_201920_3,3,2,6,1,256,Send/recv,221.62590000220916,0.036963188868802524,336.5316999975221,0.024342431931554498
dma_hardened2,xilinx_u280_xdma_201920_3,3,2,6,1,256,Send/recv,158.93469999923582,0.05154318094185467,277.8390000003128,0.029484701571740386
dma_hardened2,xilinx_u280_xdma_201920_3,3,2,6,1,256,Send/recv,227.62209999882543,0.03598947553880872,327.61379999897144,0.0250050516798307
dma_hardened2,xilinx_u280_xdma_201920_3,3,2,6,1,256,Send/recv,195.49950000055105,0.04190292046770917,258.064799999147,0.03174396508174333
dma_hardened2,xilinx_u280_xdma_201920_3,3,2,6,1,256,Send/recv,168.53060000130426,0.04860838328432108,261.5296000044509,0.0313234142516204
dma_hardened2,xilinx_u280_xdma_201920_3,3,2,6,1,256,Send/recv,176.11069999929896,0.046516196914966605,251.7887999999857,0.03253520410757136
dma_hardened2,xilinx_u280_xdma_201920_3,3,2,6,1,256,Send/recv,168.7387000004037,0.048548436132199675,286.53570000187756,0.02858980573780622
dma_hardened2,xilinx_u280_xdma_201920_3,3,2,6,1,256,Send/recv,215.03789999997025,0.03809561012268597,297.4004000009245,0.02754535636123736
dma_hardened2,xilinx_u280_xdma_201920_3,3,2,6,1,256,Send/recv,163.17270000172357,0.05020447660615697,257.59070000503925,0.03180239038070761
dma_hardened2,xilinx_u280_xdma_201920_3,3,2,6,1,256,Send/recv,170.5292999986341,0.048038665496578106,260.37620000352035,0.03146216896893511
dma_hardened2,xilinx_u280_xdma_201920_3,3,2,6,1,256,Send/recv,176.45840000000135,0.046424539721543076,226.8465000042852,0.03611252542950961
dma_hardened2,xilinx_u280_xdma_201920_3,3,2,6,1,256,Send/recv,177.60020000423538,0.04612607418124889,289.4781999998486,0.028299194896210782
dma_hardened2,xilinx_u280_xdma_201920_3,3,2,6,1,256,Send/recv,187.44230000038442,0.04370411587983715,260.2321999972901,0.0314795786228042
dma_hardened2,xilinx_u280_xdma_201920_3,3,2,6,1,256,Send/recv,181.79299999587784,0.04506224112141696,266.17930000156775,0.03077624743904485
dma_hardened2,xilinx_u280_xdma_201920_3,3,2,6,1,256,Send/recv,176.61900000121022,0.04638232579701995,248.98900000493998,0.03290105185304359
dma_hardened2,xilinx_u280_xdma_201920_3,3,2,6,6,256,Send/recv,169.00069999792322,0.290839032031252,253.8843000024826,0.1935999981074819
dma_hardened2,xilinx_u280_xdma_201920_3,3,2,6,6,256,Send/recv,174.3126000008033,0.2819761738381132,268.03160000099524,0.183381362495383
dma_hardened2,xilinx_u280_xdma_201920_3,3,2,6,6,256,Send/recv,167.6744000008057,0.2931395609572113,276.54400000187707,0.1777366350369792
dma_hardened2,xilinx_u280_xdma_201920_3,3,2,6,6,256,Send/recv,180.35129999702804,0.2725347696457412,262.3556000003191,0.1873487739539016
dma_hardened2,xilinx_u280_xdma_201920_3,3,2,6,6,256,Send/recv,156.25580000460104,0.31456112348183357,244.82289999809836,0.20076553296436642
dma_hardened2,xilinx_u280_xdma_201920_3,3,2,6,6,256,Send/recv,187.18869999929666,0.26257995274386053,274.6563000016522,0.17895821067896248
dma_hardened2,xilinx_u280_xdma_201920_3,3,2,6,6,256,Send/recv,181.03730000120777,0.2715020606232643,248.07359999954312,0.19813474710767498
dma_hardened2,xilinx_u280_xdma_201920_3,3,2,6,6,256,Send/recv,176.61850000081358,0.2782947426219427,256.76449999991746,0.19142833218772767
dma_hardened2,xilinx_u280_xdma_201920_3,3,2,6,6,256,Send/recv,177.42449999786913,0.27703051157303704,247.64599999684836,0.19847685809835625
dma_hardened2,xilinx_u280_xdma_201920_3,3,2,6,6,256,Send/recv,172.80649999520392,0.2844337452663191,248.57610000026395,0.19773421499471514
dma_hardened2,xilinx_u280_xdma_201920_3,3,2,6,6,256,Send/recv,168.52250000169988,0.2916643178181204,260.06659999779913,0.18899774134939265
dma_hardened2,xilinx_u280_xdma_201920_3,3,2,6,6,256,Send/recv,180.33110000033048,0.2725652979431164,285.6993000023067,0.17204102355029624
dma_hardened2,xilinx_u280_xdma_201920_3,3,2,6,6,256,Send/recv,184.12690000104703,0.2669463288618909,254.54379999700905,0.19309839799899878
dma_hardened2,xilinx_u280_xdma_201920_3,3,2,6,6,256,Send/recv,182.19579999936286,0.2697757028437093,289.8867999988397,0.16955584041838653
dma_hardened2,xilinx_u280_xdma_201920_3,3,2,6,6,256,Send/recv,182.7299000012772,0.2689871772471634,269.86369999804083,0.18213638959354977
dma_hardened2,xilinx_u280_xdma_201920_3,3,2,6,6,256,Send/recv,180.64449999997123,0.2720924246240977,260.8467000015935,0.18843251610888592
dma_hardened2,xilinx_u280_xdma_201920_3,3,2,6,6,256,Send/recv,170.2831999978116,0.288648557230729,284.63670000178354,0.17268328363732438
dma_hardened2,xilinx_u280_xdma_201920_3,3,2,6,6,256,Send/recv,171.9868000009228,0.285789374531861,253.23379999804274,0.1940973124455736
dma_hardened2,xilinx_u280_xdma_201920_3,3,2,6,6,256,Send/recv,179.01940000228933,0.2745624217228492,278.67139999671053,0.1763797791972201
dma_hardened2,xilinx_u280_xdma_201920_3,3,2,6,6,256,Send/recv,169.11409999806892,0.2906440089889681,249.8675000026651,0.196712257494375
dma_hardened2,xilinx_u280_xdma_201920_3,3,2,6,12,256,Send/recv,184.57580000017515,0.5325941970719169,258.0386999966322,0.3809661109022911
dma_hardened2,xilinx_u280_xdma_201920_3,3,2,6,12,256,Send/recv,191.48540000060166,0.5133759545098014,263.59569999954147,0.37293476335225123
dma_hardened2,xilinx_u280_xdma_201920_3,3,2,6,12,256,Send/recv,174.71549999754643,0.5626518540219987,242.49749999967207,0.40538149877888613
dma_hardened2,xilinx_u280_xdma_201920_3,3,2,6,12,256,Send/recv,180.73179999760214,0.5439219882793414,289.3405999998322,0.3397518357259818
dma_hardened2,xilinx_u280_xdma_201920_3,3,2,6,12,256,Send/recv,185.6125999950109,0.5296192176751058,249.9764000049254,0.39325312308707167
dma_hardened2,xilinx_u280_xdma_201920_3,3,2,6,12,256,Send/recv,175.18770000037875,0.5611352851814794,282.78970000314985,0.34762227902538545
dma_hardened2,xilinx_u280_xdma_201920_3,3,2,6,12,256,Send/recv,180.70620000116833,0.5439990437481638,294.3375000029391,0.33398394699628275
dma_hardened2,xilinx_u280_xdma_201920_3,3,2,6,12,256,Send/recv,180.59020000009696,0.5443484751661343,273.88479999785886,0.3589246281676402
dma_hardened2,xilinx_u280_xdma_201920_3,3,2,6,12,256,Send/recv,172.1201000009387,0.5711360846261644,257.0216000037817,0.3824736909215163
dma_hardened2,xilinx_u280_xdma_201920_3,3,2,6,12,256,Send/recv,197.06960000007712,0.4988288401659187,255.12300000514188,0.38532002209921773
dma_hardened2,xilinx_u280_xdma_201920_3,3,2,6,12,256,Send/recv,192.8617000032773,0.5097124001205503,273.6938999987615,0.35917497613372035
dma_hardened2,xilinx_u280_xdma_201920_3,3,2,6,12,256,Send/recv,177.23920000207727,0.55464028273005,270.64509999945585,0.3632210596097903
dma_hardened2,xilinx_u280_xdma_201920_3,3,2,6,12,256,Send/recv,168.3576000004905,0.5838999843173911,248.5834000026443,0.3954568165008375
dma_hardened2,xilinx_u280_xdma_201920_3,3,2,6,12,256,Send/recv,184.28519999815762,0.5334340467980216,260.2373999991414,0.377747395264187
dma_hardened2,xilinx_u280_xdma_201920_3,3,2,6,12,256,Send/recv,165.5569000035939,0.593777728369316,258.09630000139805,0.38088108973072266
dma_hardened2,xilinx_u280_xdma_201920_3,3,2,6,12,256,Send/recv,183.13159999934214,0.536794305299321,256.56119999553084,0.3831600413535344
dma_hardened2,xilinx_u280_xdma_201920_3,3,2,6,12,256,Send/recv,162.47799999860035,0.6050296040131392,268.25930000313747,0.36645141472765447
dma_hardened2,xilinx_u280_xdma_201920_3,3,2,6,12,256,Send/recv,179.19960000085666,0.5485726530613353,267.9335000038918,0.3668970098870507
dma_hardened2,xilinx_u280_xdma_201920_3,3,2,6,12,256,Send/recv,181.52279999981147,0.5415518050630671,254.32400000227065,0.3865305673043925
dma_hardened2,xilinx_u280_xdma_201920_3,3,2,6,12,256,Send/recv,185.57910000254196,0.5297148224053974,271.8209999954979,0.3616497621656464
dma_hardened2,xilinx_u280_xdma_201920_3,3,2,6,24,256,Send/recv,181.3977999972849,1.0838499695307373,240.04910000030577,0.8190324396123525
dma_hardened2,xilinx_u280_xdma_201920_3,3,2,6,24,256,Send/recv,184.2866000004051,1.0668599887325927,299.7903999983009,0.6558181983182726
dma_hardened2,xilinx_u280_xdma_201920_3,3,2,6,24,256,Send/recv,179.66629999932593,1.0942953686959525,248.18580000101065,0.792180696877901
dma_hardened2,xilinx_u280_xdma_201920_3,3,2,6,24,256,Send/recv,178.4196000016891,1.1019417149132646,279.4868000023598,0.703460771665567
dma_hardened2,xilinx_u280_xdma_201920_3,3,2,6,24,256,Send/recv,183.1768999977612,1.0733231100777605,306.6465000017615,0.641155206398477
dma_hardened2,xilinx_u280_xdma_201920_3,3,2,6,24,256,Send/recv,184.97609999599263,1.062883258995402,307.865099995297,0.6386173684610676
dma_hardened2,xilinx_u280_xdma_201920_3,3,2,6,24,256,Send/recv,179.3019999979606,1.0965187226145623,293.6860000033903,0.6694496843490338
dma_hardened2,xilinx_u280_xdma_201920_3,3,2,6,24,256,Send/recv,180.62659999600328,1.0884775553786117,246.8817000021772,0.7963652226887054
dma_hardened2,xilinx_u280_xdma_201920_3,3,2,6,24,256,Send/recv,183.72940000404014,1.070095477346993,269.49880000302073,0.729532005329138
dma_hardened2,xilinx_u280_xdma_201920_3,3,2,6,24,256,Send/recv,184.34120000279108,1.0665439955746365,257.0955999999569,0.7647272065334177
dma_hardened2,xilinx_u280_xdma_201920_3,3,2,6,24,256,Send/recv,194.53840000096534,1.0106385166066154,278.10619999968367,0.7069529553825972
dma_hardened2,xilinx_u280_xdma_201920_3,3,2,6,24,256,Send/recv,171.3403999985985,1.1474701821730788,292.6339999987704,0.6718563119829758
dma_hardened2,xilinx_u280_xdma_201920_3,3,2,6,24,256,Send/recv,175.63179999910972,1.1194328134255678,268.65780000093764,0.7318157150073953
dma_hardened2,xilinx_u280_xdma_201920_3,3,2,6,24,256,Send/recv,166.13860000234126,1.183397476548071,282.83120000196504,0.6951425443820697
dma_hardened2,xilinx_u280_xdma_201920_3,3,2,6,24,256,Send/recv,176.06580000233407,1.1166734254886164,271.3875000040389,0.7244548846099175
dma_hardened2,xilinx_u280_xdma_201920_3,3,2,6,24,256,Send/recv,163.2919000030597,1.2040278788863135,283.09580000041024,0.6944928183311624
dma_hardened2,xilinx_u280_xdma_201920_3,3,2,6,24,256,Send/recv,197.1374999982345,0.9973140574561449,343.527699999413,0.5723206600234448
dma_hardened2,xilinx_u280_xdma_201920_3,3,2,6,24,256,Send/recv,179.00660000123025,1.0983282180581542,269.9146999987079,0.728407900721751
dma_hardened2,xilinx_u280_xdma_201920_3,3,2,6,24,256,Send/recv,185.8945999970274,1.0576315826449176,259.989799997129,0.7562142822609621
dma_hardened2,xilinx_u280_xdma_201920_3,3,2,6,24,256,Send/recv,186.9392000003245,1.0517216292765708,251.53930000101357,0.7816194129474312
dma_hardened2,xilinx_u280_xdma_201920_3,3,2,6,48,256,Send/recv,180.99110000093788,2.1725709164592204,289.366199996266,1.3588871126105055
dma_hardened2,xilinx_u280_xdma_201920_3,3,2,6,48,256,Send/recv,190.3296000023147,2.065973973544934,293.0429999992157,1.341837204782412
dma_hardened2,xilinx_u280_xdma_201920_3,3,2,6,48,256,Send/recv,180.74179999985063,2.175567577618044,311.99299999684627,1.2603359690889693
dma_hardened2,xilinx_u280_xdma_201920_3,3,2,6,48,256,Send/recv,184.124000003294,2.1356042666516335,317.3201999970843,1.2391773357120446
dma_hardened2,xilinx_u280_xdma_201920_3,3,2,6,48,256,Send/recv,185.75729999952273,2.1168266334674883,347.38489999881494,1.1319317563928122
dma_hardened2,xilinx_u280_xdma_201920_3,3,2,6,48,256,Send/recv,173.96279999957187,2.2603453152108823,309.76749999922504,1.2693907527451516
dma_hardened2,xilinx_u280_xdma_201920_3,3,2,6,48,256,Send/recv,187.02739999980622,2.1024512985819586,293.53049999940595,1.3396086607722053
dma_hardened2,xilinx_u280_xdma_201920_3,3,2,6,48,256,Send/recv,184.85269999928278,2.127185591563043,265.8311000004687,1.4791948722301742
dma_hardened2,xilinx_u280_xdma_201920_3,3,2,6,48,256,Send/recv,185.35110000357236,2.1214656939852063,291.87709999973777,1.3471971593535543
dma_hardened2,xilinx_u280_xdma_201920_3,3,2,6,48,256,Send/recv,203.65990000072998,1.9307482719896778,272.40940000297087,1.4434744175337253
dma_hardened2,xilinx_u280_xdma_201920_3,3,2,6,48,256,Send/recv,192.43460000097912,2.043374736133727,284.62139999874125,1.381540530690029
dma_hardened2,xilinx_u280_xdma_201920_3,3,2,6,48,256,Send/recv,194.30279999710365,2.0237279133695525,280.11829999741167,1.403749772876793
dma_hardened2,xilinx_u280_xdma_201920_3,3,2,6,48,256,Send/recv,178.38470000128837,2.204314607683058,284.7178999957123,1.38107228244491
dma_hardened2,xilinx_u280_xdma_201920_3,3,2,6,48,256,Send/recv,179.80939999802104,2.1868489634264265,302.0530000014787,1.3018112715254442
dma_hardened2,xilinx_u280_xdma_201920_3,3,2,6,48,256,Send/recv,165.92089999676318,2.369900356179788,278.9155999948889,1.4098028220981749
dma_hardened2,xilinx_u280_xdma_201920_3,3,2,6,48,256,Send/recv,187.11040000312096,2.1015186755703654,276.6400999973939,1.421399139183742
dma_hardened2,xilinx_u280_xdma_201920_3,3,2,6,48,256,Send/recv,165.4579999978978,2.3765305999407462,275.80349999993814,1.4257106962025072
dma_hardened2,xilinx_u280_xdma_201920_3,3,2,6,48,256,Send/recv,182.42020000229786,2.1555507558650127,277.01799999704235,1.4194601073006023
dma_hardened2,xilinx_u280_xdma_201920_3,3,2,6,48,256,Send/recv,184.5218000028126,2.1310002395056107,277.48809999934565,1.4170553620170638
dma_hardened2,xilinx_u280_xdma_201920_3,3,2,6,48,256,Send/recv,181.61110000392,2.1651540021040154,264.58419999926264,1.4861658405947742
dma_hardened2,xilinx_u280_xdma_201920_3,3,2,6,96,256,Send/recv,186.83339999938653,4.2092687924246,304.49079999925743,2.582777542053546
dma_hardened2,xilinx_u280_xdma_201920_3,3,2,6,96,256,Send/recv,206.65659999963282,3.8055014937892007,298.63369999816314,2.633433534141784
dma_hardened2,xilinx_u280_xdma_201920_3,3,2,6,96,256,Send/recv,196.49050000225543,4.002391973102887,319.5294000022386,2.4612195309554936
dma_hardened2,xilinx_u280_xdma_201920_3,3,2,6,96,256,Send/recv,192.93550000156756,4.076139435166729,316.42840000358774,2.48533949541534
dma_hardened2,xilinx_u280_xdma_201920_3,3,2,6,96,256,Send/recv,203.22120000173527,3.869832478074555,313.62139999941974,2.50758398502607
dma_hardened2,xilinx_u280_xdma_201920_3,3,2,6,96,256,Send/recv,186.8202000025576,4.209566203168788,304.5407999991312,2.582353497469776
dma_hardened2,xilinx_u280_xdma_201920_3,3,2,6,96,256,Send/recv,191.61199999757628,4.1042940943675115,347.00290000273526,2.2663556990267253
dma_hardened2,xilinx_u280_xdma_201920_3,3,2,6,96,256,Send/recv,193.68420000205333,4.060382829325586,329.09340000060183,2.389692409506121
dma_hardened2,xilinx_u280_xdma_201920_3,3,2,6,96,256,Send/recv,196.51950000252327,4.001801347906454,339.0104999994037,2.319786555287766
dma_hardened2,xilinx_u280_xdma_201920_3,3,2,6,96,256,Send/recv,195.08070000142652,4.03131627062159,327.317299996821,2.4026594378226815
dma_hardened2,xilinx_u280_xdma_201920_3,3,2,6,96,256,Send/recv,200.85489999814854,3.915423522190642,338.1015999991632,2.326022710338982
dma_hardened2,xilinx_u280_xdma_201920_3,3,2,6,96,256,Send/recv,193.6994000004688,4.060064202563852,288.79629999778444,2.7231373809360897
dma_hardened2,xilinx_u280_xdma_201920_3,3,2,6,96,256,Send/recv,196.36119999972834,4.0050274697908135,341.19140000257175,2.3049584485249985
dma_hardened2,xilinx_u280_xdma_201920_3,3,2,6,96,256,Send/recv,194.81929999756176,4.036725314226273,294.8775999982445,2.666977756210312
dma_hardened2,xilinx_u280_xdma_201920_3,3,2,6,96,256,Send/recv,198.61709999986488,3.959538227073777,271.14729999766496,2.900386616450809
dma_hardened2,xilinx_u280_xdma_201920_3,3,2,6,96,256,Send/recv,197.51899999960187,3.981551141923487,331.3348999995469,2.3735260004336256
dma_hardened2,xilinx_u280_xdma_201920_3,3,2,6,96,256,Send/recv,194.09399999972266,4.051809947763062,299.4486000034158,2.6262670788610443
dma_hardened2,xilinx_u280_xdma_201920_3,3,2,6,96,256,Send/recv,190.39779999729944,4.130467894120387,338.7486000008266,2.3215800744212105
dma_hardened2,xilinx_u280_xdma_201920_3,3,2,6,96,256,Send/recv,188.80669999816746,4.165275914507446,332.6295000022128,2.3642881945070062
dma_hardened2,xilinx_u280_xdma_201920_3,3,2,6,96,256,Send/recv,187.85670000056598,4.186339906948385,294.4484000011016,2.6708652517624745
dma_hardened2,xilinx_u280_xdma_201920_3,3,2,6,192,256,Send/recv,227.19570000049316,6.922947925495888,361.1334999959581,4.3553533527562625
dma_hardened2,xilinx_u280_xdma_201920_3,3,2,6,192,256,Send/recv,215.1516999958858,7.310488367185,385.4292000028181,4.080811728816861
dma_hardened2,xilinx_u280_xdma_201920_3,3,2,6,192,256,Send/recv,224.9958999982482,6.990634051608256,411.0333000028277,3.826609668825323
dma_hardened2,xilinx_u280_xdma_201920_3,3,2,6,192,256,Send/recv,215.85499999901003,7.286669291919175,424.09060000068166,3.708792413690546
dma_hardened2,xilinx_u280_xdma_201920_3,3,2,6,192,256,Send/recv,217.0962999969106,7.245006018169737,411.6145000011784,3.821206492957603
dma_hardened2,xilinx_u280_xdma_201920_3,3,2,6,192,256,Send/recv,213.3064000020113,7.373730933460831,375.8249000043179,4.185097900596606
dma_hardened2,xilinx_u280_xdma_201920_3,3,2,6,192,256,Send/recv,218.51839999840195,7.1978561073644265,348.92209999952684,4.507779816761772
dma_hardened2,xilinx_u280_xdma_201920_3,3,2,6,192,256,Send/recv,214.2508000019916,7.341228130701865,371.11899999899833,4.238166194682151
dma_hardened2,xilinx_u280_xdma_201920_3,3,2,6,192,256,Send/recv,210.99299999605137,7.454579062004121,341.03550000281757,4.612024261365767
dma_hardened2,xilinx_u280_xdma_201920_3,3,2,6,192,256,Send/recv,220.1447000004464,7.144682565588954,424.7636999991755,3.7029152914974914
dma_hardened2,xilinx_u280_xdma_201920_3,3,2,6,192,256,Send/recv,210.45009999625108,7.473809706091937,363.49580000205606,4.327048620619835
dma_hardened2,xilinx_u280_xdma_201920_3,3,2,6,192,256,Send/recv,220.10139999792955,7.146088121269541,374.75409999956355,4.197056149624065
dma_hardened2,xilinx_u280_xdma_201920_3,3,2,6,192,256,Send/recv,212.88410000011027,7.388358266301641,371.3888999982373,4.235086185956191
dma_hardened2,xilinx_u280_xdma_201920_3,3,2,6,192,256,Send/recv,211.73559999851932,7.42843433041491,374.24850000320475,4.202726263395929
dma_hardened2,xilinx_u280_xdma_201920_3,3,2,6,192,256,Send/recv,207.0776999971713,7.59552573754434,371.64980000170544,4.232113134442108
dma_hardened2,xilinx_u280_xdma_201920_3,3,2,6,192,256,Send/recv,218.05960000165214,7.213000482382262,370.18229999716823,4.248890344060296
dma_hardened2,xilinx_u280_xdma_201920_3,3,2,6,192,256,Send/recv,226.26100000024962,6.951547107094306,340.0684000041565,4.625140118813673
dma_hardened2,xilinx_u280_xdma_201920_3,3,2,6,192,256,Send/recv,219.79729999657138,7.155975073508797,376.19739999854573,4.180953935370314
dma_hardened2,xilinx_u280_xdma_201920_3,3,2,6,192,256,Send/recv,212.8631999994468,7.389083693208068,420.2763000023424,3.74245228672479
dma_hardened2,xilinx_u280_xdma_201920_3,3,2,6,192,256,Send/recv,206.34659999814176,7.62243720039082,344.62020000205484,4.564050511231267
dma_hardened2,xilinx_u280_xdma_201920_3,3,2,6,384,256,Send/recv,251.65119999996932,12.5003496903666,509.70740000479964,6.1716349418713135
dma_hardened2,xilinx_u280_xdma_201920_3,3,2,6,384,256,Send/recv,245.81740000257923,12.797011114620013,489.62949999804545,6.424710929412051
dma_hardened2,xilinx_u280_xdma_201920_3,3,2,6,384,256,Send/recv,261.80460000091443,12.015556640292083,475.32899999964684,6.618001426385382
dma_hardened2,xilinx_u280_xdma_201920_3,3,2,6,384,256,Send/recv,248.76730000187305,12.645263264007427,513.7555999965571,6.123004790645749
dma_hardened2,xilinx_u280_xdma_201920_3,3,2,6,384,256,Send/recv,244.9877000003653,12.840350760447604,489.3437000021095,6.4284632661796595
dma_hardened2,xilinx_u280_xdma_201920_3,3,2,6,384,256,Send/recv,254.07839999616047,12.380934388942693,464.4939999991493,6.7723759618116945
dma_hardened2,xilinx_u280_xdma_201920_3,3,2,6,384,256,Send/recv,249.94579999884084,12.585640566933266,475.7974999961334,6.611484927990508
dma_hardened2,xilinx_u280_xdma_201920_3,3,2,6,384,256,Send/recv,272.3650000007183,11.549677822009818,485.4742000020451,6.479701701937504
dma_hardened2,xilinx_u280_xdma_201920_3,3,2,6,384,256,Send/recv,282.35169999675236,11.141168974850098,461.3024999969184,6.819230331552537
dma_hardened2,xilinx_u280_xdma_201920_3,3,2,6,384,256,Send/recv,304.66259999570866,10.325284429543728,513.6773999993238,6.123936930073507
dma_hardened2,xilinx_u280_xdma_201920_3,3,2,6,384,256,Send/recv,282.9991999988124,11.11567806556768,480.67839999816897,6.544350651104736
dma_hardened2,xilinx_u280_xdma_201920_3,3,2,6,384,256,Send/recv,273.9546999976028,11.482657534357054,460.9170000037466,6.824933773270306
dma_hardened2,xilinx_u280_xdma_201920_3,3,2,6,384,256,Send/recv,275.47700000241093,11.419203780977972,508.74319999820733,6.183331787060907
dma_hardened2,xilinx_u280_xdma_201920_3,3,2,6,384,256,Send/recv,260.68070000064836,12.06736056789849,489.9768999962362,6.420155725758018
dma_hardened2,xilinx_u280_xdma_201920_3,3,2,6,384,256,Send/recv,259.3175000015435,12.130797188702173,515.1375000025382,6.106579311318823
dma_hardened2,xilinx_u280_xdma_201920_3,3,2,6,384,256,Send/recv,246.42920000133017,12.765240482795951,473.9097000026504,6.637821508997193
dma_hardened2,xilinx_u280_xdma_201920_3,3,2,6,384,256,Send/recv,245.9485000031236,12.790189815998263,474.89770000197495,6.624011866106991
dma_hardened2,xilinx_u280_xdma_201920_3,3,2,6,384,256,Send/recv,261.2394999971457,12.04154808148986,480.2197000003616,6.55060173499261
dma_hardened2,xilinx_u280_xdma_201920_3,3,2,6,384,256,Send/recv,241.25540000454748,13.038995189084702,469.7300999964682,6.696884019192409
dma_hardened2,xilinx_u280_xdma_201920_3,3,2,6,384,256,Send/recv,270.1304999959575,11.645215923589065,454.9191000023711,6.91491739956314
dma_hardened2,xilinx_u280_xdma_201920_3,3,2,6,768,256,Send/recv,329.83419999936814,19.074601724175515,641.9654000012542,9.800303879286497
dma_hardened2,xilinx_u280_xdma_201920_3,3,2,6,768,256,Send/recv,336.42269999631935,18.701044846464974,644.8255999998764,9.75683347559589
dma_hardened2,xilinx_u280_xdma_201920_3,3,2,6,768,256,Send/recv,350.9298999972543,17.92795655214681,691.4294000011978,9.099202319121954
dma_hardened2,xilinx_u280_xdma_201920_3,3,2,6,768,256,Send/recv,317.6524000025438,19.806102519450874,660.9647999994195,9.51859463621289
dma_hardened2,xilinx_u280_xdma_201920_3,3,2,6,768,256,Send/recv,330.8423000021321,19.016480056992275,663.4815999973398,9.482487532472982
dma_hardened2,xilinx_u280_xdma_201920_3,3,2,6,768,256,Send/recv,318.17570000498563,19.773527644950313,636.7228000044634,9.880996879577577
dma_hardened2,xilinx_u280_xdma_201920_3,3,2,6,768,256,Send/recv,358.2937000032871,17.559493789431077,643.8822999996319,9.77112742500236
dma_hardened2,xilinx_u280_xdma_201920_3,3,2,6,768,256,Send/recv,333.0623000010746,18.889727237155633,650.672800003349,9.669154757917678
dma_hardened2,xilinx_u280_xdma_201920_3,3,2,6,768,256,Send/recv,356.64679999740656,17.640578858539456,653.773899995258,9.623290253779835
dma_hardened2,xilinx_u280_xdma_201920_3,3,2,6,768,256,Send/recv,350.54550000381823,17.947615929833564,627.8106000024763,10.021264374916868
dma_hardened2,xilinx_u280_xdma_201920_3,3,2,6,768,256,Send/recv,352.0217000016146,17.87235275544418,635.064099998317,9.906804683207053
dma_hardened2,xilinx_u280_xdma_201920_3,3,2,6,768,256,Send/recv,354.3150000041351,17.756674145679902,668.774400003258,9.407441433119077
dma_hardened2,xilinx_u280_xdma_201920_3,3,2,6,768,256,Send/recv,352.8540000047542,17.830196058186196,656.7365000023528,9.579878687993526
dma_hardened2,xilinx_u280_xdma_201920_3,3,2,6,768,256,Send/recv,356.385799994996,17.653497979123575,599.7100999991289,10.490828818806182
dma_hardened2,xilinx_u280_xdma_201920_3,3,2,6,768,256,Send/recv,327.4988999976358,19.210617196104835,668.0304999974851,9.417917295727793
dma_hardened2,xilinx_u280_xdma_201920_3,3,2,6,768,256,Send/recv,363.8294000040787,17.292324369414537,625.9632000023885,10.050840049344744
dma_hardened2,xilinx_u280_xdma_201920_3,3,2,6,768,256,Send/recv,316.16900000130954,19.89902868394416,645.1643999980661,9.751709796788012
dma_hardened2,xilinx_u280_xdma_201920_3,3,2,6,768,256,Send/recv,338.87829999912356,18.565532227989433,609.7416999978122,10.318231474118587
dma_hardened2,xilinx_u280_xdma_201920_3,3,2,6,768,256,Send/recv,327.25309999932506,19.225046302122045,656.6523000003599,9.58110707903795
dma_hardened2,xilinx_u280_xdma_201920_3,3,2,6,768,256,Send/recv,363.1510999980492,17.32462327674017,663.1810999977006,9.48678422835303
dma_hardened2,xilinx_u280_xdma_201920_3,3,2,6,1536,256,Send/recv,480.1675000010164,26.205255457675428,947.5076999990506,13.280010283834747
dma_hardened2,xilinx_u280_xdma_201920_3,3,2,6,1536,256,Send/recv,511.3029000028746,24.609506419637473,944.0995999966617,13.32794972060627
dma_hardened2,xilinx_u280_xdma_201920_3,3,2,6,1536,256,Send/recv,489.26630000210025,25.717920894911394,919.8177999962809,13.679787453614049
dma_hardened2,xilinx_u280_xdma_201920_3,3,2,6,1536,256,Send/recv,515.616300003785,24.403635028426432,927.0691999972769,13.5727861523573
dma_hardened2,xilinx_u280_xdma_201920_3,3,2,6,1536,256,Send/recv,526.99639999787,23.876656463024904,937.8851000008126,13.416261757425401
dma_hardened2,xilinx_u280_xdma_201920_3,3,2,6,1536,256,Send/recv,524.6982000016942,23.98123721400106,940.6230000024607,13.377210635894597
dma_hardened2,xilinx_u280_xdma_201920_3,3,2,6,1536,256,Send/recv,532.016800002566,23.651343340923273,955.3890999995929,13.1704579840877
dma_hardened2,xilinx_u280_xdma_201920_3,3,2,6,1536,256,Send/recv,493.0922000028204,25.51837567077319,957.5130999962767,13.141242662945217
dma_hardened2,xilinx_u280_xdma_201920_3,3,2,6,1536,256,Send/recv,512.5088999989202,24.551597055244326,882.3682000013378,14.260386990352693
dma_hardened2,xilinx_u280_xdma_201920_3,3,2,6,1536,256,Send/recv,486.5315000017745,25.862481668615718,943.047199996272,13.342823137643315
dma_hardened2,xilinx_u280_xdma_201920_3,3,2,6,1536,256,Send/recv,515.3385000028265,24.416790129072414,939.3574000000626,13.395233805577261
dma_hardened2,xilinx_u280_xdma_201920_3,3,2,6,1536,256,Send/recv,503.6517000007734,24.983360524705223,992.113199998812,12.682939809706259
dma_hardened2,xilinx_u280_xdma_201920_3,3,2,6,1536,256,Send/recv,507.7062999987447,24.783840578758053,924.4569000031788,13.61113968640045
dma_hardened2,xilinx_u280_xdma_201920_3,3,2,6,1536,256,Send/recv,515.9344000048804,24.3885889366574,928.1605000012405,13.556827725359119
dma_hardened2,xilinx_u280_xdma_201920_3,3,2,6,1536,256,Send/recv,482.6014999991912,26.07308928799659,955.367399996021,13.170757134953952
dma_hardened2,xilinx_u280_xdma_201920_3,3,2,6,1536,256,Send/recv,529.2209999993247,23.77629005654737,936.2211999984993,13.440105821167231
dma_hardened2,xilinx_u280_xdma_201920_3,3,2,6,1536,256,Send/recv,514.3464000013864,24.463886594649214,943.1919000007838,13.340776145331128
dma_hardened2,xilinx_u280_xdma_201920_3,3,2,6,1536,256,Send/recv,525.9516999956304,23.924082762931537,922.1536999973523,13.645135295814708
dma_hardened2,xilinx_u280_xdma_201920_3,3,2,6,1536,256,Send/recv,481.2700999991648,26.145218662081515,918.4781999977076,13.699739416821657
dma_hardened2,xilinx_u280_xdma_201920_3,3,2,6,1536,256,Send/recv,511.35380000459924,24.607056796853424,878.033700001879,14.330784797864903
dma_hardened2,xilinx_u280_xdma_201920_3,3,2,6,3072,256,Send/recv,766.393800000742,32.83667482693053,1489.2663000011908,16.89813567928038
dma_hardened2,xilinx_u280_xdma_201920_3,3,2,6,3072,256,Send/recv,731.7797999974118,34.38988613800081,1558.7568000000829,16.144804628918802
dma_hardened2,xilinx_u280_xdma_201920_3,3,2,6,3072,256,Send/recv,737.6447000012831,34.11645742178616,1515.232899998864,16.60855172826492
dma_hardened2,xilinx_u280_xdma_201920_3,3,2,6,3072,256,Send/recv,774.0606000027128,32.511439026752946,1545.5669000004946,16.282584726673395
dma_hardened2,xilinx_u280_xdma_201920_3,3,2,6,3072,256,Send/recv,743.7383000024056,33.83693430863867,1509.4966999981807,16.671665463084704
dma_hardened2,xilinx_u280_xdma_201920_3,3,2,6,3072,256,Send/recv,750.7498999984819,33.52091555396929,1524.7226000042247,16.5051819917474
dma_hardened2,xilinx_u280_xdma_201920_3,3,2,6,3072,256,Send/recv,732.2339999973337,34.368554314729494,1525.5575000026056,16.496149112673248
dma_hardened2,xilinx_u280_xdma_201920_3,3,2,6,3072,256,Send/recv,758.2866000007016,33.18774721850118,1545.005000002675,16.28850650965947
dma_hardened2,xilinx_u280_xdma_201920_3,3,2,6,3072,256,Send/recv,751.6483000017615,33.48085001980451,1556.833999995888,16.164744603513586
dma_hardened2,xilinx_u280_xdma_201920_3,3,2,6,3072,256,Send/recv,738.7381000000914,34.06596194239458,1514.8914000008062,16.6122957724802
dma_hardened2,xilinx_u280_xdma_201920_3,3,2,6,3072,256,Send/recv,733.8215000004311,34.294203699380866,1529.3079000002763,16.45569476231402
dma_hardened2,xilinx_u280_xdma_201920_3,3,2,6,3072,256,Send/recv,704.5213000026251,35.720458699980014,1525.010700004259,16.502063887112215
dma_hardened2,xilinx_u280_xdma_201920_3,3,2,6,3072,256,Send/recv,745.4689999974562,33.7583776120615,1505.1655999968716,16.719638025246063
dma_hardened2,xilinx_u280_xdma_201920_3,3,2,6,3072,256,Send/recv,728.705399995988,34.53497668624187,1542.9142999948908,16.310577975771782
dma_hardened2,xilinx_u280_xdma_201920_3,3,2,6,3072,256,Send/recv,729.5665000015106,34.494215400443814,1554.6431000018401,16.18752496953816
dma_hardened2,xilinx_u280_xdma_201920_3,3,2,6,3072,256,Send/recv,713.0103999998028,35.29517101013809,1575.4702999970505,15.973531205283345
dma_hardened2,xilinx_u280_xdma_201920_3,3,2,6,3072,256,Send/recv,711.6306999989774,35.36360081153913,1515.6995999973333,16.603437778860847
dma_hardened2,xilinx_u280_xdma_201920_3,3,2,6,3072,256,Send/recv,732.3461999988012,34.363288838040255,1545.5978999966646,16.28225814751321
dma_hardened2,xilinx_u280_xdma_201920_3,3,2,6,3072,256,Send/recv,756.421500000215,33.269577874231295,1532.3987999977362,16.422503071678975
dma_hardened2,xilinx_u280_xdma_201920_3,3,2,6,3072,256,Send/recv,727.7734999945551,34.57919806119387,1499.8641999966367,16.778735034849444
dma_hardened2,xilinx_u280_xdma_201920_3,3,2,6,6144,256,Send/recv,1218.3821999997235,41.31022925319446,2689.97189999709,18.710845269444803
dma_hardened2,xilinx_u280_xdma_201920_3,3,2,6,6144,256,Send/recv,1201.8323000006603,41.87909411319062,2696.994000001496,18.662128280586494
dma_hardened2,xilinx_u280_xdma_201920_3,3,2,6,6144,256,Send/recv,1191.0498000020198,42.25822295584504,2718.4479000027295,18.51484738771321
dma_hardened2,xilinx_u280_xdma_201920_3,3,2,6,6144,256,Send/recv,1241.7230999972162,40.5337131926698,2638.7185000032787,19.07427715382958
dma_hardened2,xilinx_u280_xdma_201920_3,3,2,6,6144,256,Send/recv,1199.124700002585,41.97365628436433,2751.897499996403,18.289797494298313
dma_hardened2,xilinx_u280_xdma_201920_3,3,2,6,6144,256,Send/recv,1185.715000002574,42.44835225993661,2771.433199995954,18.16087358702114
dma_hardened2,xilinx_u280_xdma_201920_3,3,2,6,6144,256,Send/recv,1232.160600000043,40.84828552381747,2734.1809999995803,18.408308740353228
dma_hardened2,xilinx_u280_xdma_201920_3,3,2,6,6144,256,Send/recv,1243.0902000005517,40.4891358647809,2762.1305999957713,18.222037726991278
dma_hardened2,xilinx_u280_xdma_201920_3,3,2,6,6144,256,Send/recv,1236.5153999951417,40.70442470849757,2754.4091999970988,18.273119331743814
dma_hardened2,xilinx_u280_xdma_201920_3,3,2,6,6144,256,Send/recv,1244.538299999931,40.442024162697756,2704.3019000018376,18.611697162940942
dma_hardened2,xilinx_u280_xdma_201920_3,3,2,6,6144,256,Send/recv,1218.524199998683,41.305415189993276,2768.3938999985003,18.180811625118544
dma_hardened2,xilinx_u280_xdma_201920_3,3,2,6,6144,256,Send/recv,1206.0421000001043,41.73291131378884,2707.728699999734,18.588142896297157
dma_hardened2,xilinx_u280_xdma_201920_3,3,2,6,6144,256,Send/recv,1187.93299999993,42.36909657363081,2707.2518000011314,18.591417318469958
dma_hardened2,xilinx_u280_xdma_201920_3,3,2,6,6144,256,Send/recv,1193.4618999987379,42.17281506854406,2675.7207000002836,18.810501409954583
dma_hardened2,xilinx_u280_xdma_201920_3,3,2,6,6144,256,Send/recv,1175.7561999957034,42.807895038260426,2693.412099995385,18.686946568661455
dma_hardened2,xilinx_u280_xdma_201920_3,3,2,6,6144,256,Send/recv,1226.054500000373,41.05172159963907,2722.346299998435,18.488334125613974
dma_hardened2,xilinx_u280_xdma_201920_3,3,2,6,6144,256,Send/recv,1191.848499996695,42.229904220326304,2691.226000001734,18.702126094191854
dma_hardened2,xilinx_u280_xdma_201920_3,3,2,6,6144,256,Send/recv,1255.9480999982497,40.074624102755635,2680.3228000005674,18.77820387902134
dma_hardened2,xilinx_u280_xdma_201920_3,3,2,6,6144,256,Send/recv,1221.6174999991836,41.20082431696799,2685.483199996952,18.742119853908275
dma_hardened2,xilinx_u280_xdma_201920_3,3,2,6,6144,256,Send/recv,1249.3779999999788,40.28536439732479,2736.7542999968464,18.390999878965385
dma_hardened2,xilinx_u280_xdma_201920_3,3,2,6,12288,256,Send/recv,2202.503199998773,45.70404074784367,4748.847000001888,21.19741823646034
dma_hardened2,xilinx_u280_xdma_201920_3,3,2,6,12288,256,Send/recv,2208.1807000006393,45.586530124083986,4778.877999996212,21.064211306520026
dma_hardened2,xilinx_u280_xdma_201920_3,3,2,6,12288,256,Send/recv,2206.3518999971166,45.62431586735169,4738.238299995601,21.244878291599107
dma_hardened2,xilinx_u280_xdma_201920_3,3,2,6,12288,256,Send/recv,2189.8837000037474,45.96741644308679,4752.172500002416,21.182584596823627
dma_hardened2,xilinx_u280_xdma_201920_3,3,2,6,12288,256,Send/recv,2260.533599996961,44.530767425945506,4784.4219000012345,21.03980336683394
dma_hardened2,xilinx_u280_xdma_201920_3,3,2,6,12288,256,Send/recv,2263.331000000335,44.475728914588764,4727.9329000048165,21.291185414221395
dma_hardened2,xilinx_u280_xdma_201920_3,3,2,6,12288,256,Send/recv,2234.3472000045494,45.052665046772965,4692.9164999994555,21.450050517628362
dma_hardened2,xilinx_u280_xdma_201920_3,3,2,6,12288,256,Send/recv,2221.213500001795,45.31905465184623,4780.814699995517,21.055678229924787
dma_hardened2,xilinx_u280_xdma_201920_3,3,2,6,12288,256,Send/recv,2228.453600002922,45.171816007238384,4781.353100003116,21.053307274029688
dma_hardened2,xilinx_u280_xdma_201920_3,3,2,6,12288,256,Send/recv,2235.7698999996956,45.0239964318393,4767.035100002204,21.116541810223605
dma_hardened2,xilinx_u280_xdma_201920_3,3,2,6,12288,256,Send/recv,2230.9880999955567,45.120498849904436,4838.782699999911,20.803433888445095
dma_hardened2,xilinx_u280_xdma_201920_3,3,2,6,12288,256,Send/recv,2233.238000002302,45.07504171068924,4802.5752999990345,20.96027437612904
dma_hardened2,xilinx_u280_xdma_201920_3,3,2,6,12288,256,Send/recv,2230.7941000008213,45.12442273357408,4774.333000000297,21.084263707620256
dma_hardened2,xilinx_u280_xdma_201920_3,3,2,6,12288,256,Send/recv,2241.935399996464,44.900176874034265,4756.645700001627,21.16266426990044
dma_hardened2,xilinx_u280_xdma_201920_3,3,2,6,12288,256,Send/recv,2259.8851999987346,44.543544070316656,4845.900300000494,20.77287805528928
dma_hardened2,xilinx_u280_xdma_201920_3,3,2,6,12288,256,Send/recv,2176.153999999997,46.257432148643964,4861.815599997499,20.7048774124736
dma_hardened2,xilinx_u280_xdma_201920_3,3,2,6,12288,256,Send/recv,2212.833799995906,45.49067173512365,4773.144099999627,21.089515399295795
dma_hardened2,xilinx_u280_xdma_201920_3,3,2,6,12288,256,Send/recv,2227.26439999974,45.19593452847886,4832.614200000762,20.829988042493465
dma_hardened2,xilinx_u280_xdma_201920_3,3,2,6,12288,256,Send/recv,2208.8750000023083,45.57220123361205,4757.354700001315,21.159510347204545
dma_hardened2,xilinx_u280_xdma_201920_3,3,2,6,12288,256,Send/recv,2204.535099997429,45.66191574818537,4738.190900002337,21.245090821467397
dma_hardened2,xilinx_u280_xdma_201920_3,3,2,6,24576,256,Send/recv,3840.295800000604,52.42476165507051,8434.939699998267,23.86817205107481
dma_hardened2,xilinx_u280_xdma_201920_3,3,2,6,24576,256,Send/recv,3856.8854999994073,52.1992659621425,8417.174799996019,23.918547111567083
dma_hardened2,xilinx_u280_xdma_201920_3,3,2,6,24576,256,Send/recv,3866.056800001161,52.07543562214077,8426.11090000105,23.893180897960285
dma_hardened2,xilinx_u280_xdma_201920_3,3,2,6,24576,256,Send/recv,3878.6928000035914,51.905784340490584,8489.006599995719,23.716154490927305
dma_hardened2,xilinx_u280_xdma_201920_3,3,2,6,24576,256,Send/recv,3860.845799999879,52.145722059142145,8501.591399999597,23.681047762423574
dma_hardened2,xilinx_u280_xdma_201920_3,3,2,6,24576,256,Send/recv,3873.064199996179,51.98121735245148,8485.622599999942,23.72561230804695
dma_hardened2,xilinx_u280_xdma_201920_3,3,2,6,24576,256,Send/recv,3875.557999998591,51.94776906965995,8499.197899999444,23.687716696185312
dma_hardened2,xilinx_u280_xdma_201920_3,3,2,6,24576,256,Send/recv,3873.1194000035885,51.98047651198501,8477.955199998632,23.747069576403575
dma_hardened2,xilinx_u280_xdma_201920_3,3,2,6,24576,256,Send/recv,3875.8164999990186,51.94430438078041,8482.274599998618,23.73497693649682
dma_hardened2,xilinx_u280_xdma_201920_3,3,2,6,24576,256,Send/recv,3847.332200001574,52.328881815798916,8460.81650000201,23.795172959956304
dma_hardened2,xilinx_u280_xdma_201920_3,3,2,6,24576,256,Send/recv,3886.188400002766,51.8056695346671,8472.11379999635,23.76344283761707
dma_hardened2,xilinx_u280_xdma_201920_3,3,2,6,24576,256,Send/recv,3834.0958999981467,52.50953477718106,8479.439699999602,23.74291216435084
dma_hardened2,xilinx_u280_xdma_201920_3,3,2,6,24576,256,Send/recv,3822.095699996453,52.674398498234055,8488.580499999898,23.717344967159402
dma_hardened2,xilinx_u280_xdma_201920_3,3,2,6,24576,256,Send/recv,3853.5245999980816,52.24479220921549,8466.655299997683,23.778763262046947
dma_hardened2,xilinx_u280_xdma_201920_3,3,2,6,24576,256,Send/recv,3888.1926999977168,51.7789645559795,8449.259499997197,23.827720287211772
dma_hardened2,xilinx_u280_xdma_201920_3,3,2,6,24576,256,Send/recv,3899.352399997724,51.6307764335733,8575.209400004269,23.477746444290883
dma_hardened2,xilinx_u280_xdma_201920_3,3,2,6,24576,256,Send/recv,3834.5714000001863,52.50302341481768,8569.049099997983,23.49462462527463
dma_hardened2,xilinx_u280_xdma_201920_3,3,2,6,24576,256,Send/recv,3874.98470000196,51.955454688607716,8572.60710000105,23.48487334733623
dma_hardened2,xilinx_u280_xdma_201920_3,3,2,6,24576,256,Send/recv,3885.002499998791,51.82148325517491,8540.297299998656,23.57372172512445
dma_hardened2,xilinx_u280_xdma_201920_3,3,2,6,24576,256,Send/recv,3880.470100000366,51.882010893469065,8510.757600004126,23.655542956587368
experiment,board_instance,number of nodes,rank id,number of banks,buffer size[KB],segment_size[KB],collective name,execution_time[us],throughput[Gbps],execution_time_fullpath[us],throughput_fullpath[Gbps]
dma_hardened2,xilinx_u280_xdma_201920_3,3,2,6,1,512,Send/recv,180.11989999990874,0.045480815834364495,360.8734000010827,0.022700481664693
dma_hardened2,xilinx_u280_xdma_201920_3,3,2,6,1,512,Send/recv,180.3383999970265,0.04542571077560339,263.94559999971534,0.0310366984712336
dma_hardened2,xilinx_u280_xdma_201920_3,3,2,6,1,512,Send/recv,170.25010000111251,0.048117446039364846,290.00380000070436,0.02824790571702889
dma_hardened2,xilinx_u280_xdma_201920_3,3,2,6,1,512,Send/recv,186.67339999751675,0.04388413132298964,364.00259999709306,0.022505333753290283
dma_hardened2,xilinx_u280_xdma_201920_3,3,2,6,1,512,Send/recv,175.58449999910408,0.04665559887143683,326.7006999976729,0.025074938621369197
dma_hardened2,xilinx_u280_xdma_201920_3,3,2,6,1,512,Send/recv,191.40080000283888,0.042800239078825665,312.55749999559157,0.026209577438121124
dma_hardened2,xilinx_u280_xdma_201920_3,3,2,6,1,512,Send/recv,166.9141000036234,0.04907913711197656,297.82839999938915,0.027505771780047848
dma_hardened2,xilinx_u280_xdma_201920_3,3,2,6,1,512,Send/recv,178.80020000120567,0.04581650356064904,312.19169999872065,0.026240287618260093
dma_hardened2,xilinx_u280_xdma_201920_3,3,2,6,1,512,Send/recv,196.97660000019823,0.04158869632226242,333.8423000002422,0.024538532115295327
dma_hardened2,xilinx_u280_xdma_201920_3,3,2,6,1,512,Send/recv,182.24460000055842,0.04495057741066072,312.11109999844666,0.02624706394627032
dma_hardened2,xilinx_u280_xdma_201920_3,3,2,6,1,512,Send/recv,178.00079999688023,0.04602226506927822,302.7932999998484,0.02705475979819931
dma_hardened2,xilinx_u280_xdma_201920_3,3,2,6,1,512,Send/recv,187.51099999576581,0.043688103632240155,314.0597000026446,0.026084212651069263
dma_hardened2,xilinx_u280_xdma_201920_3,3,2,6,1,512,Send/recv,193.21279999644503,0.04239884728211965,263.2284000014806,0.031121261991312193
dma_hardened2,xilinx_u280_xdma_201920_3,3,2,6,1,512,Send/recv,162.78429999943,0.050324263458015814,303.1984999950055,0.02701860332466996
dma_hardened2,xilinx_u280_xdma_201920_3,3,2,6,1,512,Send/recv,182.95209999905637,0.044776747575142634,324.55419999450896,0.02524077642544326
dma_hardened2,xilinx_u280_xdma_201920_3,3,2,6,1,512,Send/recv,180.96129999776167,0.04526934764560891,311.33649999901536,0.026312366201925917
dma_hardened2,xilinx_u280_xdma_201920_3,3,2,6,1,512,Send/recv,179.03890000070533,0.0457554196320896,346.8354000006002,0.02361927300381052
dma_hardened2,xilinx_u280_xdma_201920_3,3,2,6,1,512,Send/recv,172.31830000241644,0.04753993046522118,307.35290000052373,0.02665340069993171
dma_hardened2,xilinx_u280_xdma_201920_3,3,2,6,1,512,Send/recv,188.46979999693758,0.0434658497018255,300.977500000954,0.027217981410484284
dma_hardened2,xilinx_u280_xdma_201920_3,3,2,6,1,512,Send/recv,189.53940000301372,0.04322056522216355,279.4302999973297,0.02931679205897959
dma_hardened2,xilinx_u280_xdma_201920_3,3,2,6,6,512,Send/recv,178.14830000020265,0.27590496232601763,347.18510000288916,0.14157289584026206
dma_hardened2,xilinx_u280_xdma_201920_3,3,2,6,6,512,Send/recv,196.19959999772618,0.25052038842367486,285.6993999955648,0.17204096333686045
dma_hardened2,xilinx_u280_xdma_201920_3,3,2,6,6,512,Send/recv,177.39900000037778,0.2770703329776117,303.2359999963319,0.16209157224272372
dma_hardened2,xilinx_u280_xdma_201920_3,3,2,6,6,512,Send/recv,189.2179000037686,0.2597640075226554,302.64530000181367,0.16240794091203611
dma_hardened2,xilinx_u280_xdma_201920_3,3,2,6,6,512,Send/recv,164.55980000387171,0.29868777185463014,314.3612000030771,0.15635517360131873
dma_hardened2,xilinx_u280_xdma_201920_3,3,2,6,6,512,Send/recv,185.27639999774692,0.26529012869743646,308.9906999946379,0.15907274879422895
dma_hardened2,xilinx_u280_xdma_201920_3,3,2,6,6,512,Send/recv,175.20220000051268,0.2805444223865692,321.50359999718603,0.15288164736080778
dma_hardened2,xilinx_u280_xdma_201920_3,3,2,6,6,512,Send/recv,192.53739999953723,0.2552854666164503,305.83490000140046,0.16071416309837408
dma_hardened2,xilinx_u280_xdma_201920_3,3,2,6,6,512,Send/recv,160.72619999931703,0.30581199580534385,309.3113000034009,0.15890787048342422
dma_hardened2,xilinx_u280_xdma_201920_3,3,2,6,6,512,Send/recv,221.44129999901452,0.22196401484374748,323.6770000000888,0.15185509010521758
dma_hardened2,xilinx_u280_xdma_201920_3,3,2,6,6,512,Send/recv,190.8624999998665,0.25752570567835165,299.04109999847606,0.16436536650062644
dma_hardened2,xilinx_u280_xdma_201920_3,3,2,6,6,512,Send/recv,181.54080000272188,0.2707490547538793,329.2039999962526,0.14930559774656296
dma_hardened2,xilinx_u280_xdma_201920_3,3,2,6,6,512,Send/recv,192.73130000101446,0.2550286331267484,283.18369999738024,0.17356931207712417
dma_hardened2,xilinx_u280_xdma_201920_3,3,2,6,6,512,Send/recv,187.15449999717748,0.2626279357468897,301.3436999992791,0.16310943285065388
dma_hardened2,xilinx_u280_xdma_201920_3,3,2,6,6,512,Send/recv,189.16280000098595,0.25983967249239176,316.9882999998208,0.15505935077107824
dma_hardened2,xilinx_u280_xdma_201920_3,3,2,6,6,512,Send/recv,178.04340000111551,0.2760675206140303,333.93690000025344,0.1471894840012071
dma_hardened2,xilinx_u280_xdma_201920_3,3,2,6,6,512,Send/recv,189.85700000371253,0.25888958531441486,295.3095000009398,0.16644232576277965
dma_hardened2,xilinx_u280_xdma_201920_3,3,2,6,6,512,Send/recv,184.13900000382455,0.26692878748651355,301.83540000052744,0.16284372210785783
dma_hardened2,xilinx_u280_xdma_201920_3,3,2,6,6,512,Send/recv,180.10290000347595,0.2729106527382478,298.4834000017145,0.16467247424720327
dma_hardened2,xilinx_u280_xdma_201920_3,3,2,6,6,512,Send/recv,170.64040000036584,0.288044331822327,336.84969999967507,0.14591671003431922
dma_hardened2,xilinx_u280_xdma_201920_3,3,2,6,12,512,Send/recv,184.68580000217116,0.532276980682025,390.95800000268355,0.2514438891116827
dma_hardened2,xilinx_u280_xdma_201920_3,3,2,6,12,512,Send/recv,220.87670000132675,0.4450627884218187,311.75139999959356,0.3153281749500665
dma_hardened2,xilinx_u280_xdma_201920_3,3,2,6,12,512,Send/recv,175.3835999977582,0.5605085082143173,295.56900000216046,0.33259238959187687
dma_hardened2,xilinx_u280_xdma_201920_3,3,2,6,12,512,Send/recv,180.64259999732712,0.5441905729958191,317.20910000103686,0.30990283696047394
dma_hardened2,xilinx_u280_xdma_201920_3,3,2,6,12,512,Send/recv,167.4733000015749,0.586983119094659,301.1959999980718,0.3263788363744184
dma_hardened2,xilinx_u280_xdma_201920_3,3,2,6,12,512,Send/recv,168.47079999706693,0.5835076464390949,312.2741000026963,0.3148003628836052
dma_hardened2,xilinx_u280_xdma_201920_3,3,2,6,12,512,Send/recv,156.56799999987925,0.6278677635281528,332.47469999651,0.29567362569552474
dma_hardened2,xilinx_u280_xdma_201920_3,3,2,6,12,512,Send/recv,183.65860000244538,0.5352539984443477,309.05390000270927,0.3180804383932325
dma_hardened2,xilinx_u280_xdma_201920_3,3,2,6,12,512,Send/recv,159.8366999985501,0.6150277126648117,311.29709999504485,0.3157883578149773
dma_hardened2,xilinx_u280_xdma_201920_3,3,2,6,12,512,Send/recv,168.38720000009744,0.5837973432656586,306.2435000003916,0.320999466110707
dma_hardened2,xilinx_u280_xdma_201920_3,3,2,6,12,512,Send/recv,172.72000000048138,0.569152385362008,269.5769000013115,0.36466032512252256
dma_hardened2,xilinx_u280_xdma_201920_3,3,2,6,12,512,Send/recv,184.61469999806468,0.5324819746262379,342.52190000074734,0.28700062682060773
dma_hardened2,xilinx_u280_xdma_201920_3,3,2,6,12,512,Send/recv,165.02149999837457,0.5957041961257672,323.460800001385,0.3039131789681442
dma_hardened2,xilinx_u280_xdma_201920_3,3,2,6,12,512,Send/recv,177.3604999982581,0.5542609543893114,318.07969999704255,0.3090546174462376
dma_hardened2,xilinx_u280_xdma_201920_3,3,2,6,12,512,Send/recv,168.33390000101645,0.5839821925316672,326.69980000150645,0.3009000923769978
dma_hardened2,xilinx_u280_xdma_201920_3,3,2,6,12,512,Send/recv,163.4828999954152,0.6013105958039457,315.0812000001224,0.3119957649011169
dma_hardened2,xilinx_u280_xdma_201920_3,3,2,6,12,512,Send/recv,178.38649999930567,0.5510730912954883,291.8405000002622,0.3368415281631977
dma_hardened2,xilinx_u280_xdma_201920_3,3,2,6,12,512,Send/recv,170.34229999808304,0.5770968221111625,279.74970000173016,0.3513998406410874
dma_hardened2,xilinx_u280_xdma_201920_3,3,2,6,12,512,Send/recv,164.1785999993317,0.5987625671092345,295.60780000110753,0.33254873518097866
dma_hardened2,xilinx_u280_xdma_201920_3,3,2,6,12,512,Send/recv,183.3042999976442,0.5362885649778176,299.41159999680167,0.3283239527160941
dma_hardened2,xilinx_u280_xdma_201920_3,3,2,6,24,512,Send/recv,172.43870000243078,1.1401616922258666,279.3504999999641,0.7038040024987436
dma_hardened2,xilinx_u280_xdma_201920_3,3,2,6,24,512,Send/recv,182.60479999980817,1.076685826441619,320.92659999989337,0.612626064651747
dma_hardened2,xilinx_u280_xdma_201920_3,3,2,6,24,512,Send/recv,166.70439999870723,1.17938098815343,316.01000000023305,0.6221575266600898
dma_hardened2,xilinx_u280_xdma_201920_3,3,2,6,24,512,Send/recv,164.7629999979472,1.193277616955564,279.2580999994243,0.7040368748494862
dma_hardened2,xilinx_u280_xdma_201920_3,3,2,6,24,512,Send/recv,180.14649999713583,1.0913784059258764,303.9953999973477,0.6467466284085724
dma_hardened2,xilinx_u280_xdma_201920_3,3,2,6,24,512,Send/recv,185.8489000028385,1.0578916528265552,281.6939000013008,0.6979490858662262
dma_hardened2,xilinx_u280_xdma_201920_3,3,2,6,24,512,Send/recv,174.4118000033268,1.1272631782726275,315.5684999967434,0.623027963824111
dma_hardened2,xilinx_u280_xdma_201920_3,3,2,6,24,512,Send/recv,181.75909999627038,1.0816954969739303,315.71519999715747,0.6227384680933011
dma_hardened2,xilinx_u280_xdma_201920_3,3,2,6,24,512,Send/recv,191.29759999714224,1.0277598882732302,315.9161999974458,0.62234225405848
dma_hardened2,xilinx_u280_xdma_201920_3,3,2,6,24,512,Send/recv,159.15669999913007,1.235310860309837,382.6323999987835,0.5138299840803473
dma_hardened2,xilinx_u280_xdma_201920_3,3,2,6,24,512,Send/recv,187.85529999831851,1.0465927764708254,354.44409999740856,0.5546939559762384
dma_hardened2,xilinx_u280_xdma_201920_3,3,2,6,24,512,Send/recv,169.5661999974618,1.1594763579235896,310.2302000002055,0.6337487452861448
dma_hardened2,xilinx_u280_xdma_201920_3,3,2,6,24,512,Send/recv,174.88469999875633,1.1242149827937957,309.48970000395093,0.6352650831271287
dma_hardened2,xilinx_u280_xdma_201920_3,3,2,6,24,512,Send/recv,177.97200000018165,1.1047131009360984,304.7996000020703,0.6450402165838294
dma_hardened2,xilinx_u280_xdma_201920_3,3,2,6,24,512,Send/recv,186.06300000101328,1.0566743522297786,319.6788999957789,0.6150171312607621
dma_hardened2,xilinx_u280_xdma_201920_3,3,2,6,24,512,Send/recv,184.28060000132973,1.0668947246676064,289.53620000038427,0.6790446237801666
dma_hardened2,xilinx_u280_xdma_201920_3,3,2,6,24,512,Send/recv,167.90320000268366,1.1709604105035374,333.9365999977417,0.5887584649341508
dma_hardened2,xilinx_u280_xdma_201920_3,3,2,6,24,512,Send/recv,190.99470000014662,1.0293898207638696,307.43030000053295,0.6395205677503459
dma_hardened2,xilinx_u280_xdma_201920_3,3,2,6,24,512,Send/recv,165.70070000057058,1.1865248607840704,322.0576000046549,0.6104746480044511
dma_hardened2,xilinx_u280_xdma_201920_3,3,2,6,24,512,Send/recv,183.31149999539775,1.0725350019226074,348.9846000036323,0.5633715642408108
dma_hardened2,xilinx_u280_xdma_201920_3,3,2,6,48,512,Send/recv,203.35300000056122,1.933662153983048,320.70270000303935,1.2261075444524585
dma_hardened2,xilinx_u280_xdma_201920_3,3,2,6,48,512,Send/recv,187.1956999991653,2.1005610705895132,314.6765999986201,1.2495876719200738
dma_hardened2,xilinx_u280_xdma_201920_3,3,2,6,48,512,Send/recv,195.84219999728703,2.0078205821086934,303.18569999963074,1.296947712245264
dma_hardened2,xilinx_u280_xdma_201920_3,3,2,6,48,512,Send/recv,179.05969999674198,2.196005019594887,336.9846999987658,1.1668660327944864
dma_hardened2,xilinx_u280_xdma_201920_3,3,2,6,48,512,Send/recv,193.65740000125697,2.0304723702654677,352.02190000518385,1.1170214125718017
dma_hardened2,xilinx_u280_xdma_201920_3,3,2,6,48,512,Send/recv,166.8488999996498,2.3567191632718307,343.8691999974708,1.1435045651163065
dma_hardened2,xilinx_u280_xdma_201920_3,3,2,6,48,512,Send/recv,197.0051999990119,1.9959676191388465,354.05190000119546,1.1106168332910296
dma_hardened2,xilinx_u280_xdma_201920_3,3,2,6,48,512,Send/recv,172.91869999667142,2.273993501035858,307.2075000034147,1.2799687507486937
dma_hardened2,xilinx_u280_xdma_201920_3,3,2,6,48,512,Send/recv,189.50659999745767,2.0749462024292304,329.65170000238686,1.1928226063968512
dma_hardened2,xilinx_u280_xdma_201920_3,3,2,6,48,512,Send/recv,189.83019999723183,2.071409080355676,331.532600000628,1.1860553079825487
dma_hardened2,xilinx_u280_xdma_201920_3,3,2,6,48,512,Send/recv,165.16129999786244,2.3807998605308214,291.25179999596185,1.3500895101951367
dma_hardened2,xilinx_u280_xdma_201920_3,3,2,6,48,512,Send/recv,180.62780000036582,2.17694064811288,317.32510000210823,1.2391582008400455
dma_hardened2,xilinx_u280_xdma_201920_3,3,2,6,48,512,Send/recv,192.17649999632158,2.0461190624635504,303.8843000013003,1.2939661575090173
dma_hardened2,xilinx_u280_xdma_201920_3,3,2,6,48,512,Send/recv,189.77569999947264,2.0720039499319074,316.09410000328353,1.2439839908303107
dma_hardened2,xilinx_u280_xdma_201920_3,3,2,6,48,512,Send/recv,170.9685999969679,2.2999310984998043,300.304000001006,1.309393148272027
dma_hardened2,xilinx_u280_xdma_201920_3,3,2,6,48,512,Send/recv,181.0024999997495,2.1724340824051835,313.4392999982083,1.2545204127314211
dma_hardened2,xilinx_u280_xdma_201920_3,3,2,6,48,512,Send/recv,183.37539999606634,2.144322520951202,349.5161999978791,1.125029397785814
dma_hardened2,xilinx_u280_xdma_201920_3,3,2,6,48,512,Send/recv,180.09649999726207,2.183362808305424,294.9999000009029,1.3329360450589862
dma_hardened2,xilinx_u280_xdma_201920_3,3,2,6,48,512,Send/recv,194.74599999966813,2.019122343979697,294.8095000022022,1.33379690951975
dma_hardened2,xilinx_u280_xdma_201920_3,3,2,6,48,512,Send/recv,182.4036000016349,2.15574692602819,333.30109999951674,1.179762082995136
dma_hardened2,xilinx_u280_xdma_201920_3,3,2,6,96,512,Send/recv,214.3547999992279,3.668833168199791,357.8876999995373,2.1974267347020215
dma_hardened2,xilinx_u280_xdma_201920_3,3,2,6,96,512,Send/recv,191.72240000102647,4.101930708126904,342.8722000023754,2.2936592701144964
dma_hardened2,xilinx_u280_xdma_201920_3,3,2,6,96,512,Send/recv,197.853499997791,3.97481975304344,384.6676000023308,2.0444456460467033
dma_hardened2,xilinx_u280_xdma_201920_3,3,2,6,96,512,Send/recv,180.42730000047413,4.358719550743891,402.4262000029921,1.9542266383107083
dma_hardened2,xilinx_u280_xdma_201920_3,3,2,6,96,512,Send/recv,206.0502999995606,3.816699126386504,334.7788999974455,2.3491086206627743
dma_hardened2,xilinx_u280_xdma_201920_3,3,2,6,96,512,Send/recv,187.24529999758488,4.200009292677271,329.3352000014238,2.3879378821231376
dma_hardened2,xilinx_u280_xdma_201920_3,3,2,6,96,512,Send/recv,190.46180000259483,4.129079951934119,347.96740000047066,2.260073788518511
dma_hardened2,xilinx_u280_xdma_201920_3,3,2,6,96,512,Send/recv,199.555900002224,3.9409107923706355,333.92659999549323,2.355104385246979
dma_hardened2,xilinx_u280_xdma_201920_3,3,2,6,96,512,Send/recv,188.54369999985465,4.171086066522542,317.1317999999701,2.4798269993739956
dma_hardened2,xilinx_u280_xdma_201920_3,3,2,6,96,512,Send/recv,208.4770000010394,3.7722722410437557,384.70000000074833,2.044273459834859
dma_hardened2,xilinx_u280_xdma_201920_3,3,2,6,96,512,Send/recv,208.00990000111597,3.7807431280712156,337.62559999672703,2.329302043469523
dma_hardened2,xilinx_u280_xdma_201920_3,3,2,6,96,512,Send/recv,200.7967999986704,3.9165564391723744,339.47580000130984,2.316606956952353
dma_hardened2,xilinx_u280_xdma_201920_3,3,2,6,96,512,Send/recv,212.04069999498643,3.708872872135372,313.9783999984047,2.5047328096582304
dma_hardened2,xilinx_u280_xdma_201920_3,3,2,6,96,512,Send/recv,193.65160000006654,4.061066368673069,337.5587999983054,2.329762992414797
dma_hardened2,xilinx_u280_xdma_201920_3,3,2,6,96,512,Send/recv,197.930200005203,3.9732794691225846,345.37889999910476,2.277012289986558
dma_hardened2,xilinx_u280_xdma_201920_3,3,2,6,96,512,Send/recv,193.7749999967764,4.058480196171245,321.0269000021526,2.4497386355932376
dma_hardened2,xilinx_u280_xdma_201920_3,3,2,6,96,512,Send/recv,194.5481000007021,4.0423525081826135,354.9985999995897,2.2153101448876384
dma_hardened2,xilinx_u280_xdma_201920_3,3,2,6,96,512,Send/recv,189.30500000351458,4.154311824755814,377.19569999694613,2.08494423453493
dma_hardened2,xilinx_u280_xdma_201920_3,3,2,6,96,512,Send/recv,194.33379999895806,4.046810179208231,420.39410000143107,1.8707018009941692
dma_hardened2,xilinx_u280_xdma_201920_3,3,2,6,96,512,Send/recv,189.8809000010715,4.141711988912851,312.25269999595184,2.5185754999402588
dma_hardened2,xilinx_u280_xdma_201920_3,3,2,6,192,512,Send/recv,210.85650000145506,7.459404855857638,419.59440000027826,3.748534298834677
dma_hardened2,xilinx_u280_xdma_201920_3,3,2,6,192,512,Send/recv,210.08340000321368,7.486855220240817,365.1769000043714,4.307128955805178
dma_hardened2,xilinx_u280_xdma_201920_3,3,2,6,192,512,Send/recv,213.74730000047748,7.3585210198982,405.9630999961428,3.8744013926756997
dma_hardened2,xilinx_u280_xdma_201920_3,3,2,6,192,512,Send/recv,210.71610000262808,7.464375052406451,673.0033999986063,2.337081803752042
dma_hardened2,xilinx_u280_xdma_201920_3,3,2,6,192,512,Send/recv,203.2695000025342,7.737825891146438,394.93259999971997,3.9826137421957952
dma_hardened2,xilinx_u280_xdma_201920_3,3,2,6,192,512,Send/recv,214.11749999629137,7.345798451911884,390.7059000027857,4.025698101791617
dma_hardened2,xilinx_u280_xdma_201920_3,3,2,6,192,512,Send/recv,214.86140000206433,7.320365593749684,373.7344999990455,4.208506305957885
dma_hardened2,xilinx_u280_xdma_201920_3,3,2,6,192,512,Send/recv,213.42140000228937,7.369757671832009,403.3010999989983,3.8999744855739458
dma_hardened2,xilinx_u280_xdma_201920_3,3,2,6,192,512,Send/recv,208.71849999934966,7.5358149852787415,414.2600000022867,3.796803939533911
dma_hardened2,xilinx_u280_xdma_201920_3,3,2,6,192,512,Send/recv,217.84060000413774,7.220251872103384,382.98430000054395,4.106862866174321
dma_hardened2,xilinx_u280_xdma_201920_3,3,2,6,192,512,Send/recv,207.83329999858324,7.567911398273145,382.4169999973037,4.1129552295297795
dma_hardened2,xilinx_u280_xdma_201920_3,3,2,6,192,512,Send/recv,204.74430000376742,7.682089318096075,397.8925000012623,3.9529873018340638
dma_hardened2,xilinx_u280_xdma_201920_3,3,2,6,192,512,Send/recv,206.06859999929839,7.6327203659623795,405.7052999996813,3.8768633291239616
dma_hardened2,xilinx_u280_xdma_201920_3,3,2,6,192,512,Send/recv,214.09210000342682,7.346669961081348,387.6826999999139,4.057091017990612
dma_hardened2,xilinx_u280_xdma_201920_3,3,2,6,192,512,Send/recv,210.72879999906036,7.463925196779052,376.04579999879206,4.1826394551010875
dma_hardened2,xilinx_u280_xdma_201920_3,3,2,6,192,512,Send/recv,199.54129999746328,7.8823982805564325,358.8694999962172,4.3828299702721445
dma_hardened2,xilinx_u280_xdma_201920_3,3,2,6,192,512,Send/recv,217.61069999683968,7.227879879173416,363.33209999952487,4.328998181008661
dma_hardened2,xilinx_u280_xdma_201920_3,3,2,6,192,512,Send/recv,206.67910000042866,7.610174420136036,368.2176999973308,4.271560003800474
dma_hardened2,xilinx_u280_xdma_201920_3,3,2,6,192,512,Send/recv,235.0761999991846,6.690868748114252,368.8094999972691,4.264705762762745
dma_hardened2,xilinx_u280_xdma_201920_3,3,2,6,192,512,Send/recv,209.71579999695678,7.499978542498106,408.8217000003169,3.847310453429406
dma_hardened2,xilinx_u280_xdma_201920_3,3,2,6,384,512,Send/recv,287.0354999970459,10.959369137379785,927.84520000464,3.390358650326874
dma_hardened2,xilinx_u280_xdma_201920_3,3,2,6,384,512,Send/recv,275.2540000017234,11.428455172242016,491.88849999950435,6.39520541749435
dma_hardened2,xilinx_u280_xdma_201920_3,3,2,6,384,512,Send/recv,278.6507999985588,11.289140386520582,480.09170000113954,6.5523482284583
dma_hardened2,xilinx_u280_xdma_201920_3,3,2,6,384,512,Send/recv,275.63039999449757,11.412848510406684,510.8780000000479,6.1574935698928215
dma_hardened2,xilinx_u280_xdma_201920_3,3,2,6,384,512,Send/recv,269.74649999829126,11.661793572928387,494.0019000002849,6.367845953625251
dma_hardened2,xilinx_u280_xdma_201920_3,3,2,6,384,512,Send/recv,252.53969999994297,12.456370226149435,519.8247999999239,6.051515818407395
dma_hardened2,xilinx_u280_xdma_201920_3,3,2,6,384,512,Send/recv,310.3908000014144,10.134733374783227,498.9942000008796,6.304137402788359
dma_hardened2,xilinx_u280_xdma_201920_3,3,2,6,384,512,Send/recv,281.16740000427853,11.188096486122259,496.4689000019007,6.336203536592034
dma_hardened2,xilinx_u280_xdma_201920_3,3,2,6,384,512,Send/recv,262.06480000041665,12.003626583940303,495.05339999882386,6.354320564220897
dma_hardened2,xilinx_u280_xdma_201920_3,3,2,6,384,512,Send/recv,251.7827000019679,12.493821060682142,497.71189999887605,6.320379319857741
dma_hardened2,xilinx_u280_xdma_201920_3,3,2,6,384,512,Send/recv,263.4544999978061,11.940308478413522,508.57219999898007,6.185410842366745
dma_hardened2,xilinx_u280_xdma_201920_3,3,2,6,384,512,Send/recv,274.84259999823735,11.445561932612247,507.0788000011816,6.203627522966193
dma_hardened2,xilinx_u280_xdma_201920_3,3,2,6,384,512,Send/recv,260.1474000016424,12.092098556357435,495.0438000037138,6.354443788562549
dma_hardened2,xilinx_u280_xdma_201920_3,3,2,6,384,512,Send/recv,270.5752999986544,11.62607229860096,546.7245999966508,5.753770728478782
dma_hardened2,xilinx_u280_xdma_201920_3,3,2,6,384,512,Send/recv,252.49419999795464,12.458614891056833,498.1307999969431,6.315064236179142
dma_hardened2,xilinx_u280_xdma_201920_3,3,2,6,384,512,Send/recv,310.66450000025725,10.125804525452361,514.7599999986596,6.111057580247477
dma_hardened2,xilinx_u280_xdma_201920_3,3,2,6,384,512,Send/recv,252.68770000366206,12.449074489792778,514.3236999970213,6.1162415809697634
dma_hardened2,xilinx_u280_xdma_201920_3,3,2,6,384,512,Send/recv,259.3462999982421,12.129450082847999,568.8843999962501,5.529643632380736
dma_hardened2,xilinx_u280_xdma_201920_3,3,2,6,384,512,Send/recv,259.74459999815736,12.110850427775269,489.35949999986406,6.428255709761176
dma_hardened2,xilinx_u280_xdma_201920_3,3,2,6,384,512,Send/recv,248.46350000302664,12.66072481455699,507.25489999763346,6.2014738546925345
dma_hardened2,xilinx_u280_xdma_201920_3,3,2,6,768,512,Send/recv,373.6432000039258,16.838138630473928,700.848600001791,8.976911703874306
dma_hardened2,xilinx_u280_xdma_201920_3,3,2,6,768,512,Send/recv,384.5978000015293,16.358533512087128,646.2661999989905,9.73508439712587
dma_hardened2,xilinx_u280_xdma_201920_3,3,2,6,768,512,Send/recv,362.5682000006236,17.35247603068658,691.872400000193,9.093376177454463
dma_hardened2,xilinx_u280_xdma_201920_3,3,2,6,768,512,Send/recv,373.64009999691916,16.83827833268398,643.9369000020179,9.770298922115327
dma_hardened2,xilinx_u280_xdma_201920_3,3,2,6,768,512,Send/recv,364.5335999976851,17.258919342524127,694.9805000033393,9.052708673077547
dma_hardened2,xilinx_u280_xdma_201920_3,3,2,6,768,512,Send/recv,384.0156000023853,16.383334426937136,657.4913000008564,9.5688809874622
dma_hardened2,xilinx_u280_xdma_201920_3,3,2,6,768,512,Send/recv,395.1286000017262,15.922552809319583,668.1629000013345,9.4160510857269
dma_hardened2,xilinx_u280_xdma_201920_3,3,2,6,768,512,Send/recv,389.4785999989381,16.15353449462218,677.1704000016143,9.290801842468309
dma_hardened2,xilinx_u280_xdma_201920_3,3,2,6,768,512,Send/recv,386.51450000202203,16.277412619622517,651.10620000155,9.66271861638704
dma_hardened2,xilinx_u280_xdma_201920_3,3,2,6,768,512,Send/recv,361.7644999962977,17.39102648287598,697.9939000018476,9.013626050289762
dma_hardened2,xilinx_u280_xdma_201920_3,3,2,6,768,512,Send/recv,375.1795000027869,16.7691891480032,662.5313000029109,9.496088713050021
dma_hardened2,xilinx_u280_xdma_201920_3,3,2,6,768,512,Send/recv,370.15619999465343,16.99675974653639,664.2432000035114,9.471615215581794
dma_hardened2,xilinx_u280_xdma_201920_3,3,2,6,768,512,Send/recv,389.8287000026812,16.139027218767442,679.8555999978362,9.254106313193603
dma_hardened2,xilinx_u280_xdma_201920_3,3,2,6,768,512,Send/recv,348.47000000013395,18.05451258357271,651.2374999999793,9.660770456247068
dma_hardened2,xilinx_u280_xdma_201920_3,3,2,6,768,512,Send/recv,354.0215000043645,17.771395239900503,679.6033000000534,9.257541863024365
dma_hardened2,xilinx_u280_xdma_201920_3,3,2,6,768,512,Send/recv,371.4048000006187,16.939619520236462,617.9000000031465,10.181997086855418
dma_hardened2,xilinx_u280_xdma_201920_3,3,2,6,768,512,Send/recv,374.44449999952667,16.802105518996683,707.7750000007654,8.889062201961352
dma_hardened2,xilinx_u280_xdma_201920_3,3,2,6,768,512,Send/recv,374.286400000301,16.809202792286708,702.4273000013181,8.956736163284363
dma_hardened2,xilinx_u280_xdma_201920_3,3,2,6,768,512,Send/recv,407.4981000030675,15.439227814688314,709.371199997122,8.869060373504768
dma_hardened2,xilinx_u280_xdma_201920_3,3,2,6,768,512,Send/recv,375.1166999961697,16.771996554843444,655.599300000631,9.59649590839091
dma_hardened2,xilinx_u280_xdma_201920_3,3,2,6,1536,512,Send/recv,557.844100001148,22.556323531922455,1011.2181000010878,12.443321574234544
dma_hardened2,xilinx_u280_xdma_201920_3,3,2,6,1536,512,Send/recv,561.3024000012956,22.417349364568825,955.6881999969846,13.16633604981175
dma_hardened2,xilinx_u280_xdma_201920_3,3,2,6,1536,512,Send/recv,583.7010999982795,21.55711544836405,1015.5440000005456,12.390316913883831
dma_hardened2,xilinx_u280_xdma_201920_3,3,2,6,1536,512,Send/recv,534.9611999974968,23.521167516557984,939.5717000018067,13.392178585174292
dma_hardened2,xilinx_u280_xdma_201920_3,3,2,6,1536,512,Send/recv,539.0997000006337,23.340602860630806,1055.625300000429,11.9198658842251
dma_hardened2,xilinx_u280_xdma_201920_3,3,2,6,1536,512,Send/recv,526.609999997163,23.894175955769523,978.8974999992207,12.854167060402153
dma_hardened2,xilinx_u280_xdma_201920_3,3,2,6,1536,512,Send/recv,535.3710999997929,23.50315883693548,968.9278999985618,12.986427576312622
dma_hardened2,xilinx_u280_xdma_201920_3,3,2,6,1536,512,Send/recv,475.7589000007556,26.448085364204463,1006.8659000012302,12.497108105443463
dma_hardened2,xilinx_u280_xdma_201920_3,3,2,6,1536,512,Send/recv,532.3607000036645,23.63606479575481,940.1381999964542,13.384108847026381
dma_hardened2,xilinx_u280_xdma_201920_3,3,2,6,1536,512,Send/recv,578.7670000017897,21.74089400391019,1002.5373000019043,12.551066179758198
dma_hardened2,xilinx_u280_xdma_201920_3,3,2,6,1536,512,Send/recv,528.349899997238,23.815490454461667,1040.3203000009853,12.095228748288468
dma_hardened2,xilinx_u280_xdma_201920_3,3,2,6,1536,512,Send/recv,505.157500003861,24.908888811714814,1018.7696000002687,12.351087036751666
dma_hardened2,xilinx_u280_xdma_201920_3,3,2,6,1536,512,Send/recv,546.4802000005875,23.025375850738,924.1448000011587,13.615736408389923
dma_hardened2,xilinx_u280_xdma_201920_3,3,2,6,1536,512,Send/recv,537.525499998992,23.40895827272119,981.8570999982512,12.815420899866602
dma_hardened2,xilinx_u280_xdma_201920_3,3,2,6,1536,512,Send/recv,547.646799998347,22.976327078032742,1039.8538999993434,12.100653755309226
dma_hardened2,xilinx_u280_xdma_201920_3,3,2,6,1536,512,Send/recv,525.8566999998493,23.928404829687643,958.3966000036526,13.129128379579024
dma_hardened2,xilinx_u280_xdma_201920_3,3,2,6,1536,512,Send/recv,518.6257999980626,24.262024758596674,1011.3989999979366,12.441095947322147
dma_hardened2,xilinx_u280_xdma_201920_3,3,2,6,1536,512,Send/recv,516.8367000010221,24.346011032063156,963.411800000813,13.06078252310111
dma_hardened2,xilinx_u280_xdma_201920_3,3,2,6,1536,512,Send/recv,543.4485000023415,23.1538259834111,961.267900004259,13.089911771675983
dma_hardened2,xilinx_u280_xdma_201920_3,3,2,6,1536,512,Send/recv,518.8651000025857,24.250835139879893,954.6446000001652,13.180729247300851
dma_hardened2,xilinx_u280_xdma_201920_3,3,2,6,3072,512,Send/recv,734.5799000006537,34.25879744324287,1685.3838000031374,14.931806037267686
dma_hardened2,xilinx_u280_xdma_201920_3,3,2,6,3072,512,Send/recv,756.694800003288,33.25756170108563,1697.6131000035366,14.824239987278357
dma_hardened2,xilinx_u280_xdma_201920_3,3,2,6,3072,512,Send/recv,758.3028999988528,33.18703383573777,1666.712000002235,15.099083704902977
dma_hardened2,xilinx_u280_xdma_201920_3,3,2,6,3072,512,Send/recv,830.7802999979685,30.291791945549907,1726.443500001551,14.576685538783858
dma_hardened2,xilinx_u280_xdma_201920_3,3,2,6,3072,512,Send/recv,784.9519999979293,32.06033489954339,1681.5930999996453,14.96546578361038
dma_hardened2,xilinx_u280_xdma_201920_3,3,2,6,3072,512,Send/recv,765.2629000006073,32.88520062841153,1641.3705999980266,15.332201027623046
dma_hardened2,xilinx_u280_xdma_201920_3,3,2,6,3072,512,Send/recv,775.8603000013409,32.43602488741402,1643.5836000027848,15.311557014779996
dma_hardened2,xilinx_u280_xdma_201920_3,3,2,6,3072,512,Send/recv,760.4603999993742,33.09287899806579,1642.0905000018138,15.325479320398117
dma_hardened2,xilinx_u280_xdma_201920_3,3,2,6,3072,512,Send/recv,759.9214000038046,33.11635124352861,1644.7142999993503,15.301030701812431
dma_hardened2,xilinx_u280_xdma_201920_3,3,2,6,3072,512,Send/recv,759.7854000039206,33.12227900124186,1646.819500001584,15.281470737974498
dma_hardened2,xilinx_u280_xdma_201920_3,3,2,6,3072,512,Send/recv,750.8913999970446,33.514598782325976,1644.9886000032166,15.298479272106075
dma_hardened2,xilinx_u280_xdma_201920_3,3,2,6,3072,512,Send/recv,764.1706000015347,32.9322064993726,1644.8416999992332,15.299845571772488
dma_hardened2,xilinx_u280_xdma_201920_3,3,2,6,3072,512,Send/recv,738.1269999996221,34.09416536722391,1657.616599999301,15.181932902946684
dma_hardened2,xilinx_u280_xdma_201920_3,3,2,6,3072,512,Send/recv,764.3531000042003,32.92434347405892,1651.5239000000292,15.237941152410542
dma_hardened2,xilinx_u280_xdma_201920_3,3,2,6,3072,512,Send/recv,758.1220000020039,33.19495279115166,1684.9863000004461,14.935328554299424
dma_hardened2,xilinx_u280_xdma_201920_3,3,2,6,3072,512,Send/recv,757.2251999988566,33.234266371533856,1705.3768000039327,14.756752877101393
dma_hardened2,xilinx_u280_xdma_201920_3,3,2,6,3072,512,Send/recv,764.9915999991208,32.89686318128058,1657.4719999994159,15.18325739439874
dma_hardened2,xilinx_u280_xdma_201920_3,3,2,6,3072,512,Send/recv,732.3153000015736,34.364738794814095,1643.5171999944487,15.312175619509796
dma_hardened2,xilinx_u280_xdma_201920_3,3,2,6,3072,512,Send/recv,742.8254999979345,33.878513863713586,1699.0093999993405,14.812056955076157
dma_hardened2,xilinx_u280_xdma_201920_3,3,2,6,3072,512,Send/recv,733.2134999955997,34.322641359100764,1701.8640000003415,14.787212139157388
dma_hardened2,xilinx_u280_xdma_201920_3,3,2,6,6144,512,Send/recv,1177.8127000013683,42.73315103491542,2796.595399996704,17.997472212125974
dma_hardened2,xilinx_u280_xdma_201920_3,3,2,6,6144,512,Send/recv,1162.6998999986426,43.28859751347596,2786.147400001937,18.064962392142284
dma_hardened2,xilinx_u280_xdma_201920_3,3,2,6,6144,512,Send/recv,1212.7012000007653,41.50375047041121,2815.259299995887,17.8781570848815
dma_hardened2,xilinx_u280_xdma_201920_3,3,2,6,6144,512,Send/recv,1211.6050999964045,41.5412975730701,2788.138699997944,18.05206032255035
dma_hardened2,xilinx_u280_xdma_201920_3,3,2,6,6144,512,Send/recv,1141.0779000016191,44.10886233089659,2840.5197999973097,17.719168160717512
dma_hardened2,xilinx_u280_xdma_201920_3,3,2,6,6144,512,Send/recv,1212.483799997699,41.51119214961513,2740.9277999993265,18.362996646614466
dma_hardened2,xilinx_u280_xdma_201920_3,3,2,6,6144,512,Send/recv,1147.6904999994986,43.85472215725581,2721.285400002671,18.495541849432843
dma_hardened2,xilinx_u280_xdma_201920_3,3,2,6,6144,512,Send/recv,1238.9768999980788,40.62355641988002,2824.1788000002543,17.821693159085914
dma_hardened2,xilinx_u280_xdma_201920_3,3,2,6,6144,512,Send/recv,1221.435500002599,41.20696344579219,2821.1386000009497,17.840898706636768
dma_hardened2,xilinx_u280_xdma_201920_3,3,2,6,6144,512,Send/recv,1224.7452999986308,41.09560412279702,2789.4563000018024,18.043533429782528
dma_hardened2,xilinx_u280_xdma_201920_3,3,2,6,6144,512,Send/recv,1254.3481000022894,40.12574180955681,2801.7558999977155,17.9643230161632
dma_hardened2,xilinx_u280_xdma_201920_3,3,2,6,6144,512,Send/recv,1207.385800000793,41.686466744902035,2805.8255000019017,17.93826736551004
dma_hardened2,xilinx_u280_xdma_201920_3,3,2,6,6144,512,Send/recv,1207.2725999985323,41.690375479457735,2848.4964000028867,17.66954945070283
dma_hardened2,xilinx_u280_xdma_201920_3,3,2,6,6144,512,Send/recv,1221.256999997422,41.21298629207959,2756.6787000012027,18.258075560266796
dma_hardened2,xilinx_u280_xdma_201920_3,3,2,6,6144,512,Send/recv,1217.2910999993292,41.347257036568934,2844.835299998749,17.692288899825634
dma_hardened2,xilinx_u280_xdma_201920_3,3,2,6,6144,512,Send/recv,1184.7052999996777,42.4845301190209,2782.609199999797,18.08793272156351
dma_hardened2,xilinx_u280_xdma_201920_3,3,2,6,6144,512,Send/recv,1192.9932999976245,42.18938027573183,2852.0119000006616,17.647769281743994
dma_hardened2,xilinx_u280_xdma_201920_3,3,2,6,6144,512,Send/recv,1189.7583000006762,42.30409487369947,2753.720800001247,18.277687411148296
dma_hardened2,xilinx_u280_xdma_201920_3,3,2,6,6144,512,Send/recv,1177.0537000018066,42.76070666947714,2782.7958000045783,18.08671983762416
dma_hardened2,xilinx_u280_xdma_201920_3,3,2,6,6144,512,Send/recv,1161.5485999982411,43.33150416614183,2717.666799998142,18.52016884484677
dma_hardened2,xilinx_u280_xdma_201920_3,3,2,6,12288,512,Send/recv,2254.787099997202,44.64425754437078,4913.953800001991,20.485193816832226
dma_hardened2,xilinx_u280_xdma_201920_3,3,2,6,12288,512,Send/recv,2228.5815999964598,45.169221535419624,4898.960400004171,20.54788930319059
dma_hardened2,xilinx_u280_xdma_201920_3,3,2,6,12288,512,Send/recv,2220.2039999967838,45.339660679895104,4879.516800002648,20.629767275305902
dma_hardened2,xilinx_u280_xdma_201920_3,3,2,6,12288,512,Send/recv,2204.8396999991837,45.65560752558894,4835.222200000544,20.81875285896658
dma_hardened2,xilinx_u280_xdma_201920_3,3,2,6,12288,512,Send/recv,2190.621500000134,45.95193464502829,4841.6793000001235,20.7909879532908
dma_hardened2,xilinx_u280_xdma_201920_3,3,2,6,12288,512,Send/recv,2174.4227999988652,46.29426071141846,4908.957100002453,20.506045163839318
dma_hardened2,xilinx_u280_xdma_201920_3,3,2,6,12288,512,Send/recv,2192.162000000053,45.919642800120414,4859.050199996773,20.716661046240446
dma_hardened2,xilinx_u280_xdma_201920_3,3,2,6,12288,512,Send/recv,2175.086300002249,46.28013886156881,4851.0665999970115,20.750755308134092
dma_hardened2,xilinx_u280_xdma_201920_3,3,2,6,12288,512,Send/recv,2196.8883999988975,45.820850981802494,4837.057500003539,20.810853705982687
dma_hardened2,xilinx_u280_xdma_201920_3,3,2,6,12288,512,Send/recv,2247.2807999974975,44.793376955880234,4871.483699997725,20.663785860567902
dma_hardened2,xilinx_u280_xdma_201920_3,3,2,6,12288,512,Send/recv,2210.4230000024927,45.540286180467035,4892.6473999983955,20.57440231642955
dma_hardened2,xilinx_u280_xdma_201920_3,3,2,6,12288,512,Send/recv,2240.6149999994796,44.92663666003458,4806.906700002855,20.941387524733983
dma_hardened2,xilinx_u280_xdma_201920_3,3,2,6,12288,512,Send/recv,2236.2294000004113,45.01474490943617,4925.3108000016255,20.437958148746016
dma_hardened2,xilinx_u280_xdma_201920_3,3,2,6,12288,512,Send/recv,2228.331399999206,45.17429319536397,4866.421399998444,20.685281385626034
dma_hardened2,xilinx_u280_xdma_201920_3,3,2,6,12288,512,Send/recv,2204.0048999997452,45.672900273502854,4813.486400001921,20.912762109384964
dma_hardened2,xilinx_u280_xdma_201920_3,3,2,6,12288,512,Send/recv,2161.387799998238,46.57345433340656,4822.659799998519,20.872982995821292
dma_hardened2,xilinx_u280_xdma_201920_3,3,2,6,12288,512,Send/recv,2204.628300000877,45.659985404324146,4806.722400002172,20.942190462248146
dma_hardened2,xilinx_u280_xdma_201920_3,3,2,6,12288,512,Send/recv,2185.774299999821,46.053838221086345,4862.243799999533,20.703054009757736
dma_hardened2,xilinx_u280_xdma_201920_3,3,2,6,12288,512,Send/recv,2230.260700002873,45.135214910019414,4875.495600003887,20.646782247105246
dma_hardened2,xilinx_u280_xdma_201920_3,3,2,6,12288,512,Send/recv,2230.386200000112,45.13267522906793,4837.592499995935,20.808552187908468
dma_hardened2,xilinx_u280_xdma_201920_3,3,2,6,24576,512,Send/recv,3881.433300000481,51.86913607403097,8595.35509999887,23.422719556987992
dma_hardened2,xilinx_u280_xdma_201920_3,3,2,6,24576,512,Send/recv,3900.7992999984253,51.61162534049913,8615.319800003363,23.368440948636803
dma_hardened2,xilinx_u280_xdma_201920_3,3,2,6,24576,512,Send/recv,3855.872899998758,52.21297413617157,8610.094200003005,23.382623618674202
dma_hardened2,xilinx_u280_xdma_201920_3,3,2,6,24576,512,Send/recv,3872.311599997147,51.991320120041046,8571.262399999569,23.48855776484105
dma_hardened2,xilinx_u280_xdma_201920_3,3,2,6,24576,512,Send/recv,3888.191700002608,51.778977872892675,8560.47759999683,23.518149501386997
dma_hardened2,xilinx_u280_xdma_201920_3,3,2,6,24576,512,Send/recv,3871.9485999990866,51.99619437098093,8580.573199998298,23.463070276009056
dma_hardened2,xilinx_u280_xdma_201920_3,3,2,6,24576,512,Send/recv,3873.258999999507,51.97860303171712,8602.220099999158,23.404027060411963
dma_hardened2,xilinx_u280_xdma_201920_3,3,2,6,24576,512,Send/recv,3843.040800001063,52.38731579429089,8608.44120000479,23.38711356939837
dma_hardened2,xilinx_u280_xdma_201920_3,3,2,6,24576,512,Send/recv,3864.2412000001514,52.09990308058206,8553.249699997423,23.538023448568403
dma_hardened2,xilinx_u280_xdma_201920_3,3,2,6,24576,512,Send/recv,3883.335199998328,51.843732675996314,8559.14819999839,23.521802321408323
dma_hardened2,xilinx_u280_xdma_201920_3,3,2,6,24576,512,Send/recv,3852.5434999996833,52.258097020842605,8565.010600000278,23.505702608236525
dma_hardened2,xilinx_u280_xdma_201920_3,3,2,6,24576,512,Send/recv,3856.332800000928,52.20674730146515,8516.570699998738,23.639396547254616
dma_hardened2,xilinx_u280_xdma_201920_3,3,2,6,24576,512,Send/recv,3856.2538999997287,52.207815465681385,8515.019199995777,23.64370382160734
dma_hardened2,xilinx_u280_xdma_201920_3,3,2,6,24576,512,Send/recv,3869.201999998495,52.033104500638196,8564.682899998388,23.50660197822828
dma_hardened2,xilinx_u280_xdma_201920_3,3,2,6,24576,512,Send/recv,3826.2728999995943,52.61689306061294,8582.425399998783,23.45800663761418
dma_hardened2,xilinx_u280_xdma_201920_3,3,2,6,24576,512,Send/recv,3834.68900000139,52.50141328277913,8538.733199998205,23.578039890043915
dma_hardened2,xilinx_u280_xdma_201920_3,3,2,6,24576,512,Send/recv,3874.116399998684,51.96709938815168,8554.914799998414,23.53344208641766
dma_hardened2,xilinx_u280_xdma_201920_3,3,2,6,24576,512,Send/recv,3875.446200004262,51.94926767394644,8535.734400004458,23.5863233982415
dma_hardened2,xilinx_u280_xdma_201920_3,3,2,6,24576,512,Send/recv,3867.765199998985,52.05243379304743,8550.828099998853,23.544689431895726
dma_hardened2,xilinx_u280_xdma_201920_3,3,2,6,24576,512,Send/recv,3871.631399999842,52.000454382100585,8572.974500003738,23.483866888897456
experiment,board_instance,number of nodes,rank id,number of banks,buffer size[KB],segment_size[KB],collective name,execution_time[us],throughput[Gbps],execution_time_fullpath[us],throughput_fullpath[Gbps]
dma_hardened2,xilinx_u280_xdma_201920_3,3,2,6,1,1024,Send/recv,165.0218000008863,0.04964192609677026,313.2458999971277,0.02615197836611785
dma_hardened2,xilinx_u280_xdma_201920_3,3,2,6,1,1024,Send/recv,183.19389999987834,0.04471764616619571,259.534200000644,0.03156424085912251
dma_hardened2,xilinx_u280_xdma_201920_3,3,2,6,1,1024,Send/recv,182.10810000027777,0.0449842703316739,291.357999998354,0.02811661255241414
dma_hardened2,xilinx_u280_xdma_201920_3,3,2,6,1,1024,Send/recv,181.5321999970365,0.045126980227936056,281.7630999970788,0.029074069670886396
dma_hardened2,xilinx_u280_xdma_201920_3,3,2,6,1,1024,Send/recv,170.1687000036145,0.04814046296308308,255.32159999670512,0.03208502531750434
dma_hardened2,xilinx_u280_xdma_201920_3,3,2,6,1,1024,Send/recv,190.5491999991682,0.04299152135005427,295.9846000010202,0.02767711563362338
dma_hardened2,xilinx_u280_xdma_201920_3,3,2,6,1,1024,Send/recv,153.9379000007557,0.05321626448041571,263.37300000136565,0.031104175446828346
dma_hardened2,xilinx_u280_xdma_201920_3,3,2,6,1,1024,Send/recv,160.5530999995608,0.051023617731594154,308.60620000225936,0.02654515690203251
dma_hardened2,xilinx_u280_xdma_201920_3,3,2,6,1,1024,Send/recv,211.60809999969388,0.038713073837966745,277.5595000002795,0.029514392409525705
dma_hardened2,xilinx_u280_xdma_201920_3,3,2,6,1,1024,Send/recv,154.18780000118204,0.053130014177108685,301.9602999984272,0.027129394162221553
dma_hardened2,xilinx_u280_xdma_201920_3,3,2,6,1,1024,Send/recv,167.66500000358064,0.0488593325966961,290.8164000018587,0.028168975339587597
dma_hardened2,xilinx_u280_xdma_201920_3,3,2,6,1,1024,Send/recv,154.50339999460994,0.053021486907639505,294.3666000021494,0.027829244214323853
dma_hardened2,xilinx_u280_xdma_201920_3,3,2,6,1,1024,Send/recv,207.3844999983976,0.039501505657671125,275.7250000001932,0.029710762535113826
dma_hardened2,xilinx_u280_xdma_201920_3,3,2,6,1,1024,Send/recv,183.26419999539212,0.04470049251411882,291.4670999984992,0.028106088131532453
dma_hardened2,xilinx_u280_xdma_201920_3,3,2,6,1,1024,Send/recv,181.42710000006446,0.045153122107982155,250.40620000140737,0.03271484491979016
dma_hardened2,xilinx_u280_xdma_201920_3,3,2,6,1,1024,Send/recv,160.11419999699683,0.05116348206563598,283.7118000002192,0.02887437180968035
dma_hardened2,xilinx_u280_xdma_201920_3,3,2,6,1,1024,Send/recv,170.81830000051923,0.04795739098196797,268.8872000021547,0.030466307060858067
dma_hardened2,xilinx_u280_xdma_201920_3,3,2,6,1,1024,Send/recv,185.43560000239268,0.04417706200909803,273.1175999997504,0.02999440534043755
dma_hardened2,xilinx_u280_xdma_201920_3,3,2,6,1,1024,Send/recv,178.89880000439007,0.04579125181275097,253.9980999983982,0.032252209760827585
dma_hardened2,xilinx_u280_xdma_201920_3,3,2,6,1,1024,Send/recv,163.79399999664201,0.050014042029426886,306.0402000016893,0.026767725285615357
dma_hardened2,xilinx_u280_xdma_201920_3,3,2,6,6,1024,Send/recv,198.92889999937324,0.24708325436955042,280.9692000028008,0.17493732408929533
dma_hardened2,xilinx_u280_xdma_201920_3,3,2,6,6,1024,Send/recv,166.72789999461202,0.29480368913414245,311.0542000001715,0.15801747733987487
dma_hardened2,xilinx_u280_xdma_201920_3,3,2,6,6,1024,Send/recv,183.89300000194453,0.26728586732219417,260.0727000015013,0.1889933084084422
dma_hardened2,xilinx_u280_xdma_201920_3,3,2,6,6,1024,Send/recv,188.21150000007947,0.2611530113727336,259.13050000099247,0.18968048917364705
dma_hardened2,xilinx_u280_xdma_201920_3,3,2,6,6,1024,Send/recv,171.5361999970355,0.2865401005784753,285.95559999757825,0.1718868243895775
dma_hardened2,xilinx_u280_xdma_201920_3,3,2,6,6,1024,Send/recv,160.35949999491095,0.30651130741589894,279.064399995832,0.1761313875963187
dma_hardened2,xilinx_u280_xdma_201920_3,3,2,6,6,1024,Send/recv,186.96579999755158,0.26289299968573754,266.9733000004726,0.18410829846997057
dma_hardened2,xilinx_u280_xdma_201920_3,3,2,6,6,1024,Send/recv,160.2712000021711,0.3066801770956614,251.39070000363972,0.1955203593422046
dma_hardened2,xilinx_u280_xdma_201920_3,3,2,6,6,1024,Send/recv,163.40309999804958,0.30080212676862733,276.4270000000124,0.17781186352996559
dma_hardened2,xilinx_u280_xdma_201920_3,3,2,6,6,1024,Send/recv,183.35079999474146,0.2680762778314013,268.72690000345756,0.18290688427309507
dma_hardened2,xilinx_u280_xdma_201920_3,3,2,6,6,1024,Send/recv,173.0684999984078,0.2840031548228141,334.4977000040217,0.14694271440254758
dma_hardened2,xilinx_u280_xdma_201920_3,3,2,6,6,1024,Send/recv,170.71190000024217,0.287923688974994,261.5814999956001,0.187903196521263
dma_hardened2,xilinx_u280_xdma_201920_3,3,2,6,6,1024,Send/recv,178.88639999910083,0.2747665557596724,270.71310000224,0.18156491133821484
dma_hardened2,xilinx_u280_xdma_201920_3,3,2,6,6,1024,Send/recv,189.24070000139182,0.2597327107733088,261.4460000017971,0.188000581380714
dma_hardened2,xilinx_u280_xdma_201920_3,3,2,6,6,1024,Send/recv,166.29909999892334,0.29556383648689755,250.26389999993626,0.1964006794428302
dma_hardened2,xilinx_u280_xdma_201920_3,3,2,6,6,1024,Send/recv,204.21300000066367,0.24068986793122993,296.8951000013931,0.16555342274011722
dma_hardened2,xilinx_u280_xdma_201920_3,3,2,6,6,1024,Send/recv,166.37230000355885,0.2954337951627079,256.701199998588,0.19147553653925406
dma_hardened2,xilinx_u280_xdma_201920_3,3,2,6,6,1024,Send/recv,184.84909999756383,0.26590337740701897,310.19129999663164,0.15845705537367985
dma_hardened2,xilinx_u280_xdma_201920_3,3,2,6,6,1024,Send/recv,159.11440000309085,0.30890981582462185,259.5235000001139,0.1893932534047145
dma_hardened2,xilinx_u280_xdma_201920_3,3,2,6,6,1024,Send/recv,178.81820000411608,0.274871349777979,309.51500000355736,0.1588032890148622
dma_hardened2,xilinx_u280_xdma_201920_3,3,2,6,12,1024,Send/recv,173.14450000185388,0.5677569890983972,296.3272999977562,0.3317412874235494
dma_hardened2,xilinx_u280_xdma_201920_3,3,2,6,12,1024,Send/recv,164.95729999519426,0.5959360392226589,282.840799997075,0.3475594751571082
dma_hardened2,xilinx_u280_xdma_201920_3,3,2,6,12,1024,Send/recv,172.60399999941,0.5695348891122802,255.8114000009937,0.3842831085699001
dma_hardened2,xilinx_u280_xdma_201920_3,3,2,6,12,1024,Send/recv,177.02380000059748,0.5553151610103738,298.98249999860127,0.32879516359806976
dma_hardened2,xilinx_u280_xdma_201920_3,3,2,6,12,1024,Send/recv,200.5131999965215,0.49026198774796553,319.4923000023664,0.30768816650439423
dma_hardened2,xilinx_u280_xdma_201920_3,3,2,6,12,1024,Send/recv,197.94180000189954,0.49663082784463225,270.2798000029816,0.36371197551173107
dma_hardened2,xilinx_u280_xdma_201920_3,3,2,6,12,1024,Send/recv,183.7391000037769,0.5350194923017435,279.4133999998394,0.35182278301633535
dma_hardened2,xilinx_u280_xdma_201920_3,3,2,6,12,1024,Send/recv,170.47180000417939,0.5766584267755132,271.80060000091544,0.36167690578927675
dma_hardened2,xilinx_u280_xdma_201920_3,3,2,6,12,1024,Send/recv,170.8387999997285,0.575419635353071,284.37009999606744,0.3456903521198587
dma_hardened2,xilinx_u280_xdma_201920_3,3,2,6,12,1024,Send/recv,160.95610000093075,0.6107503847287027,254.4346000036057,0.3863625465978561
dma_hardened2,xilinx_u280_xdma_201920_3,3,2,6,12,1024,Send/recv,197.7725999950053,0.49705570944854166,277.05399999717883,0.35481891617158023
dma_hardened2,xilinx_u280_xdma_201920_3,3,2,6,12,1024,Send/recv,172.68940000008115,0.5692532373148196,258.446800000911,0.38036454697699285
dma_hardened2,xilinx_u280_xdma_201920_3,3,2,6,12,1024,Send/recv,182.172500001343,0.5396204147128425,277.8659999989941,0.35378203882575016
dma_hardened2,xilinx_u280_xdma_201920_3,3,2,6,12,1024,Send/recv,176.8810999976722,0.5557631652069877,336.6180999989865,0.2920342073117755
dma_hardened2,xilinx_u280_xdma_201920_3,3,2,6,12,1024,Send/recv,159.3417000037789,0.6169383155675422,281.0012999987066,0.3498346804817361
dma_hardened2,xilinx_u280_xdma_201920_3,3,2,6,12,1024,Send/recv,151.86229999812895,0.6473232658876572,328.5852999965755,0.29917345663675315
dma_hardened2,xilinx_u280_xdma_201920_3,3,2,6,12,1024,Send/recv,171.6006999970432,0.5728647960159479,306.4643000016076,0.32076819387930117
dma_hardened2,xilinx_u280_xdma_201920_3,3,2,6,12,1024,Send/recv,158.24640000232648,0.6212084445431604,267.5696999972388,0.3673958598489083
dma_hardened2,xilinx_u280_xdma_201920_3,3,2,6,12,1024,Send/recv,175.84390000138228,0.5590412860453348,300.7943999989493,0.3268145949537072
dma_hardened2,xilinx_u280_xdma_201920_3,3,2,6,12,1024,Send/recv,216.35780000224258,0.45435847470708735,285.07040000249617,0.3448411339765167
dma_hardened2,xilinx_u280_xdma_201920_3,3,2,6,24,1024,Send/recv,212.2466000002987,0.9263187254812247,299.0860000011253,0.6573627652222447
dma_hardened2,xilinx_u280_xdma_201920_3,3,2,6,24,1024,Send/recv,211.72389999719599,0.9286056038198985,267.19090000142387,0.7358334434254769
dma_hardened2,xilinx_u280_xdma_201920_3,3,2,6,24,1024,Send/recv,186.5488000021287,1.0539226196992773,300.58229999667674,0.6540904105204256
dma_hardened2,xilinx_u280_xdma_201920_3,3,2,6,24,1024,Send/recv,162.44550000124036,1.2103013010424961,270.7412999995995,0.7261839992653164
dma_hardened2,xilinx_u280_xdma_201920_3,3,2,6,24,1024,Send/recv,166.6627000020071,1.179676076276409,313.74839999784854,0.6266422394547612
dma_hardened2,xilinx_u280_xdma_201920_3,3,2,6,24,1024,Send/recv,192.63810000325066,1.0206080728406393,268.38630000156627,0.7325560209252581
dma_hardened2,xilinx_u280_xdma_201920_3,3,2,6,24,1024,Send/recv,173.6938000021837,1.1319229586636266,316.4198000035867,0.6213517611659303
dma_hardened2,xilinx_u280_xdma_201920_3,3,2,6,24,1024,Send/recv,211.15479999593845,0.9311083622242154,321.19900000111556,0.6121065134054501
dma_hardened2,xilinx_u280_xdma_201920_3,3,2,6,24,1024,Send/recv,168.2087999995474,1.168833021818888,318.14139999823965,0.6179893594517654
dma_hardened2,xilinx_u280_xdma_201920_3,3,2,6,24,1024,Send/recv,172.94159999892145,1.136846195485795,333.2924999995157,0.589896262292988
dma_hardened2,xilinx_u280_xdma_201920_3,3,2,6,24,1024,Send/recv,167.7748999952655,1.171855861666722,279.4980999965446,0.7034323310334868
dma_hardened2,xilinx_u280_xdma_201920_3,3,2,6,24,1024,Send/recv,177.95359999581706,1.1048273258007786,332.3786000009932,0.5915182265025862
dma_hardened2,xilinx_u280_xdma_201920_3,3,2,6,24,1024,Send/recv,172.168699998565,1.1419497272247436,283.3963999989919,0.6937561662769864
dma_hardened2,xilinx_u280_xdma_201920_3,3,2,6,24,1024,Send/recv,162.19099999830178,1.2122004303694938,336.0850000035498,0.584994867363683
dma_hardened2,xilinx_u280_xdma_201920_3,3,2,6,24,1024,Send/recv,184.00600000063605,1.0684868971627035,282.5678999954562,0.6957902861689582
dma_hardened2,xilinx_u280_xdma_201920_3,3,2,6,24,1024,Send/recv,163.3886000036,1.203315286352096,302.3119999966184,0.6503479848705948
dma_hardened2,xilinx_u280_xdma_201920_3,3,2,6,24,1024,Send/recv,206.4386000029117,0.9523800296903144,256.3040000040928,0.7670890817032135
dma_hardened2,xilinx_u280_xdma_201920_3,3,2,6,24,1024,Send/recv,160.9349000034399,1.221661678080998,272.8681999997207,0.720523681397104
dma_hardened2,xilinx_u280_xdma_201920_3,3,2,6,24,1024,Send/recv,187.86789999580833,1.0465225831788543,280.68960000382503,0.7004463293165146
dma_hardened2,xilinx_u280_xdma_201920_3,3,2,6,24,1024,Send/recv,164.96929999902932,1.1917853806808711,290.99170000108643,0.6756481370405614
dma_hardened2,xilinx_u280_xdma_201920_3,3,2,6,48,1024,Send/recv,223.2814999956645,1.7610773844122114,330.85910000068,1.1884696536960655
dma_hardened2,xilinx_u280_xdma_201920_3,3,2,6,48,1024,Send/recv,160.7197999987875,2.446593388014212,285.9143000023323,1.3752932259659358
dma_hardened2,xilinx_u280_xdma_201920_3,3,2,6,48,1024,Send/recv,196.09440000181166,2.00523829337486,294.3845999993755,1.3357220452456893
dma_hardened2,xilinx_u280_xdma_201920_3,3,2,6,48,1024,Send/recv,185.62739999765654,2.1183079653378982,320.05430000481283,1.228591523357402
dma_hardened2,xilinx_u280_xdma_201920_3,3,2,6,48,1024,Send/recv,195.80639999503546,2.0081876793096125,292.0268999957898,1.3465060924376113
dma_hardened2,xilinx_u280_xdma_201920_3,3,2,6,48,1024,Send/recv,182.86439999997128,2.1503146593872935,297.87870000177463,1.3200541025513317
dma_hardened2,xilinx_u280_xdma_201920_3,3,2,6,48,1024,Send/recv,166.90810000454803,2.3558832674345065,291.549900003929,1.3487090888890751
dma_hardened2,xilinx_u280_xdma_201920_3,3,2,6,48,1024,Send/recv,183.05069999655643,2.1481261749198293,312.13309999884586,1.2597702710845278
dma_hardened2,xilinx_u280_xdma_201920_3,3,2,6,48,1024,Send/recv,180.96150000133093,2.1729262854093716,294.3884999979218,1.3357043498736392
dma_hardened2,xilinx_u280_xdma_201920_3,3,2,6,48,1024,Send/recv,169.9044000019967,2.314336768178923,313.5900000017955,1.2539175356285233
dma_hardened2,xilinx_u280_xdma_201920_3,3,2,6,48,1024,Send/recv,172.3253999955432,2.281822644892568,316.88970000232075,1.2408607789938275
dma_hardened2,xilinx_u280_xdma_201920_3,3,2,6,48,1024,Send/recv,180.51380000088102,2.178315452879951,325.885299997708,1.2066085828442263
dma_hardened2,xilinx_u280_xdma_201920_3,3,2,6,48,1024,Send/recv,189.78729999616917,2.0718773069006042,343.89129999681245,1.1434310783775126
dma_hardened2,xilinx_u280_xdma_201920_3,3,2,6,48,1024,Send/recv,182.47290000203975,2.1549282112335835,327.70239999990736,1.199917974357561
dma_hardened2,xilinx_u280_xdma_201920_3,3,2,6,48,1024,Send/recv,184.5764999984567,2.1303687089271266,314.07320000198524,1.2519883899597752
dma_hardened2,xilinx_u280_xdma_201920_3,3,2,6,48,1024,Send/recv,181.78579999812428,2.163073243366959,283.64330000272275,1.3863045592694254
dma_hardened2,xilinx_u280_xdma_201920_3,3,2,6,48,1024,Send/recv,180.3402999996706,2.1804111449338737,312.8672999991977,1.2568139911106349
dma_hardened2,xilinx_u280_xdma_201920_3,3,2,6,48,1024,Send/recv,190.7168000002457,2.0617795600570763,294.2471000039859,1.336346220556374
dma_hardened2,xilinx_u280_xdma_201920_3,3,2,6,48,1024,Send/recv,176.87890000388506,2.2230803108305355,312.652499997057,1.2576774534145778
dma_hardened2,xilinx_u280_xdma_201920_3,3,2,6,48,1024,Send/recv,176.99539999966873,2.221617058978572,271.81110000356057,1.446651737161761
dma_hardened2,xilinx_u280_xdma_201920_3,3,2,6,96,1024,Send/recv,187.88159999871823,4.185785090213012,373.43390000046384,2.1059469962395574
dma_hardened2,xilinx_u280_xdma_201920_3,3,2,6,96,1024,Send/recv,200.8794999994734,3.9149440336224535,354.9606999968091,2.215546678849432
dma_hardened2,xilinx_u280_xdma_201920_3,3,2,6,96,1024,Send/recv,198.80549999697905,3.955785931535849,331.19749999741543,2.3745106771824576
dma_hardened2,xilinx_u280_xdma_201920_3,3,2,6,96,1024,Send/recv,213.34620000175164,3.6861776773785664,349.29509999983566,2.2514830583090633
dma_hardened2,xilinx_u280_xdma_201920_3,3,2,6,96,1024,Send/recv,177.46940000051836,4.431366759552367,321.90139999670464,2.443083503234378
dma_hardened2,xilinx_u280_xdma_201920_3,3,2,6,96,1024,Send/recv,213.83259999652182,3.6777928155612942,330.483400000503,2.379641458538622
dma_hardened2,xilinx_u280_xdma_201920_3,3,2,6,96,1024,Send/recv,187.1671999992941,4.201761847177102,357.18809999707446,2.2017306847748883
dma_hardened2,xilinx_u280_xdma_201920_3,3,2,6,96,1024,Send/recv,203.16970000067158,3.870813413601538,379.9053000022923,2.070073778900307
dma_hardened2,xilinx_u280_xdma_201920_3,3,2,6,96,1024,Send/recv,213.9467999995759,3.6758296922485356,357.58230000055846,2.1993034890115415
dma_hardened2,xilinx_u280_xdma_201920_3,3,2,6,96,1024,Send/recv,193.4474999984559,4.065351064274686,337.60340000412725,2.329455212804094
dma_hardened2,xilinx_u280_xdma_201920_3,3,2,6,96,1024,Send/recv,173.9753999970617,4.520363223842464,312.6817000008941,2.5151200086149945
dma_hardened2,xilinx_u280_xdma_201920_3,3,2,6,96,1024,Send/recv,192.69779999717684,4.081167506902111,353.8095000010344,2.222755465858607
dma_hardened2,xilinx_u280_xdma_201920_3,3,2,6,96,1024,Send/recv,208.4902999968108,3.7720316005686105,296.0410000014235,2.65649690413226
dma_hardened2,xilinx_u280_xdma_201920_3,3,2,6,96,1024,Send/recv,197.9295000012371,3.9732935211531615,356.85439999610935,2.203789556773222
dma_hardened2,xilinx_u280_xdma_201920_3,3,2,6,96,1024,Send/recv,196.89350000362538,3.9941999100301406,365.2711999961866,2.153008504388548
dma_hardened2,xilinx_u280_xdma_201920_3,3,2,6,96,1024,Send/recv,194.1909000038322,4.049788120784652,327.8796000017792,2.3985389758793554
dma_hardened2,xilinx_u280_xdma_201920_3,3,2,6,96,1024,Send/recv,220.22410000204218,3.5710533043055106,333.1403999993654,2.3606623513734695
dma_hardened2,xilinx_u280_xdma_201920_3,3,2,6,96,1024,Send/recv,195.56160000320233,4.021402974751291,380.41549999547897,2.0672974681876695
dma_hardened2,xilinx_u280_xdma_201920_3,3,2,6,96,1024,Send/recv,198.1811000007383,3.9682492427232985,326.9922000015413,2.405048193798791
dma_hardened2,xilinx_u280_xdma_201920_3,3,2,6,96,1024,Send/recv,193.58620000389237,4.062438334882278,395.20290000041314,1.9899449118394068
dma_hardened2,xilinx_u280_xdma_201920_3,3,2,6,192,1024,Send/recv,230.91049999948154,6.811574181353951,400.0736000023153,3.9314366156399663
dma_hardened2,xilinx_u280_xdma_201920_3,3,2,6,192,1024,Send/recv,215.54129999685756,7.297274350776076,389.8488999993788,4.034547744016993
dma_hardened2,xilinx_u280_xdma_201920_3,3,2,6,192,1024,Send/recv,214.72440000138704,7.325036185872866,385.5274000045483,4.079772280728799
dma_hardened2,xilinx_u280_xdma_201920_3,3,2,6,192,1024,Send/recv,210.3314999999384,7.4780239764393865,413.6157999994339,3.802717401032922
dma_hardened2,xilinx_u280_xdma_201920_3,3,2,6,192,1024,Send/recv,218.86939999831156,7.186312933704454,403.99400000410424,3.8932855438051583
dma_hardened2,xilinx_u280_xdma_201920_3,3,2,6,192,1024,Send/recv,198.38030000300932,7.928529193554705,399.5899000017289,3.9361955845060015
dma_hardened2,xilinx_u280_xdma_201920_3,3,2,6,192,1024,Send/recv,218.3440999999675,7.203602020847983,430.2928000015527,3.6553342282146586
dma_hardened2,xilinx_u280_xdma_201920_3,3,2,6,192,1024,Send/recv,228.58219999761786,6.880955735032699,393.1799999975283,4.000366244493331
dma_hardened2,xilinx_u280_xdma_201920_3,3,2,6,192,1024,Send/recv,234.74490000126025,6.700311700026522,463.49329999770816,3.393498892018023
dma_hardened2,xilinx_u280_xdma_201920_3,3,2,6,192,1024,Send/recv,203.56140000217238,7.726730116727506,413.79170000368504,3.8011008920333413
dma_hardened2,xilinx_u280_xdma_201920_3,3,2,6,192,1024,Send/recv,226.61700000412566,6.9406266960173575,454.57009999836373,3.4601131926751485
dma_hardened2,xilinx_u280_xdma_201920_3,3,2,6,192,1024,Send/recv,216.7677000045387,7.255988784154961,388.2477000047402,4.0511869097506485
dma_hardened2,xilinx_u280_xdma_201920_3,3,2,6,192,1024,Send/recv,217.44300000250405,7.23345428448783,440.0366000027134,3.5743935845116095
dma_hardened2,xilinx_u280_xdma_201920_3,3,2,6,192,1024,Send/recv,240.88829999868722,6.529432936379939,366.99610000141547,4.285778513706096
dma_hardened2,xilinx_u280_xdma_201920_3,3,2,6,192,1024,Send/recv,196.3137000018378,8.011993049824213,397.56819999752224,3.956211789599376
dma_hardened2,xilinx_u280_xdma_201920_3,3,2,6,192,1024,Send/recv,220.90740000066944,7.120014992685775,359.535800004096,4.374707609039437
dma_hardened2,xilinx_u280_xdma_201920_3,3,2,6,192,1024,Send/recv,199.0425000030882,7.902151550425645,368.58779999988656,4.267270918897707
dma_hardened2,xilinx_u280_xdma_201920_3,3,2,6,192,1024,Send/recv,210.57569999811676,7.469351876850304,375.7799000027262,4.18559907006359
dma_hardened2,xilinx_u280_xdma_201920_3,3,2,6,192,1024,Send/recv,195.39430000463653,8.049692339861897,397.3282000004019,3.958601478572145
dma_hardened2,xilinx_u280_xdma_201920_3,3,2,6,192,1024,Send/recv,216.68480000016643,7.258764804909213,364.0688000018599,4.32023837250532
dma_hardened2,xilinx_u280_xdma_201920_3,3,2,6,384,1024,Send/recv,250.48329999890487,12.55863364948383,509.2578000017057,6.177083591040656
dma_hardened2,xilinx_u280_xdma_201920_3,3,2,6,384,1024,Send/recv,270.1127999955588,11.64597901340374,499.118099997986,6.302572477360956
dma_hardened2,xilinx_u280_xdma_201920_3,3,2,6,384,1024,Send/recv,252.57649999730344,12.454555352669724,532.2101999979623,5.9106871683632605
dma_hardened2,xilinx_u280_xdma_201920_3,3,2,6,384,1024,Send/recv,270.0258999993821,11.649726933628212,498.6785000028249,6.308128383281374
dma_hardened2,xilinx_u280_xdma_201920_3,3,2,6,384,1024,Send/recv,269.83390000054897,11.65801628332689,505.3353999983301,6.225029950425787
dma_hardened2,xilinx_u280_xdma_201920_3,3,2,6,384,1024,Send/recv,254.5896000015091,12.356074246478856,479.5451999996203,6.55981542512049
dma_hardened2,xilinx_u280_xdma_201920_3,3,2,6,384,1024,Send/recv,253.1377000025259,12.426943912220942,548.7413999958335,5.732623782393464
dma_hardened2,xilinx_u280_xdma_201920_3,3,2,6,384,1024,Send/recv,271.3513999992756,11.592820232393857,492.24219999928204,6.390610150865952
dma_hardened2,xilinx_u280_xdma_201920_3,3,2,6,384,1024,Send/recv,257.34250000368775,12.223896169326565,511.87099999765456,6.145548390149889
dma_hardened2,xilinx_u280_xdma_201920_3,3,2,6,384,1024,Send/recv,251.38160000324203,12.5137559787965,530.3825999988021,5.93105429930602
dma_hardened2,xilinx_u280_xdma_201920_3,3,2,6,384,1024,Send/recv,264.7018000004664,11.884044611689294,529.6621999946183,5.939121198439237
dma_hardened2,xilinx_u280_xdma_201920_3,3,2,6,384,1024,Send/recv,268.2681000010234,11.726060608726867,523.9867000000231,6.003450087568751
dma_hardened2,xilinx_u280_xdma_201920_3,3,2,6,384,1024,Send/recv,254.6042000005855,12.355365700930173,545.8165999982612,5.763342485387988
dma_hardened2,xilinx_u280_xdma_201920_3,3,2,6,384,1024,Send/recv,272.3826000021745,11.548931539587649,476.4964000003147,6.601787547603554
dma_hardened2,xilinx_u280_xdma_201920_3,3,2,6,384,1024,Send/recv,259.37350000049264,12.12817809064544,553.4103000002233,5.684259942394875
dma_hardened2,xilinx_u280_xdma_201920_3,3,2,6,384,1024,Send/recv,258.2915999994384,12.178979107360982,518.8240999984828,6.063187889709054
dma_hardened2,xilinx_u280_xdma_201920_3,3,2,6,384,1024,Send/recv,265.59639999845785,11.844015958116394,515.3133000021626,6.104496041508726
dma_hardened2,xilinx_u280_xdma_201920_3,3,2,6,384,1024,Send/recv,277.8967000040211,11.319774577943825,496.1641999955191,6.34009467032972
dma_hardened2,xilinx_u280_xdma_201920_3,3,2,6,384,1024,Send/recv,250.34490000166446,12.565576530534816,535.0835000001553,5.878947865144575
dma_hardened2,xilinx_u280_xdma_201920_3,3,2,6,384,1024,Send/recv,263.11080000027687,11.955906028930357,528.7686000031044,5.949158100502812
dma_hardened2,xilinx_u280_xdma_201920_3,3,2,6,768,1024,Send/recv,428.49409999803356,14.68271325096162,739.8632999979782,8.503538423945603
dma_hardened2,xilinx_u280_xdma_201920_3,3,2,6,768,1024,Send/recv,413.51799999915784,15.214467084897906,762.3880000039662,8.252301977427857
dma_hardened2,xilinx_u280_xdma_201920_3,3,2,6,768,1024,Send/recv,438.24640000025283,14.355978737067481,666.2871999992603,9.442558704425036
dma_hardened2,xilinx_u280_xdma_201920_3,3,2,6,768,1024,Send/recv,425.03809999629993,14.802098917849408,746.5300999967894,8.427598565720333
dma_hardened2,xilinx_u280_xdma_201920_3,3,2,6,768,1024,Send/recv,415.9992999973383,15.123717756352605,746.8318000007912,8.42419404207659
dma_hardened2,xilinx_u280_xdma_201920_3,3,2,6,768,1024,Send/recv,435.60029999980543,14.443185645195403,714.9685000001682,8.799626836704721
dma_hardened2,xilinx_u280_xdma_201920_3,3,2,6,768,1024,Send/recv,414.04379999789853,15.195146020860431,726.5026000027319,8.659922208091674
dma_hardened2,xilinx_u280_xdma_201920_3,3,2,6,768,1024,Send/recv,424.24350000374034,14.829822967103873,727.4629999983517,8.648489338996285
dma_hardened2,xilinx_u280_xdma_201920_3,3,2,6,768,1024,Send/recv,429.7534000045289,14.639688714350367,764.7402000031889,8.226919416520493
dma_hardened2,xilinx_u280_xdma_201920_3,3,2,6,768,1024,Send/recv,409.6785000001546,15.35705681405694,720.9159000012733,8.727031821588188
dma_hardened2,xilinx_u280_xdma_201920_3,3,2,6,768,1024,Send/recv,429.1135000016766,14.661519621208418,728.9071999991847,8.631353895265457
dma_hardened2,xilinx_u280_xdma_201920_3,3,2,6,768,1024,Send/recv,414.8996999958854,15.163799829362116,738.4266000030948,8.520083106396266
dma_hardened2,xilinx_u280_xdma_201920_3,3,2,6,768,1024,Send/recv,424.2320999992444,14.830221475487606,680.103499996676,9.2507331605127
dma_hardened2,xilinx_u280_xdma_201920_3,3,2,6,768,1024,Send/recv,407.64479999779724,15.433671667181812,743.6805999986973,8.459889904363541
dma_hardened2,xilinx_u280_xdma_201920_3,3,2,6,768,1024,Send/recv,413.8335999982701,15.202864146425762,714.2505999979676,8.80847142448029
dma_hardened2,xilinx_u280_xdma_201920_3,3,2,6,768,1024,Send/recv,432.6863000017056,14.540455752759447,768.2805000001736,8.189009092380424
dma_hardened2,xilinx_u280_xdma_201920_3,3,2,6,768,1024,Send/recv,432.10210000097504,14.560114380341597,696.4022999966346,9.03422633732026
dma_hardened2,xilinx_u280_xdma_201920_3,3,2,6,768,1024,Send/recv,424.7922999979892,14.81066394101254,691.7885999996543,9.094477706055208
dma_hardened2,xilinx_u280_xdma_201920_3,3,2,6,768,1024,Send/recv,415.70930000034423,15.134268105127285,710.2595999981531,8.857966861716982
dma_hardened2,xilinx_u280_xdma_201920_3,3,2,6,768,1024,Send/recv,384.9414000001161,16.34393182961901,694.4798000006358,9.059235416198197
dma_hardened2,xilinx_u280_xdma_201920_3,3,2,6,1536,1024,Send/recv,613.0071999962183,20.526532151788142,1024.1314999973383,12.286422202649467
dma_hardened2,xilinx_u280_xdma_201920_3,3,2,6,1536,1024,Send/recv,558.9242999974431,22.51273025713422,1037.3893000007683,12.129402144393316
dma_hardened2,xilinx_u280_xdma_201920_3,3,2,6,1536,1024,Send/recv,618.5373999983312,20.34300916975101,1043.0920000032984,12.06308935353757
dma_hardened2,xilinx_u280_xdma_201920_3,3,2,6,1536,1024,Send/recv,537.5256999968769,23.4089495629197,1040.712399998256,12.090671736034938
dma_hardened2,xilinx_u280_xdma_201920_3,3,2,6,1536,1024,Send/recv,605.09820000334,20.794826360300764,1034.3565000027866,12.16496633410831
dma_hardened2,xilinx_u280_xdma_201920_3,3,2,6,1536,1024,Send/recv,605.3635000000668,20.78571304678695,1020.2515000003131,12.333147268096287
dma_hardened2,xilinx_u280_xdma_201920_3,3,2,6,1536,1024,Send/recv,576.9686999997248,21.808656171480365,1042.7959000026021,12.066514645836833
dma_hardened2,xilinx_u280_xdma_201920_3,3,2,6,1536,1024,Send/recv,566.0735000049044,22.228406734975195,1053.5132999962116,11.943761887054722
dma_hardened2,xilinx_u280_xdma_201920_3,3,2,6,1536,1024,Send/recv,595.2352999997856,21.13939143058977,990.6999999998334,12.701031593824686
dma_hardened2,xilinx_u280_xdma_201920_3,3,2,6,1536,1024,Send/recv,622.139399996513,20.22522926545164,1027.0858000012595,12.25108165255967
dma_hardened2,xilinx_u280_xdma_201920_3,3,2,6,1536,1024,Send/recv,594.5011999983763,21.165494703853195,1048.201999998355,12.004281617493334
dma_hardened2,xilinx_u280_xdma_201920_3,3,2,6,1536,1024,Send/recv,587.2600999964561,21.426471847952776,1003.8630999986253,12.534490011653213
dma_hardened2,xilinx_u280_xdma_201920_3,3,2,6,1536,1024,Send/recv,620.8563000029699,20.267027974009135,966.0157999974217,13.025575772190873
dma_hardened2,xilinx_u280_xdma_201920_3,3,2,6,1536,1024,Send/recv,584.932200001731,21.51174443800968,1064.3701999981658,11.821931880488275
dma_hardened2,xilinx_u280_xdma_201920_3,3,2,6,1536,1024,Send/recv,613.3045000012771,20.516581893616955,1068.9522000006946,11.771257872888821
dma_hardened2,xilinx_u280_xdma_201920_3,3,2,6,1536,1024,Send/recv,590.6885999991118,21.30210740484736,1049.5529000024817,11.988830672537086
dma_hardened2,xilinx_u280_xdma_201920_3,3,2,6,1536,1024,Send/recv,622.1708999987641,20.224205278686284,951.3118999961989,13.22690486690041
dma_hardened2,xilinx_u280_xdma_201920_3,3,2,6,1536,1024,Send/recv,583.2935000000816,21.572179357387387,1061.1358000005566,11.85796577591049
dma_hardened2,xilinx_u280_xdma_201920_3,3,2,6,1536,1024,Send/recv,596.3671000017712,21.099272578857263,1061.0645999975077,11.85876147411718
dma_hardened2,xilinx_u280_xdma_201920_3,3,2,6,1536,1024,Send/recv,623.5126000035507,20.180686003664313,1036.1206999959904,12.144253077897869
dma_hardened2,xilinx_u280_xdma_201920_3,3,2,6,3072,1024,Send/recv,829.4632000001911,30.339892113350178,1714.9332000030881,14.674521433228234
dma_hardened2,xilinx_u280_xdma_201920_3,3,2,6,3072,1024,Send/recv,846.028699999124,29.745827771594577,1685.8522000006815,14.92765735928086
dma_hardened2,xilinx_u280_xdma_201920_3,3,2,6,3072,1024,Send/recv,804.6880999984296,31.274010389925127,1682.0872999971925,14.961068905307116
dma_hardened2,xilinx_u280_xdma_201920_3,3,2,6,3072,1024,Send/recv,837.7891000009186,30.03837600653005,1752.0159000014246,14.36392443697545
dma_hardened2,xilinx_u280_xdma_201920_3,3,2,6,3072,1024,Send/recv,826.4247999989038,30.45143853383076,1698.8453000010395,14.813487726036387
dma_hardened2,xilinx_u280_xdma_201920_3,3,2,6,3072,1024,Send/recv,783.0801000011434,32.13697296095668,1693.3985000036955,14.861135166911438
dma_hardened2,xilinx_u280_xdma_201920_3,3,2,6,3072,1024,Send/recv,783.9246000003186,32.10235270074414,1665.1249999995343,15.11347436379073
dma_hardened2,xilinx_u280_xdma_201920_3,3,2,6,3072,1024,Send/recv,777.2670999997899,32.37731791298873,1810.4004000008445,13.900695116941126
dma_hardened2,xilinx_u280_xdma_201920_3,3,2,6,3072,1024,Send/recv,806.8113999968318,31.191706017166865,1779.7362000010253,14.140198980042943
dma_hardened2,xilinx_u280_xdma_201920_3,3,2,6,3072,1024,Send/recv,842.245000001185,29.87945787741642,1728.4449999976914,14.559806068479825
dma_hardened2,xilinx_u280_xdma_201920_3,3,2,6,3072,1024,Send/recv,828.7790999986555,30.364935602310467,1676.426099999162,15.011591623402056
dma_hardened2,xilinx_u280_xdma_201920_3,3,2,6,3072,1024,Send/recv,797.8739999998652,31.54110047451634,1696.6723999985334,14.832459112331735
dma_hardened2,xilinx_u280_xdma_201920_3,3,2,6,3072,1024,Send/recv,815.8191000006809,30.847309164469177,1846.3082000039321,13.630348389259389
dma_hardened2,xilinx_u280_xdma_201920_3,3,2,6,3072,1024,Send/recv,808.9472999984082,31.10934915049413,1653.3610999999837,15.221008889104894
dma_hardened2,xilinx_u280_xdma_201920_3,3,2,6,3072,1024,Send/recv,806.5586999975949,31.201478578155616,1681.937600000083,14.9624005076043
dma_hardened2,xilinx_u280_xdma_201920_3,3,2,6,3072,1024,Send/recv,833.388700004889,30.196982512304725,1701.091099999985,14.793930789479893
dma_hardened2,xilinx_u280_xdma_201920_3,3,2,6,3072,1024,Send/recv,834.6942000002855,30.14975304727335,1680.3529000014805,14.976511184036298
dma_hardened2,xilinx_u280_xdma_201920_3,3,2,6,3072,1024,Send/recv,829.5263000036357,30.33758423318188,1630.0037000007706,15.43912078235657
dma_hardened2,xilinx_u280_xdma_201920_3,3,2,6,3072,1024,Send/recv,809.2653999995036,31.09712091980633,1654.4719000023633,15.210789618103547
dma_hardened2,xilinx_u280_xdma_201920_3,3,2,6,3072,1024,Send/recv,809.715299999425,31.079842507629373,1684.4897999988007,14.939730712538548
dma_hardened2,xilinx_u280_xdma_201920_3,3,2,6,6144,1024,Send/recv,1248.252999999977,40.32167196874426,2894.913800002996,17.386233745525654
dma_hardened2,xilinx_u280_xdma_201920_3,3,2,6,6144,1024,Send/recv,1259.721899998567,39.95457092558068,2856.893799997806,17.61761252729753
dma_hardened2,xilinx_u280_xdma_201920_3,3,2,6,6144,1024,Send/recv,1287.5899999983176,39.08980964442545,2892.847300000767,17.398653568747527
dma_hardened2,xilinx_u280_xdma_201920_3,3,2,6,6144,1024,Send/recv,1261.3524000016696,39.90292324328505,2882.514399999536,17.461022224210954
dma_hardened2,xilinx_u280_xdma_201920_3,3,2,6,6144,1024,Send/recv,1241.1512999960905,40.55238712649984,2831.307299999253,17.776822741923237
dma_hardened2,xilinx_u280_xdma_201920_3,3,2,6,6144,1024,Send/recv,1241.7776000006597,40.53193422072782,2838.4888999994473,17.731845983265885
dma_hardened2,xilinx_u280_xdma_201920_3,3,2,6,6144,1024,Send/recv,1279.4337999991967,39.339001361408144,2854.8088000036387,17.630479491283566
dma_hardened2,xilinx_u280_xdma_201920_3,3,2,6,6144,1024,Send/recv,1298.1173000014223,38.772804275811474,2877.2843000012926,17.492761490401694
dma_hardened2,xilinx_u280_xdma_201920_3,3,2,6,6144,1024,Send/recv,1270.9831999984544,39.60056120337484,2899.189300001126,17.360593873597857
dma_hardened2,xilinx_u280_xdma_201920_3,3,2,6,6144,1024,Send/recv,1229.6311999989484,40.93231206238345,2781.807700000627,18.093144252921817
dma_hardened2,xilinx_u280_xdma_201920_3,3,2,6,6144,1024,Send/recv,1261.7691999992076,39.889742117680164,2780.87350000078,18.099222420576083
dma_hardened2,xilinx_u280_xdma_201920_3,3,2,6,6144,1024,Send/recv,1262.075099998583,39.88007369771934,2860.726099999056,17.594011534350184
dma_hardened2,xilinx_u280_xdma_201920_3,3,2,6,6144,1024,Send/recv,1278.345299999728,39.37249818183765,2886.679699997785,17.435827050724964
dma_hardened2,xilinx_u280_xdma_201920_3,3,2,6,6144,1024,Send/recv,1288.7428000055934,39.05484321602538,2896.2868999997227,17.377991109929344
dma_hardened2,xilinx_u280_xdma_201920_3,3,2,6,6144,1024,Send/recv,1262.5410999987707,39.86535408633351,2871.189699999377,17.52989292209112
dma_hardened2,xilinx_u280_xdma_201920_3,3,2,6,6144,1024,Send/recv,1310.494300003029,38.40661344340351,2845.5848000021433,17.687628919005363
dma_hardened2,xilinx_u280_xdma_201920_3,3,2,6,6144,1024,Send/recv,1255.5411999983335,40.087611621240946,2868.932999996332,17.54368191939803
dma_hardened2,xilinx_u280_xdma_201920_3,3,2,6,6144,1024,Send/recv,1263.3363000020381,39.84026106106411,2904.966900001682,17.326065918331413
dma_hardened2,xilinx_u280_xdma_201920_3,3,2,6,6144,1024,Send/recv,1241.7068000047493,40.53424528222563,2818.707699998413,17.856284991887716
dma_hardened2,xilinx_u280_xdma_201920_3,3,2,6,6144,1024,Send/recv,1276.2206999980208,39.43804390579,2828.6871999966934,17.793288702992268
dma_hardened2,xilinx_u280_xdma_201920_3,3,2,6,12288,1024,Send/recv,2236.566100003756,45.00796824195401,4877.937300000212,20.63644729504736
dma_hardened2,xilinx_u280_xdma_201920_3,3,2,6,12288,1024,Send/recv,2264.5738000051097,44.451320597179425,4888.708499998984,20.590979396709972
dma_hardened2,xilinx_u280_xdma_201920_3,3,2,6,12288,1024,Send/recv,2261.2290999973084,44.51707082671093,4861.804500001199,20.70492468382371
dma_hardened2,xilinx_u280_xdma_201920_3,3,2,6,12288,1024,Send/recv,2255.994400002237,44.62036607887865,4880.675300000803,20.624870496913296
dma_hardened2,xilinx_u280_xdma_201920_3,3,2,6,12288,1024,Send/recv,2244.1759000003003,44.85535024237028,4848.923899999136,20.759924897979516
dma_hardened2,xilinx_u280_xdma_201920_3,3,2,6,12288,1024,Send/recv,2223.947900000667,45.26333373186028,4819.929100000309,20.884808450811764
dma_hardened2,xilinx_u280_xdma_201920_3,3,2,6,12288,1024,Send/recv,2265.2502000028107,44.438047505690584,4920.581300001459,20.457602438144892
dma_hardened2,xilinx_u280_xdma_201920_3,3,2,6,12288,1024,Send/recv,2254.130999995141,44.65725195217891,4857.815299999402,20.721927406340953
dma_hardened2,xilinx_u280_xdma_201920_3,3,2,6,12288,1024,Send/recv,2266.5759999995316,44.41205412923317,4868.965299999672,20.6744738969503
dma_hardened2,xilinx_u280_xdma_201920_3,3,2,6,12288,1024,Send/recv,2233.062200002678,45.078590287310085,4924.1472000005615,20.442787737943437
dma_hardened2,xilinx_u280_xdma_201920_3,3,2,6,12288,1024,Send/recv,2231.4692000009018,45.11077096648223,4891.02920000164,20.581209369996454
dma_hardened2,xilinx_u280_xdma_201920_3,3,2,6,12288,1024,Send/recv,2294.3548000000646,43.874337133906735,4924.052300003723,20.44318172654744
dma_hardened2,xilinx_u280_xdma_201920_3,3,2,6,12288,1024,Send/recv,2253.0891999963387,44.67790090164365,4943.4836999978415,20.362825511095334
dma_hardened2,xilinx_u280_xdma_201920_3,3,2,6,12288,1024,Send/recv,2305.8632000015677,43.655363423090996,4938.482500000418,20.383446939417418
dma_hardened2,xilinx_u280_xdma_201920_3,3,2,6,12288,1024,Send/recv,2250.6539999994857,44.72624223893277,4944.063900001083,20.360435875429914
dma_hardened2,xilinx_u280_xdma_201920_3,3,2,6,12288,1024,Send/recv,2264.623000002075,44.4503548713882,4901.5042000007725,20.537225286879107
dma_hardened2,xilinx_u280_xdma_201920_3,3,2,6,12288,1024,Send/recv,2240.2499999998327,44.933956478075,4932.141500000853,20.4096528860704
dma_hardened2,xilinx_u280_xdma_201920_3,3,2,6,12288,1024,Send/recv,2251.866900002142,44.70215180120292,4868.583800003989,20.67609393925139
dma_hardened2,xilinx_u280_xdma_201920_3,3,2,6,12288,1024,Send/recv,2275.1355999957923,44.2449654430207,4886.426500002017,20.60059554767854
dma_hardened2,xilinx_u280_xdma_201920_3,3,2,6,12288,1024,Send/recv,2276.8890000008923,44.210893021118096,4822.007299998177,20.875807467159593
dma_hardened2,xilinx_u280_xdma_201920_3,3,2,6,24576,1024,Send/recv,3936.267500000668,51.14657273672733,8639.938499999289,23.301854752787484
dma_hardened2,xilinx_u280_xdma_201920_3,3,2,6,24576,1024,Send/recv,3945.794200001273,51.02308478225626,8688.018999998803,23.172899598864564
dma_hardened2,xilinx_u280_xdma_201920_3,3,2,6,24576,1024,Send/recv,3919.4221999991896,51.36639579171686,8657.28699999977,23.255159728446728
dma_hardened2,xilinx_u280_xdma_201920_3,3,2,6,24576,1024,Send/recv,3918.82819999978,51.374181700542856,8684.768799997755,23.18157185716355
dma_hardened2,xilinx_u280_xdma_201920_3,3,2,6,24576,1024,Send/recv,3892.0406999977786,51.727771500466304,8620.734799995944,23.353762373028193
dma_hardened2,xilinx_u280_xdma_201920_3,3,2,6,24576,1024,Send/recv,3964.136499996584,50.78699787461241,8609.081000003016,23.38537551219805
dma_hardened2,xilinx_u280_xdma_201920_3,3,2,6,24576,1024,Send/recv,3879.623900002116,51.89332708252731,8631.706800002803,23.32407676311881
dma_hardened2,xilinx_u280_xdma_201920_3,3,2,6,24576,1024,Send/recv,3913.4429000000637,51.444877859338824,8707.641699999158,23.120679391300573
dma_hardened2,xilinx_u280_xdma_201920_3,3,2,6,24576,1024,Send/recv,3906.6362999960797,51.534511159946476,8648.281300003191,23.279375984211534
dma_hardened2,xilinx_u280_xdma_201920_3,3,2,6,24576,1024,Send/recv,3898.4392000031676,51.64287081861798,8657.790699999168,23.253806770821953
dma_hardened2,xilinx_u280_xdma_201920_3,3,2,6,24576,1024,Send/recv,3885.7249999978194,51.81184772471366,8663.91550000003,23.237367908308812
dma_hardened2,xilinx_u280_xdma_201920_3,3,2,6,24576,1024,Send/recv,3900.7391999973606,51.61242053817292,8665.650199998254,23.232716224806833
dma_hardened2,xilinx_u280_xdma_201920_3,3,2,6,24576,1024,Send/recv,3924.622199997429,51.29833694568916,8653.349000002208,23.265742777732484
dma_hardened2,xilinx_u280_xdma_201920_3,3,2,6,24576,1024,Send/recv,3897.304100001975,51.657911939665674,8727.019399998426,23.069341635706266
dma_hardened2,xilinx_u280_xdma_201920_3,3,2,6,24576,1024,Send/recv,3897.1474999982547,51.65998772181196,8683.314600000358,23.185454089155275
dma_hardened2,xilinx_u280_xdma_201920_3,3,2,6,24576,1024,Send/recv,3910.6761999960327,51.481273750100875,8697.403200000053,23.147896834310128
dma_hardened2,xilinx_u280_xdma_201920_3,3,2,6,24576,1024,Send/recv,3888.8411000016276,51.7703312691063,8678.870900001812,23.197325357145015
dma_hardened2,xilinx_u280_xdma_201920_3,3,2,6,24576,1024,Send/recv,3872.5897999995595,51.9875851555522,8674.107899997807,23.210063135143947
dma_hardened2,xilinx_u280_xdma_201920_3,3,2,6,24576,1024,Send/recv,3906.0417000030156,51.54235603778745,8713.496299998269,23.10514460194813
dma_hardened2,xilinx_u280_xdma_201920_3,3,2,6,24576,1024,Send/recv,3893.866999999318,51.70351016098784,8647.64549999677,23.281087551527776
experiment,board_instance,number of nodes,rank id,number of banks,buffer size[KB],segment_size[KB],collective name,execution_time[us],throughput[Gbps],execution_time_fullpath[us],throughput_fullpath[Gbps]
dma_hardened2,xilinx_u280_xdma_201920_3,3,2,6,24,256,Reduce,324.96399995807224,1.815044128199126,683.9850000233128,0.8623347002929839
dma_hardened2,xilinx_u280_xdma_201920_3,3,2,6,24,256,Reduce,234.62100000415376,2.513943764580143,489.37400003978837,1.2052622328771954
dma_hardened2,xilinx_u280_xdma_201920_3,3,2,6,24,256,Reduce,226.95799998473376,2.598824452276079,450.81900003651754,1.3083388232355395
dma_hardened2,xilinx_u280_xdma_201920_3,3,2,6,24,256,Reduce,274.57300001287877,2.148150036501529,311.9439999750284,1.890800913135743
dma_hardened2,xilinx_u280_xdma_201920_3,3,2,6,24,256,Reduce,194.87299999809693,3.0267097032721826,336.43000000438406,1.753184912143132
dma_hardened2,xilinx_u280_xdma_201920_3,3,2,6,24,256,Reduce,186.54299998388524,3.1618661651788207,366.3329999881171,1.610076078374409
dma_hardened2,xilinx_u280_xdma_201920_3,3,2,6,24,256,Reduce,329.12499995063627,1.7920972277659386,351.40100004582564,1.6784926620103018
dma_hardened2,xilinx_u280_xdma_201920_3,3,2,6,24,256,Reduce,209.4840000381737,2.8156040551665904,467.95700001212026,1.2604235004171822
dma_hardened2,xilinx_u280_xdma_201920_3,3,2,6,24,256,Reduce,182.74399997153523,3.227597076193324,268.87500001748776,2.193673640024686
dma_hardened2,xilinx_u280_xdma_201920_3,3,2,6,24,256,Reduce,175.2699999997276,3.365230786791332,323.59799996584115,1.8227059501673728
dma_hardened2,xilinx_u280_xdma_201920_3,3,2,6,24,256,Reduce,220.3510000526876,2.676747552128053,315.8829999847512,1.8672229908810314
dma_hardened2,xilinx_u280_xdma_201920_3,3,2,6,24,256,Reduce,174.854000022151,3.3732371002395105,387.80500000257234,1.5209293330310019
dma_hardened2,xilinx_u280_xdma_201920_3,3,2,6,24,256,Reduce,232.29200002106154,2.5391490018878033,350.4489999954785,1.6830523129117498
dma_hardened2,xilinx_u280_xdma_201920_3,3,2,6,24,256,Reduce,213.00000003066089,2.7691267601647707,331.3870000170027,1.7798646294807507
dma_hardened2,xilinx_u280_xdma_201920_3,3,2,6,24,256,Reduce,208.21499998646686,2.832764210255439,312.33800001473355,1.8884157546381708
dma_hardened2,xilinx_u280_xdma_201920_3,3,2,6,24,256,Reduce,218.29500002468194,2.7019583587957143,275.73699998129086,2.1390818063590316
dma_hardened2,xilinx_u280_xdma_201920_3,3,2,6,24,256,Reduce,178.17499997363484,3.3103634072528596,260.28500002439614,2.266069884721427
dma_hardened2,xilinx_u280_xdma_201920_3,3,2,6,24,256,Reduce,223.83300000683448,2.635107423757848,306.5120000087518,1.924309651769454
dma_hardened2,xilinx_u280_xdma_201920_3,3,2,6,24,256,Reduce,178.32800000405769,3.3075232155723113,287.0089999760239,2.055071443924311
dma_hardened2,xilinx_u280_xdma_201920_3,3,2,6,24,256,Reduce,188.8189999590395,3.1237534365077164,320.9029999879931,1.8380133561296368
dma_hardened2,xilinx_u280_xdma_201920_3,3,2,6,48,256,Reduce,184.3480000047748,6.399027925279612,286.90800002095784,4.11158977760756
dma_hardened2,xilinx_u280_xdma_201920_3,3,2,6,48,256,Reduce,195.94499997310777,6.020301616075426,340.6929999982822,3.462495560536753
dma_hardened2,xilinx_u280_xdma_201920_3,3,2,6,48,256,Reduce,193.53699997282092,6.095206602177682,265.76700003033693,4.438654911502726
dma_hardened2,xilinx_u280_xdma_201920_3,3,2,6,48,256,Reduce,188.4600000039427,6.259407831769718,320.39100000247345,3.681901176970929
dma_hardened2,xilinx_u280_xdma_201920_3,3,2,6,48,256,Reduce,180.42800002149306,6.538053959803785,292.1050000281866,4.0384382324375485
dma_hardened2,xilinx_u280_xdma_201920_3,3,2,6,48,256,Reduce,198.14600000245264,5.953428280083365,282.4000000032356,4.177223795986133
dma_hardened2,xilinx_u280_xdma_201920_3,3,2,6,48,256,Reduce,222.116999964328,5.310930726551554,335.278000022754,3.518417551762842
dma_hardened2,xilinx_u280_xdma_201920_3,3,2,6,48,256,Reduce,207.57699996920564,5.682941752578573,318.42200002074605,3.704668647025466
dma_hardened2,xilinx_u280_xdma_201920_3,3,2,6,48,256,Reduce,220.1450000143268,5.358504621604987,361.92800001799696,3.2593443998290863
dma_hardened2,xilinx_u280_xdma_201920_3,3,2,6,48,256,Reduce,203.74300004277757,5.789882350570684,337.9290000111723,3.49081611806326
dma_hardened2,xilinx_u280_xdma_201920_3,3,2,6,48,256,Reduce,215.67300001379408,5.469613720421896,268.0819999909545,4.400325273758787
dma_hardened2,xilinx_u280_xdma_201920_3,3,2,6,48,256,Reduce,179.11200001208272,6.586091383717574,274.0569999559739,4.304389233588289
dma_hardened2,xilinx_u280_xdma_201920_3,3,2,6,48,256,Reduce,204.8800000125084,5.757750878211538,315.92999999929816,3.7338904187719453
dma_hardened2,xilinx_u280_xdma_201920_3,3,2,6,48,256,Reduce,219.35500001291075,5.377803104240015,290.64599999628626,4.058710596447476
dma_hardened2,xilinx_u280_xdma_201920_3,3,2,6,48,256,Reduce,185.84299999702125,6.347551427919845,278.8509999618327,4.23038827245182
dma_hardened2,xilinx_u280_xdma_201920_3,3,2,6,48,256,Reduce,209.93700002236437,5.6190571451165505,326.05799998464136,3.6179084704425786
dma_hardened2,xilinx_u280_xdma_201920_3,3,2,6,48,256,Reduce,190.98699999631208,6.176587935423766,282.5319999715248,4.175272181979003
dma_hardened2,xilinx_u280_xdma_201920_3,3,2,6,48,256,Reduce,191.79400004532,6.150599078809843,304.77600000722305,3.870540987387599
dma_hardened2,xilinx_u280_xdma_201920_3,3,2,6,48,256,Reduce,233.45199997493182,5.053064442055202,317.79100004314387,3.712024569103118
dma_hardened2,xilinx_u280_xdma_201920_3,3,2,6,48,256,Reduce,223.35599999223632,5.281469940547841,314.54999998459243,3.750271817064958
dma_hardened2,xilinx_u280_xdma_201920_3,3,2,6,96,256,Reduce,210.89399996299107,11.187117700901984,308.0370000247967,7.659131856920042
dma_hardened2,xilinx_u280_xdma_201920_3,3,2,6,96,256,Reduce,192.58499997931722,12.250673729799196,396.8340000142234,5.945297025747385
dma_hardened2,xilinx_u280_xdma_201920_3,3,2,6,96,256,Reduce,221.79100000130347,10.637474018270058,384.70999999162814,6.132660965535967
dma_hardened2,xilinx_u280_xdma_201920_3,3,2,6,96,256,Reduce,198.76099997873098,11.87001474259268,345.78600002532767,6.822994568395451
dma_hardened2,xilinx_u280_xdma_201920_3,3,2,6,96,256,Reduce,228.60899997567685,10.320223614341607,314.30100000306993,7.506485820843572
dma_hardened2,xilinx_u280_xdma_201920_3,3,2,6,96,256,Reduce,206.06599997563535,11.44922500693446,328.55499995321225,7.180825129235516
dma_hardened2,xilinx_u280_xdma_201920_3,3,2,6,96,256,Reduce,190.8159999857162,12.364246185731849,302.84999996865736,7.790312036467455
dma_hardened2,xilinx_u280_xdma_201920_3,3,2,6,96,256,Reduce,233.99000002655157,10.082892430156345,395.3080000087539,5.96824754355529
dma_hardened2,xilinx_u280_xdma_201920_3,3,2,6,96,256,Reduce,213.97099999376223,11.02624187422024,380.5549999924551,6.199618977668866
dma_hardened2,xilinx_u280_xdma_201920_3,3,2,6,96,256,Reduce,226.77200001908204,10.403824104393284,386.8809999971745,6.0982472647073145
dma_hardened2,xilinx_u280_xdma_201920_3,3,2,6,96,256,Reduce,206.45799997964787,11.427486463264072,323.9510000412338,7.282879199939804
dma_hardened2,xilinx_u280_xdma_201920_3,3,2,6,96,256,Reduce,204.8150000177884,11.519156310793118,344.0819999696032,6.856784139270361
dma_hardened2,xilinx_u280_xdma_201920_3,3,2,6,96,256,Reduce,239.561999990201,9.848373281641095,393.33400002306007,5.998200002699185
dma_hardened2,xilinx_u280_xdma_201920_3,3,2,6,96,256,Reduce,239.51400004307288,9.85034695080754,348.3300000084455,6.773163379389652
dma_hardened2,xilinx_u280_xdma_201920_3,3,2,6,96,256,Reduce,213.62800003998927,11.043945548141446,357.39000003331967,6.601460588656765
dma_hardened2,xilinx_u280_xdma_201920_3,3,2,6,96,256,Reduce,232.96799997751805,10.127124756308495,356.75700002002486,6.613173672464933
dma_hardened2,xilinx_u280_xdma_201920_3,3,2,6,96,256,Reduce,201.3270000134071,11.718726250542083,309.52499997738414,7.622311607050756
dma_hardened2,xilinx_u280_xdma_201920_3,3,2,6,96,256,Reduce,197.84099998787497,11.92521267151194,369.7790000387613,6.3802866029512
dma_hardened2,xilinx_u280_xdma_201920_3,3,2,6,96,256,Reduce,233.95700003447928,10.084314637528692,318.73300002871474,7.402107719588026
dma_hardened2,xilinx_u280_xdma_201920_3,3,2,6,96,256,Reduce,229.42100002865118,10.283696783229782,342.75100000513703,6.88341098921561
dma_hardened2,xilinx_u280_xdma_201920_3,3,2,6,192,256,Reduce,249.7850000509061,18.89061392412816,385.51699998379263,12.23964701997155
dma_hardened2,xilinx_u280_xdma_201920_3,3,2,6,192,256,Reduce,251.40399998235807,18.768961513464863,405.0530000085928,11.649319965288246
dma_hardened2,xilinx_u280_xdma_201920_3,3,2,6,192,256,Reduce,269.89299999513605,17.483195192483826,354.14500001706983,13.323898402554216
dma_hardened2,xilinx_u280_xdma_201920_3,3,2,6,192,256,Reduce,243.58800004620207,19.371200548077123,368.7409999884039,12.79649401652756
dma_hardened2,xilinx_u280_xdma_201920_3,3,2,6,192,256,Reduce,278.2529999763028,16.95791959260764,403.56200003088816,11.692359537416419
dma_hardened2,xilinx_u280_xdma_201920_3,3,2,6,192,256,Reduce,273.83399998370805,17.231578256464633,377.6620000053299,12.494219698919688
dma_hardened2,xilinx_u280_xdma_201920_3,3,2,6,192,256,Reduce,251.5830000220376,18.755607491709185,388.1779999801438,12.15574298451063
dma_hardened2,xilinx_u280_xdma_201920_3,3,2,6,192,256,Reduce,233.6860000013985,20.192018349288197,411.61199999351084,11.463689105454627
dma_hardened2,xilinx_u280_xdma_201920_3,3,2,6,192,256,Reduce,268.84599998311387,17.551282147758844,368.49400004257404,12.805071451515728
dma_hardened2,xilinx_u280_xdma_201920_3,3,2,6,192,256,Reduce,247.32599996468707,19.07843089959695,376.09999998267085,12.546110077685224
dma_hardened2,xilinx_u280_xdma_201920_3,3,2,6,192,256,Reduce,249.00699997942866,18.94963595557482,410.9679999828586,11.481653073224221
dma_hardened2,xilinx_u280_xdma_201920_3,3,2,6,192,256,Reduce,271.13099997677637,17.403365902106987,377.6550000225143,12.49445128415802
dma_hardened2,xilinx_u280_xdma_201920_3,3,2,6,192,256,Reduce,263.87400004068695,17.881989128419008,367.4939999882554,12.839915754136937
dma_hardened2,xilinx_u280_xdma_201920_3,3,2,6,192,256,Reduce,240.125999994234,19.65048349663637,394.5420000377453,11.959669691816279
dma_hardened2,xilinx_u280_xdma_201920_3,3,2,6,192,256,Reduce,253.5940000143455,18.606875555940103,410.88000000399916,11.484112149420934
dma_hardened2,xilinx_u280_xdma_201920_3,3,2,6,192,256,Reduce,253.61600000906037,18.605261497032636,408.0850000036662,11.562767560575882
dma_hardened2,xilinx_u280_xdma_201920_3,3,2,6,192,256,Reduce,265.24800000515825,17.789359391619307,404.75499997683073,11.657896753023692
dma_hardened2,xilinx_u280_xdma_201920_3,3,2,6,192,256,Reduce,284.9589999982527,16.558845307672097,427.7719999663532,11.030623791111026
dma_hardened2,xilinx_u280_xdma_201920_3,3,2,6,192,256,Reduce,245.0119999934941,19.258615905038507,405.7989999637357,11.62790445620043
dma_hardened2,xilinx_u280_xdma_201920_3,3,2,6,192,256,Reduce,269.0089999646261,17.540647341243155,416.6639999994004,11.324693278053276
dma_hardened2,xilinx_u280_xdma_201920_3,3,2,6,384,256,Reduce,306.5550000087569,30.78463570886276,517.6500000061424,18.23082005194247
dma_hardened2,xilinx_u280_xdma_201920_3,3,2,6,384,256,Reduce,301.6389999856983,31.286352230472342,511.5870000054201,18.44688000261933
dma_hardened2,xilinx_u280_xdma_201920_3,3,2,6,384,256,Reduce,309.77300002632546,30.46483715235995,467.60800000811287,20.181827513293758
dma_hardened2,xilinx_u280_xdma_201920_3,3,2,6,384,256,Reduce,311.8710000080682,30.25989591772193,443.3940000012626,21.283968659867128
dma_hardened2,xilinx_u280_xdma_201920_3,3,2,6,384,256,Reduce,333.89899999747286,28.263588690206998,625.8119999529299,15.079902591688578
dma_hardened2,xilinx_u280_xdma_201920_3,3,2,6,384,256,Reduce,287.16299999587136,32.86350957517397,555.0519999815151,17.002342123466427
dma_hardened2,xilinx_u280_xdma_201920_3,3,2,6,384,256,Reduce,307.7119999943534,30.668885191910537,490.31600002535924,19.247146737026544
dma_hardened2,xilinx_u280_xdma_201920_3,3,2,6,384,256,Reduce,302.87300000964024,31.15888177453791,502.49200000962446,18.780764668530534
dma_hardened2,xilinx_u280_xdma_201920_3,3,2,6,384,256,Reduce,329.930000020795,28.603594700103624,496.26100002342355,19.016573939025157
dma_hardened2,xilinx_u280_xdma_201920_3,3,2,6,384,256,Reduce,334.4739999988633,28.215000269175096,500.9180000001834,18.83977816727797
dma_hardened2,xilinx_u280_xdma_201920_3,3,2,6,384,256,Reduce,305.20500001784967,30.920804047928684,514.8040000335641,18.331605813833452
dma_hardened2,xilinx_u280_xdma_201920_3,3,2,6,384,256,Reduce,323.76800004385586,29.147982502043718,475.23400002091876,19.857973123944404
dma_hardened2,xilinx_u280_xdma_201920_3,3,2,6,384,256,Reduce,302.24500000031185,31.223623219541306,478.412000006756,19.726060382822194
dma_hardened2,xilinx_u280_xdma_201920_3,3,2,6,384,256,Reduce,307.98899996398177,30.64130212800991,522.181000008004,18.07262998817526
dma_hardened2,xilinx_u280_xdma_201920_3,3,2,6,384,256,Reduce,340.1380000127574,27.745162256631264,482.9430000086177,19.54098930894868
dma_hardened2,xilinx_u280_xdma_201920_3,3,2,6,384,256,Reduce,331.78399996813823,28.443758592657478,497.83400004344,18.956487502212646
dma_hardened2,xilinx_u280_xdma_201920_3,3,2,6,384,256,Reduce,412.50599997511017,22.877689053176006,584.0609999836488,16.15787392115584
dma_hardened2,xilinx_u280_xdma_201920_3,3,2,6,384,256,Reduce,318.1249999784086,29.665018469596887,508.63699999581513,18.553868476099154
dma_hardened2,xilinx_u280_xdma_201920_3,3,2,6,384,256,Reduce,304.6470000072077,30.97743946198953,507.2649999533496,18.6040511386906
dma_hardened2,xilinx_u280_xdma_201920_3,3,2,6,384,256,Reduce,429.72599999302474,21.960933246192187,573.0859999744098,16.46730857222372
dma_hardened2,xilinx_u280_xdma_201920_3,3,2,6,768,256,Reduce,419.2399999851659,45.02043698279706,821.5639999775703,22.97370381432888
dma_hardened2,xilinx_u280_xdma_201920_3,3,2,6,768,256,Reduce,392.1509999713635,48.13035795236602,851.7549999851326,22.159386208862234
dma_hardened2,xilinx_u280_xdma_201920_3,3,2,6,768,256,Reduce,489.47900000939626,38.560118002279324,831.9249999999556,22.687583616312775
dma_hardened2,xilinx_u280_xdma_201920_3,3,2,6,768,256,Reduce,478.6650000028203,39.43126821448987,672.4739999981466,28.06705984179614
dma_hardened2,xilinx_u280_xdma_201920_3,3,2,6,768,256,Reduce,391.64999998320127,48.191926467023016,841.7249999865817,22.423437583891275
dma_hardened2,xilinx_u280_xdma_201920_3,3,2,6,768,256,Reduce,433.98100001468265,43.491231181460556,890.3080000095542,21.19981848955356
dma_hardened2,xilinx_u280_xdma_201920_3,3,2,6,768,256,Reduce,401.02900004512776,47.06484567918048,939.9329999837391,20.080546166935864
dma_hardened2,xilinx_u280_xdma_201920_3,3,2,6,768,256,Reduce,421.2380000012672,44.80689776312494,934.2079999896669,20.203603480390626
dma_hardened2,xilinx_u280_xdma_201920_3,3,2,6,768,256,Reduce,374.886000031438,50.346953469633945,685.3590000446275,27.539388844052514
dma_hardened2,xilinx_u280_xdma_201920_3,3,2,6,768,256,Reduce,404.41300001248237,46.67102194889243,900.3200000279321,20.964066109177214
dma_hardened2,xilinx_u280_xdma_201920_3,3,2,6,768,256,Reduce,393.7260000270726,47.937824778404774,832.4579999907655,22.673057379722913
dma_hardened2,xilinx_u280_xdma_201920_3,3,2,6,768,256,Reduce,390.79699996591444,48.297115898142096,952.122999990479,19.82345558314287
dma_hardened2,xilinx_u280_xdma_201920_3,3,2,6,768,256,Reduce,416.4570000284584,45.32128886946366,936.0039999819492,20.16483690279528
dma_hardened2,xilinx_u280_xdma_201920_3,3,2,6,768,256,Reduce,357.0239999817204,52.865824148982604,675.7090000064636,27.93268699960997
dma_hardened2,xilinx_u280_xdma_201920_3,3,2,6,768,256,Reduce,385.42199996527415,48.97065554561117,676.2170000342849,27.911702898689402
dma_hardened2,xilinx_u280_xdma_201920_3,3,2,6,768,256,Reduce,375.5870000077266,50.252985325934375,832.5150000132453,22.671505017566904
dma_hardened2,xilinx_u280_xdma_201920_3,3,2,6,768,256,Reduce,418.99699999703444,45.04654687296947,800.4150000147092,23.58072749717727
dma_hardened2,xilinx_u280_xdma_201920_3,3,2,6,768,256,Reduce,386.6239999865684,48.81840755011513,653.124000052685,28.89859811992436
dma_hardened2,xilinx_u280_xdma_201920_3,3,2,6,768,256,Reduce,371.1589999966236,50.85251334380063,806.10500003786,23.414279776348657
dma_hardened2,xilinx_u280_xdma_201920_3,3,2,6,768,256,Reduce,398.0490000117243,47.417197378825385,706.7309999797544,26.70658001494301
dma_hardened2,xilinx_u280_xdma_201920_3,3,2,6,1536,256,Reduce,490.99400001750837,76.88227554441382,1042.0799999906194,36.22441271336155
dma_hardened2,xilinx_u280_xdma_201920_3,3,2,6,1536,256,Reduce,629.1909999731615,59.995670633575806,1024.1119999818693,36.85996844160434
dma_hardened2,xilinx_u280_xdma_201920_3,3,2,6,1536,256,Reduce,537.3479999661868,70.25007258308467,1116.0500000073625,33.823516867300725
dma_hardened2,xilinx_u280_xdma_201920_3,3,2,6,1536,256,Reduce,534.2050000081144,70.66338952167541,1041.65400000511,36.23922722882533
dma_hardened2,xilinx_u280_xdma_201920_3,3,2,6,1536,256,Reduce,525.0160000400683,71.90016303716284,1012.0730000267031,37.29843202911649
dma_hardened2,xilinx_u280_xdma_201920_3,3,2,6,1536,256,Reduce,593.1279999913386,63.64349010761799,1078.4589999843774,35.002476682513496
dma_hardened2,xilinx_u280_xdma_201920_3,3,2,6,1536,256,Reduce,584.4699999784098,64.58626790321904,1113.5459999991326,33.899574871652725
dma_hardened2,xilinx_u280_xdma_201920_3,3,2,6,1536,256,Reduce,547.2240000017337,68.98223762093842,1127.3540000047433,33.484367820437214
dma_hardened2,xilinx_u280_xdma_201920_3,3,2,6,1536,256,Reduce,610.2639999880921,61.85640313165545,959.3499999596133,39.348242040536974
dma_hardened2,xilinx_u280_xdma_201920_3,3,2,6,1536,256,Reduce,574.0550000155054,65.75804757206261,1020.2959999787709,36.9978280820325
dma_hardened2,xilinx_u280_xdma_201920_3,3,2,6,1536,256,Reduce,610.5960000013511,61.822769883714386,1157.5940000057017,32.60965070639108
dma_hardened2,xilinx_u280_xdma_201920_3,3,2,6,1536,256,Reduce,523.3109999949193,72.13442102376311,994.3109999994704,37.96471727660673
dma_hardened2,xilinx_u280_xdma_201920_3,3,2,6,1536,256,Reduce,580.6780000057188,65.0080354338002,1044.9459999790633,36.125059094686556
dma_hardened2,xilinx_u280_xdma_201920_3,3,2,6,1536,256,Reduce,585.1720000009664,64.50878715990795,1030.7560000342164,36.62237813677234
dma_hardened2,xilinx_u280_xdma_201920_3,3,2,6,1536,256,Reduce,504.80400000196823,74.77899541178917,1098.379999973531,34.3676468989873
dma_hardened2,xilinx_u280_xdma_201920_3,3,2,6,1536,256,Reduce,625.9710000335872,60.304288853596326,1002.1620000202347,37.6672992981552
dma_hardened2,xilinx_u280_xdma_201920_3,3,2,6,1536,256,Reduce,519.2639999904713,72.69661675119535,1105.8309999611993,34.13608046918969
dma_hardened2,xilinx_u280_xdma_201920_3,3,2,6,1536,256,Reduce,553.8559999536119,68.15622833942693,1200.9659999989708,31.431977258333998
dma_hardened2,xilinx_u280_xdma_201920_3,3,2,6,1536,256,Reduce,545.0959999961924,69.25153734436445,1079.9440000255345,34.95434578006587
dma_hardened2,xilinx_u280_xdma_201920_3,3,2,6,1536,256,Reduce,532.8169999643251,70.8474692108688,1198.4769999457967,31.49725526790022
dma_hardened2,xilinx_u280_xdma_201920_3,3,2,6,3072,256,Reduce,839.0390000272419,89.98088527177968,1580.970000020443,47.753892862624696
dma_hardened2,xilinx_u280_xdma_201920_3,3,2,6,3072,256,Reduce,839.788000007502,89.90063206347979,1662.1419999864884,45.421794287499935
dma_hardened2,xilinx_u280_xdma_201920_3,3,2,6,3072,256,Reduce,842.9250000290267,89.56606103437457,1699.7260000266579,44.41743669204091
dma_hardened2,xilinx_u280_xdma_201920_3,3,2,6,3072,256,Reduce,847.5349999912396,89.07888405880627,1646.3240000348378,45.85821016908118
dma_hardened2,xilinx_u280_xdma_201920_3,3,2,6,3072,256,Reduce,817.9470000300171,92.3011784348245,1540.1609999798893,49.01920773281872
dma_hardened2,xilinx_u280_xdma_201920_3,3,2,6,3072,256,Reduce,772.0890000086911,97.78337989422224,1759.810999999445,42.90089788052456
dma_hardened2,xilinx_u280_xdma_201920_3,3,2,6,3072,256,Reduce,760.1449999583565,99.31982977476143,1747.65099995966,43.199398507907276
dma_hardened2,xilinx_u280_xdma_201920_3,3,2,6,3072,256,Reduce,855.1299999908224,88.28771298026062,1745.8980000242263,43.24277363222387
dma_hardened2,xilinx_u280_xdma_201920_3,3,2,6,3072,256,Reduce,847.2309999660865,89.11084698626709,1692.5589999914337,44.60551862616435
dma_hardened2,xilinx_u280_xdma_201920_3,3,2,6,3072,256,Reduce,817.4889999850166,92.35289037697603,1899.5469999936176,39.744987620866276
dma_hardened2,xilinx_u280_xdma_201920_3,3,2,6,3072,256,Reduce,785.3849999719387,96.12797800148651,1684.8210000262043,44.810381636284085
dma_hardened2,xilinx_u280_xdma_201920_3,3,2,6,3072,256,Reduce,839.5819999691412,89.92269010385515,1539.7999999891,49.03070009126799
dma_hardened2,xilinx_u280_xdma_201920_3,3,2,6,3072,256,Reduce,783.092000006036,96.40945380545081,1689.3900000241047,44.68919077236327
dma_hardened2,xilinx_u280_xdma_201920_3,3,2,6,3072,256,Reduce,837.8619999689363,90.10728736092467,1641.3609999972323,45.99687210804162
dma_hardened2,xilinx_u280_xdma_201920_3,3,2,6,3072,256,Reduce,737.4889999596235,102.37098045412662,1838.759999998274,41.05890491421984
dma_hardened2,xilinx_u280_xdma_201920_3,3,2,6,3072,256,Reduce,862.5190000088878,87.53137264132388,1611.7540000095687,46.84180836501835
dma_hardened2,xilinx_u280_xdma_201920_3,3,2,6,3072,256,Reduce,853.0990000394922,88.49790234955734,1668.0439999845476,45.261079444366814
dma_hardened2,xilinx_u280_xdma_201920_3,3,2,6,3072,256,Reduce,833.335999971041,90.59667649378353,1564.4619999761744,48.25778574433241
dma_hardened2,xilinx_u280_xdma_201920_3,3,2,6,3072,256,Reduce,743.8799999590628,101.49146637112811,1627.6359999665146,46.38473958646356
dma_hardened2,xilinx_u280_xdma_201920_3,3,2,6,3072,256,Reduce,801.3010000240683,94.21861697131578,1733.1050000279902,43.56197229757037
dma_hardened2,xilinx_u280_xdma_201920_3,3,2,6,6144,256,Reduce,1315.747999967698,114.75977467091492,3007.026999966911,50.21403000427383
dma_hardened2,xilinx_u280_xdma_201920_3,3,2,6,6144,256,Reduce,1423.502000022836,106.07287098829346,2789.8559999925965,54.12284505021073
dma_hardened2,xilinx_u280_xdma_201920_3,3,2,6,6144,256,Reduce,1403.1019999833916,107.61508714390496,2838.2499999679567,53.20001550311096
dma_hardened2,xilinx_u280_xdma_201920_3,3,2,6,6144,256,Reduce,1434.6180000188724,105.2509755196252,2822.261999995135,53.50139143717355
dma_hardened2,xilinx_u280_xdma_201920_3,3,2,6,6144,256,Reduce,1308.2830000143986,115.41458843257782,2847.1790000139663,53.03317564482575
dma_hardened2,xilinx_u280_xdma_201920_3,3,2,6,6144,256,Reduce,1424.0389999713443,106.03287129287781,2994.731999990563,50.42018584650507
dma_hardened2,xilinx_u280_xdma_201920_3,3,2,6,6144,256,Reduce,1433.3569999962492,105.34357037388114,3045.8500000349886,49.573992152688234
dma_hardened2,xilinx_u280_xdma_201920_3,3,2,6,6144,256,Reduce,1376.9239999987803,109.66105899826987,2916.545000005044,51.771854711564146
dma_hardened2,xilinx_u280_xdma_201920_3,3,2,6,6144,256,Reduce,1417.3699999560085,106.53177646252318,2848.2010000061564,53.01414612229741
dma_hardened2,xilinx_u280_xdma_201920_3,3,2,6,6144,256,Reduce,1313.6249999661231,114.94524236665256,2597.674000014649,58.126979751557926
dma_hardened2,xilinx_u280_xdma_201920_3,3,2,6,6144,256,Reduce,1273.1660000326883,118.59800214278675,2754.52599998971,54.81703349344463
dma_hardened2,xilinx_u280_xdma_201920_3,3,2,6,6144,256,Reduce,1306.5750000009757,115.5654623729118,2817.4349999972037,53.59305325594019
dma_hardened2,xilinx_u280_xdma_201920_3,3,2,6,6144,256,Reduce,1344.4080000226677,112.31333345045114,2842.50400000019,53.12039807155589
dma_hardened2,xilinx_u280_xdma_201920_3,3,2,6,6144,256,Reduce,1321.9239999671117,114.22361951500739,3027.9559999826233,49.86695447386505
dma_hardened2,xilinx_u280_xdma_201920_3,3,2,6,6144,256,Reduce,1279.7339999792712,117.98931965740208,3164.780000020073,47.71103962962427
dma_hardened2,xilinx_u280_xdma_201920_3,3,2,6,6144,256,Reduce,1325.1119999608818,113.94881640529816,2961.716000015713,50.982249479423054
dma_hardened2,xilinx_u280_xdma_201920_3,3,2,6,6144,256,Reduce,1489.9189999937335,101.34439791736,2804.884999989099,53.832846623154545
dma_hardened2,xilinx_u280_xdma_201920_3,3,2,6,6144,256,Reduce,1425.1960000137842,105.94679187882902,2842.5859999856584,53.11886570916827
dma_hardened2,xilinx_u280_xdma_201920_3,3,2,6,6144,256,Reduce,1536.090999991302,98.29817634557784,2786.4159999921867,54.18966299376095
dma_hardened2,xilinx_u280_xdma_201920_3,3,2,6,6144,256,Reduce,1280.7690000045113,117.89397151201203,3058.6010000206443,49.36732316473474
dma_hardened2,xilinx_u280_xdma_201920_3,3,2,6,12288,256,Reduce,2440.3510000183815,123.74854600740849,5141.155999979219,58.73968578296801
dma_hardened2,xilinx_u280_xdma_201920_3,3,2,6,12288,256,Reduce,2594.050000027437,116.41637131003871,5215.476999978819,57.902640161432295
dma_hardened2,xilinx_u280_xdma_201920_3,3,2,6,12288,256,Reduce,2370.569999982308,127.39125526867116,5269.865999991907,57.305041152937044
dma_hardened2,xilinx_u280_xdma_201920_3,3,2,6,12288,256,Reduce,2548.567999951956,118.49394954566364,5204.182999989371,58.02829915869922
dma_hardened2,xilinx_u280_xdma_201920_3,3,2,6,12288,256,Reduce,2588.99499999643,116.64367370366354,5001.442999969186,60.3805517731304
dma_hardened2,xilinx_u280_xdma_201920_3,3,2,6,12288,256,Reduce,2459.204000047066,122.79985230758419,5018.505000009554,60.175268929576646
dma_hardened2,xilinx_u280_xdma_201920_3,3,2,6,12288,256,Reduce,2405.690000045979,125.53150571945189,5286.531000024297,57.12439556272573
dma_hardened2,xilinx_u280_xdma_201920_3,3,2,6,12288,256,Reduce,2606.417999970745,115.86395121710702,5047.757999989244,59.826538435607155
dma_hardened2,xilinx_u280_xdma_201920_3,3,2,6,12288,256,Reduce,2571.361999969213,117.44355248448711,5062.6599999645805,59.65043830755231
dma_hardened2,xilinx_u280_xdma_201920_3,3,2,6,12288,256,Reduce,2400.822000026892,125.7860382804795,5132.768999999371,58.83566706392535
dma_hardened2,xilinx_u280_xdma_201920_3,3,2,6,12288,256,Reduce,2578.356000014992,117.1249773104428,5210.175000001982,57.96156328719959
dma_hardened2,xilinx_u280_xdma_201920_3,3,2,6,12288,256,Reduce,2419.6549999828676,124.80700265208812,5287.425000005896,57.11473694655967
dma_hardened2,xilinx_u280_xdma_201920_3,3,2,6,12288,256,Reduce,2575.3409999538235,117.26209772042411,5222.757000012734,57.82192968182584
dma_hardened2,xilinx_u280_xdma_201920_3,3,2,6,12288,256,Reduce,2573.5199999985525,117.34507134204118,5127.397000023848,58.89730949224245
dma_hardened2,xilinx_u280_xdma_201920_3,3,2,6,12288,256,Reduce,2510.3039999976318,120.30012619996818,5233.009999983551,57.708639578550255
dma_hardened2,xilinx_u280_xdma_201920_3,3,2,6,12288,256,Reduce,2394.4590000155586,126.12030024236695,5362.074999993638,56.3195941870187
dma_hardened2,xilinx_u280_xdma_201920_3,3,2,6,12288,256,Reduce,2461.71899999581,122.67439460007986,5010.8789999967485,60.26684899000673
dma_hardened2,xilinx_u280_xdma_201920_3,3,2,6,12288,256,Reduce,2518.017999989297,119.93158428624561,5210.155999975541,57.96177465730732
dma_hardened2,xilinx_u280_xdma_201920_3,3,2,6,12288,256,Reduce,2440.0230000196643,123.76518090098587,5012.247000024672,60.25040026928311
dma_hardened2,xilinx_u280_xdma_201920_3,3,2,6,12288,256,Reduce,2488.176999975167,121.36993791157704,5007.89000000168,60.30281975041358
dma_hardened2,xilinx_u280_xdma_201920_3,3,2,6,24576,256,Reduce,4343.947999984721,139.03936603341577,9225.166000021545,65.4708843178095
dma_hardened2,xilinx_u280_xdma_201920_3,3,2,6,24576,256,Reduce,4506.483999989541,134.02461342399124,9186.300000010306,65.74788282543814
dma_hardened2,xilinx_u280_xdma_201920_3,3,2,6,24576,256,Reduce,4547.662999982549,132.81102315679894,9292.918000028294,64.9935548767525
dma_hardened2,xilinx_u280_xdma_201920_3,3,2,6,24576,256,Reduce,4489.277000004677,134.5383178626248,9244.343000034405,65.33506772712265
dma_hardened2,xilinx_u280_xdma_201920_3,3,2,6,24576,256,Reduce,4551.408999986961,132.70171412890608,9118.211000043175,66.23884619440592
dma_hardened2,xilinx_u280_xdma_201920_3,3,2,6,24576,256,Reduce,4576.62599995956,131.97053375244926,9418.52599999038,64.12678332051289
dma_hardened2,xilinx_u280_xdma_201920_3,3,2,6,24576,256,Reduce,4542.009000033431,132.97634945143315,9257.803999958014,65.24006945953265
dma_hardened2,xilinx_u280_xdma_201920_3,3,2,6,24576,256,Reduce,4566.425000007257,132.26534455269498,9074.025000018082,66.56139651354238
dma_hardened2,xilinx_u280_xdma_201920_3,3,2,6,24576,256,Reduce,4524.288000027354,133.4971991164904,9319.004000019504,64.811623216251
dma_hardened2,xilinx_u280_xdma_201920_3,3,2,6,24576,256,Reduce,4431.060999991132,136.30590416182687,9186.24399997725,65.74828362946769
dma_hardened2,xilinx_u280_xdma_201920_3,3,2,6,24576,256,Reduce,4515.015999970728,133.77134787648941,9339.312000008704,64.6706926590992
dma_hardened2,xilinx_u280_xdma_201920_3,3,2,6,24576,256,Reduce,4531.396999993831,133.28776445780898,9100.877999969725,66.36500082761347
dma_hardened2,xilinx_u280_xdma_201920_3,3,2,6,24576,256,Reduce,4536.967999968056,133.12409873824382,9378.42999996974,64.40094728029625
dma_hardened2,xilinx_u280_xdma_201920_3,3,2,6,24576,256,Reduce,4452.045999983056,135.6634176740983,9359.176999964802,64.53342809974333
dma_hardened2,xilinx_u280_xdma_201920_3,3,2,6,24576,256,Reduce,4505.20399999732,134.06269194477304,9358.158999987154,64.54044818012059
dma_hardened2,xilinx_u280_xdma_201920_3,3,2,6,24576,256,Reduce,4439.063000006627,136.06019468502663,9274.763999997049,65.12077029670967
dma_hardened2,xilinx_u280_xdma_201920_3,3,2,6,24576,256,Reduce,4356.164999990142,138.64942581407428,9131.621999983963,66.14156564967985
dma_hardened2,xilinx_u280_xdma_201920_3,3,2,6,24576,256,Reduce,4450.448000000051,135.7121296552601,9215.949999997974,65.536355557499
dma_hardened2,xilinx_u280_xdma_201920_3,3,2,6,24576,256,Reduce,4498.080000018945,134.27501867406897,9284.065999963786,65.05552373306651
dma_hardened2,xilinx_u280_xdma_201920_3,3,2,6,24576,256,Reduce,4440.327999986948,136.0214326513211,9275.813999977345,65.11339878111777
experiment,board_instance,number of nodes,rank id,number of banks,buffer size[KB],segment_size[KB],collective name,execution_time[us],throughput[Gbps],execution_time_fullpath[us],throughput_fullpath[Gbps]
dma_hardened2,xilinx_u280_xdma_201920_3,3,2,6,24,512,Reduce,429.0159999982279,1.374829843181691,376.4749999959349,1.5667016402320706
dma_hardened2,xilinx_u280_xdma_201920_3,3,2,6,24,512,Reduce,185.55700000888464,3.1786674712986236,276.88599999464714,2.1302052108499625
dma_hardened2,xilinx_u280_xdma_201920_3,3,2,6,24,512,Reduce,186.76399997730186,3.1581246925086393,260.384000000613,2.2652083077247887
dma_hardened2,xilinx_u280_xdma_201920_3,3,2,6,24,512,Reduce,223.99600004519016,2.6331898778594516,272.1330000099442,2.167410788028085
dma_hardened2,xilinx_u280_xdma_201920_3,3,2,6,24,512,Reduce,191.22200001220335,3.0844986453564904,309.684000001198,1.9045995272526777
dma_hardened2,xilinx_u280_xdma_201920_3,3,2,6,24,512,Reduce,307.0139999863386,1.921163204369331,403.95299998863266,1.4601302627201627
dma_hardened2,xilinx_u280_xdma_201920_3,3,2,6,24,512,Reduce,268.5439999936534,2.19637750243513,312.33100003191794,1.8884580779356654
dma_hardened2,xilinx_u280_xdma_201920_3,3,2,6,24,512,Reduce,172.80200000868717,3.4132938274461413,264.527000013004,2.229730802417162
dma_hardened2,xilinx_u280_xdma_201920_3,3,2,6,24,512,Reduce,184.88800003524375,3.190169182897573,269.2980000347234,2.1902279256583705
dma_hardened2,xilinx_u280_xdma_201920_3,3,2,6,24,512,Reduce,172.7400000390844,3.4145189294115177,324.08299995267953,1.8199782157228928
dma_hardened2,xilinx_u280_xdma_201920_3,3,2,6,24,512,Reduce,206.5030000153456,2.856249061544719,318.03400003127535,1.8545941627058646
dma_hardened2,xilinx_u280_xdma_201920_3,3,2,6,24,512,Reduce,200.69400000011228,2.9389219408635534,284.3870000219795,2.074018854428698
dma_hardened2,xilinx_u280_xdma_201920_3,3,2,6,24,512,Reduce,182.17400003095463,3.2376958287119915,313.2090000121934,1.883164276815282
dma_hardened2,xilinx_u280_xdma_201920_3,3,2,6,24,512,Reduce,205.46700000068086,2.8706507614266306,275.56099996672856,2.140448031728785
dma_hardened2,xilinx_u280_xdma_201920_3,3,2,6,24,512,Reduce,203.6870000097224,2.895737086666535,349.2399999913687,1.6888787080935095
dma_hardened2,xilinx_u280_xdma_201920_3,3,2,6,24,512,Reduce,172.0759999557231,3.4276947404156752,304.9069999860876,1.9344390257583874
dma_hardened2,xilinx_u280_xdma_201920_3,3,2,6,24,512,Reduce,178.8229999988289,3.2983676596626985,308.4150000063346,1.91243616551687
dma_hardened2,xilinx_u280_xdma_201920_3,3,2,6,24,512,Reduce,209.34100001568368,2.817527383340152,286.5850000262071,2.058111903784437
dma_hardened2,xilinx_u280_xdma_201920_3,3,2,6,24,512,Reduce,183.6139999795705,3.2123040730316084,321.22300001447,1.8361823405342408
dma_hardened2,xilinx_u280_xdma_201920_3,3,2,6,24,512,Reduce,170.26099999384314,3.4642343227241046,305.61100004433683,1.929982886461648
dma_hardened2,xilinx_u280_xdma_201920_3,3,2,6,48,512,Reduce,235.34799998969902,5.012356170656356,313.8769999964097,3.75831296977317
dma_hardened2,xilinx_u280_xdma_201920_3,3,2,6,48,512,Reduce,189.31400001065413,6.231171492513033,311.75099996971767,3.7839429548408394
dma_hardened2,xilinx_u280_xdma_201920_3,3,2,6,48,512,Reduce,206.57900000742302,5.710396506700157,306.2250000311906,3.852226303795728
dma_hardened2,xilinx_u280_xdma_201920_3,3,2,6,48,512,Reduce,205.61799999541108,5.737085274763528,346.4590000135104,3.404870417434672
dma_hardened2,xilinx_u280_xdma_201920_3,3,2,6,48,512,Reduce,203.66200004673374,5.792185089654965,278.6239999750251,4.233834845906094
dma_hardened2,xilinx_u280_xdma_201920_3,3,2,6,48,512,Reduce,193.40599999395636,6.0993350776959465,296.55299999831186,3.977865676647059
dma_hardened2,xilinx_u280_xdma_201920_3,3,2,6,48,512,Reduce,226.2689999952272,5.213475995495993,327.8659999637057,3.5979577026302985
dma_hardened2,xilinx_u280_xdma_201920_3,3,2,6,48,512,Reduce,185.17799998107876,6.370346370090048,324.82399996069944,3.6316528339738623
dma_hardened2,xilinx_u280_xdma_201920_3,3,2,6,48,512,Reduce,208.62799999576964,5.65431293989263,352.29100001288316,3.348504503256855
dma_hardened2,xilinx_u280_xdma_201920_3,3,2,6,48,512,Reduce,223.96800000024086,5.2670381483012365,355.10399999338915,3.3219789132816335
dma_hardened2,xilinx_u280_xdma_201920_3,3,2,6,48,512,Reduce,227.13799995699446,5.193529925522593,304.4439999939641,3.874761861043041
dma_hardened2,xilinx_u280_xdma_201920_3,3,2,6,48,512,Reduce,200.89299999881405,5.872021424374985,323.44900000680354,3.6470911951348954
dma_hardened2,xilinx_u280_xdma_201920_3,3,2,6,48,512,Reduce,217.88500004049638,5.414085411023013,328.44800000475516,3.591582229098431
dma_hardened2,xilinx_u280_xdma_201920_3,3,2,6,48,512,Reduce,258.9640000110194,4.555258645795569,387.0799999958763,3.0475560607950998
dma_hardened2,xilinx_u280_xdma_201920_3,3,2,6,48,512,Reduce,219.85600000107297,5.365548358899657,331.07999996673243,3.5630300837215576
dma_hardened2,xilinx_u280_xdma_201920_3,3,2,6,48,512,Reduce,189.60199997763993,6.221706522816836,282.33800003363285,4.178141092801809
dma_hardened2,xilinx_u280_xdma_201920_3,3,2,6,48,512,Reduce,196.66299999698822,5.998322002705469,288.78299997359136,4.084894194283862
dma_hardened2,xilinx_u280_xdma_201920_3,3,2,6,48,512,Reduce,210.1940000329705,5.612186836041768,320.2720000103909,3.6832692210425124
dma_hardened2,xilinx_u280_xdma_201920_3,3,2,6,48,512,Reduce,198.25800001171956,5.950065066379505,293.1500000045162,4.024042299102256
dma_hardened2,xilinx_u280_xdma_201920_3,3,2,6,48,512,Reduce,216.90799997031718,5.438471610827767,292.9890000018531,4.02625354532948
dma_hardened2,xilinx_u280_xdma_201920_3,3,2,6,96,512,Reduce,231.79100003289932,10.17854877741212,342.66000000116037,6.8852390124088325
dma_hardened2,xilinx_u280_xdma_201920_3,3,2,6,96,512,Reduce,205.1349999874219,11.501187023885066,316.37799997952243,7.4572062537619725
dma_hardened2,xilinx_u280_xdma_201920_3,3,2,6,96,512,Reduce,219.55599999046171,10.745759624435205,310.65399997487475,7.594610081282766
dma_hardened2,xilinx_u280_xdma_201920_3,3,2,6,96,512,Reduce,203.39000002422836,11.59986233206625,359.64500000318367,6.560068956829971
dma_hardened2,xilinx_u280_xdma_201920_3,3,2,6,96,512,Reduce,218.51899998637236,10.796754516298968,382.74899998214096,6.1640814217936155
dma_hardened2,xilinx_u280_xdma_201920_3,3,2,6,96,512,Reduce,226.91499998472864,10.397267700058526,312.2410000173659,7.556009620353454
dma_hardened2,xilinx_u280_xdma_201920_3,3,2,6,96,512,Reduce,209.2060000222773,11.277382100650891,326.93899999003406,7.216318640700306
dma_hardened2,xilinx_u280_xdma_201920_3,3,2,6,96,512,Reduce,209.99499997742532,11.235010358597236,318.25000002072557,7.413341712007398
dma_hardened2,xilinx_u280_xdma_201920_3,3,2,6,96,512,Reduce,199.62400000395064,11.818699154176395,363.22800002608346,6.495358286890269
dma_hardened2,xilinx_u280_xdma_201920_3,3,2,6,96,512,Reduce,230.9409999838863,10.216011882535444,310.12400000918205,7.607589222150324
dma_hardened2,xilinx_u280_xdma_201920_3,3,2,6,96,512,Reduce,217.5859999624663,10.84305056578539,374.33900001815346,6.302565321501598
dma_hardened2,xilinx_u280_xdma_201920_3,3,2,6,96,512,Reduce,233.2659999524367,10.114187238950658,358.26399999905334,6.58535605030434
dma_hardened2,xilinx_u280_xdma_201920_3,3,2,6,96,512,Reduce,242.32300000903706,9.736162064319167,349.1769999754979,6.7567336914102425
dma_hardened2,xilinx_u280_xdma_201920_3,3,2,6,96,512,Reduce,203.3700000083627,11.601003097324996,374.80599996797537,6.294712465119518
dma_hardened2,xilinx_u280_xdma_201920_3,3,2,6,96,512,Reduce,197.70099999050217,11.933657392291106,346.31599999102036,6.812552697712997
dma_hardened2,xilinx_u280_xdma_201920_3,3,2,6,96,512,Reduce,223.32999998297964,10.56416961527697,350.9990000338803,6.7216601750212055
dma_hardened2,xilinx_u280_xdma_201920_3,3,2,6,96,512,Reduce,235.18000000422035,10.03187345844741,353.77000000380576,6.669010939239109
dma_hardened2,xilinx_u280_xdma_201920_3,3,2,6,96,512,Reduce,240.1950000034958,9.822419284188525,340.1100000246515,6.936861603096045
dma_hardened2,xilinx_u280_xdma_201920_3,3,2,6,96,512,Reduce,208.55600001823404,11.31252996698118,357.3320000214153,6.602532098604672
dma_hardened2,xilinx_u280_xdma_201920_3,3,2,6,96,512,Reduce,214.3479999858755,11.006848676710145,361.5929999796208,6.524728078621457
dma_hardened2,xilinx_u280_xdma_201920_3,3,2,6,192,512,Reduce,282.1830000243608,16.72174439846711,437.0180000137225,10.797248625575687
dma_hardened2,xilinx_u280_xdma_201920_3,3,2,6,192,512,Reduce,267.1409999948082,17.66330140297335,400.95800000017334,11.768294933628859
dma_hardened2,xilinx_u280_xdma_201920_3,3,2,6,192,512,Reduce,260.95399999803703,18.082083432465087,403.84999999787397,11.684021295096795
dma_hardened2,xilinx_u280_xdma_201920_3,3,2,6,192,512,Reduce,267.6709999605009,17.628327314861536,416.2120000046343,11.336991725244493
dma_hardened2,xilinx_u280_xdma_201920_3,3,2,6,192,512,Reduce,265.0840000342214,17.800365164969772,393.64399998476074,11.986952678518335
dma_hardened2,xilinx_u280_xdma_201920_3,3,2,6,192,512,Reduce,251.1689999664668,18.78652222459767,398.71500001709137,11.834498325364564
dma_hardened2,xilinx_u280_xdma_201920_3,3,2,6,192,512,Reduce,240.613000016765,19.610710974349793,397.9599999865968,11.856950447680473
dma_hardened2,xilinx_u280_xdma_201920_3,3,2,6,192,512,Reduce,271.58000000326865,17.37459312152297,395.40399995985354,11.933597031084895
dma_hardened2,xilinx_u280_xdma_201920_3,3,2,6,192,512,Reduce,238.59300000594885,19.77674114446925,390.1779999750943,12.093434279485763
dma_hardened2,xilinx_u280_xdma_201920_3,3,2,6,192,512,Reduce,260.7019999913973,18.09956195255773,408.8279999905353,11.541753500516695
dma_hardened2,xilinx_u280_xdma_201920_3,3,2,6,192,512,Reduce,280.9309999634024,16.796266701128403,431.23400001832124,10.942068574832986
dma_hardened2,xilinx_u280_xdma_201920_3,3,2,6,192,512,Reduce,255.741999978909,18.450594741533035,421.49600000129794,11.194867804167703
dma_hardened2,xilinx_u280_xdma_201920_3,3,2,6,192,512,Reduce,256.989000035901,18.361066035280963,408.98200001038276,11.537407513974234
dma_hardened2,xilinx_u280_xdma_201920_3,3,2,6,192,512,Reduce,253.50900000375987,18.613114327025933,378.10800000670497,12.479482052525537
dma_hardened2,xilinx_u280_xdma_201920_3,3,2,6,192,512,Reduce,282.9150000138725,16.678479401122697,413.68600000168954,11.406216308941392
dma_hardened2,xilinx_u280_xdma_201920_3,3,2,6,192,512,Reduce,252.21200002079058,18.708832250690026,398.8220000223919,11.831323246298034
dma_hardened2,xilinx_u280_xdma_201920_3,3,2,6,192,512,Reduce,292.6959999740575,16.121135924024323,391.08300001089447,12.065449021994189
dma_hardened2,xilinx_u280_xdma_201920_3,3,2,6,192,512,Reduce,248.9490000243677,18.95405082783274,388.5639999907653,12.143667452754613
dma_hardened2,xilinx_u280_xdma_201920_3,3,2,6,192,512,Reduce,265.77700003826976,17.753951618539453,400.272000035784,11.788463843531803
dma_hardened2,xilinx_u280_xdma_201920_3,3,2,6,192,512,Reduce,253.00900000502224,18.64989782935127,366.95799997232825,12.858670475519874
dma_hardened2,xilinx_u280_xdma_201920_3,3,2,6,384,512,Reduce,375.9770000328899,25.10042901340893,541.417000022193,17.43052767019352
dma_hardened2,xilinx_u280_xdma_201920_3,3,2,6,384,512,Reduce,343.7570000528467,27.45306713332149,686.0580000420669,13.755664972088864
dma_hardened2,xilinx_u280_xdma_201920_3,3,2,6,384,512,Reduce,336.07000000301923,28.08100693282714,511.5840000371463,18.446988176555095
dma_hardened2,xilinx_u280_xdma_201920_3,3,2,6,384,512,Reduce,342.6769999919088,27.539589760103038,615.4669999887119,15.33337124520581
dma_hardened2,xilinx_u280_xdma_201920_3,3,2,6,384,512,Reduce,449.27000004690854,21.005595742014066,551.4700000048833,17.11277857347894
dma_hardened2,xilinx_u280_xdma_201920_3,3,2,6,384,512,Reduce,350.53200002721496,26.922460714763005,518.2529999956387,18.20960804873183
dma_hardened2,xilinx_u280_xdma_201920_3,3,2,6,384,512,Reduce,388.2419999854392,24.30747832628602,586.0449999772754,16.103172965157857
dma_hardened2,xilinx_u280_xdma_201920_3,3,2,6,384,512,Reduce,374.08899999036294,25.227109057585537,607.6290000009976,15.531161284245
dma_hardened2,xilinx_u280_xdma_201920_3,3,2,6,384,512,Reduce,413.7419999779013,22.80934495532012,564.08399996144,16.730104028203446
dma_hardened2,xilinx_u280_xdma_201920_3,3,2,6,384,512,Reduce,361.4169999650585,26.111621758003576,553.9840000210461,17.035120147227136
dma_hardened2,xilinx_u280_xdma_201920_3,3,2,6,384,512,Reduce,377.4489999841535,25.002540741653053,568.934000000354,16.58748466429169
dma_hardened2,xilinx_u280_xdma_201920_3,3,2,6,384,512,Reduce,356.9159999869953,26.44091046729162,617.2919999585247,15.28803872500223
dma_hardened2,xilinx_u280_xdma_201920_3,3,2,6,384,512,Reduce,411.12799999609706,22.954369442338127,538.8209999637184,17.514506674081847
dma_hardened2,xilinx_u280_xdma_201920_3,3,2,6,384,512,Reduce,342.5389999733852,27.550684741688553,614.5369999899231,15.356575763794119
dma_hardened2,xilinx_u280_xdma_201920_3,3,2,6,384,512,Reduce,357.28000000290194,26.413972234447346,594.3520000073477,15.878105903376001
dma_hardened2,xilinx_u280_xdma_201920_3,3,2,6,384,512,Reduce,360.6120000085866,26.169911150420088,606.838000010157,15.551405811504956
dma_hardened2,xilinx_u280_xdma_201920_3,3,2,6,384,512,Reduce,372.05199998879834,25.36522851720763,629.5930000419503,14.989340731823882
dma_hardened2,xilinx_u280_xdma_201920_3,3,2,6,384,512,Reduce,359.53099995822413,26.248596090730864,610.5470000079549,15.456932881296677
dma_hardened2,xilinx_u280_xdma_201920_3,3,2,6,384,512,Reduce,341.39499996399536,27.64300590516931,604.3610000006083,15.615143928861228
dma_hardened2,xilinx_u280_xdma_201920_3,3,2,6,384,512,Reduce,374.2760000022827,25.214504803787694,529.760000006263,17.81407429758462
dma_hardened2,xilinx_u280_xdma_201920_3,3,2,6,768,512,Reduce,563.8009999984206,33.477003410871696,716.4149999994152,26.345579028936314
dma_hardened2,xilinx_u280_xdma_201920_3,3,2,6,768,512,Reduce,455.78000003843044,41.41113694854656,922.5390000437983,20.45915457135571
dma_hardened2,xilinx_u280_xdma_201920_3,3,2,6,768,512,Reduce,461.2230000020645,40.92243448378662,852.6380000262179,22.136437737257346
dma_hardened2,xilinx_u280_xdma_201920_3,3,2,6,768,512,Reduce,438.34000001652385,43.05873978940663,742.6489999602381,25.41492414452931
dma_hardened2,xilinx_u280_xdma_201920_3,3,2,6,768,512,Reduce,450.86299996910384,41.86275653866784,730.5679999944914,25.835196723839964
dma_hardened2,xilinx_u280_xdma_201920_3,3,2,6,768,512,Reduce,500.62000002526474,37.70198553603026,800.3870000266033,23.581552423231077
dma_hardened2,xilinx_u280_xdma_201920_3,3,2,6,768,512,Reduce,474.3800000142073,39.78744466342326,702.8150000110145,26.855385840803343
dma_hardened2,xilinx_u280_xdma_201920_3,3,2,6,768,512,Reduce,456.45899996316075,41.34953632532886,667.9160000544471,28.258595389931372
dma_hardened2,xilinx_u280_xdma_201920_3,3,2,6,768,512,Reduce,462.5189999956092,40.80776789749001,853.2060000447927,22.121700971405623
dma_hardened2,xilinx_u280_xdma_201920_3,3,2,6,768,512,Reduce,442.34799997866503,42.66859576828726,733.9929999830019,25.71464305577451
dma_hardened2,xilinx_u280_xdma_201920_3,3,2,6,768,512,Reduce,508.1930000301327,37.140157378950256,805.7939999730479,23.423316630095666
dma_hardened2,xilinx_u280_xdma_201920_3,3,2,6,768,512,Reduce,458.32000000700646,41.18163728336416,856.5919999909966,22.034256682526085
dma_hardened2,xilinx_u280_xdma_201920_3,3,2,6,768,512,Reduce,441.8720000103349,42.71455987154323,840.0030000075276,22.46940546620769
dma_hardened2,xilinx_u280_xdma_201920_3,3,2,6,768,512,Reduce,451.1220000154026,41.83872211808685,732.6439999815193,25.761990817472196
dma_hardened2,xilinx_u280_xdma_201920_3,3,2,6,768,512,Reduce,458.45800002553005,41.169241236817655,724.599000022863,26.048018282394075
dma_hardened2,xilinx_u280_xdma_201920_3,3,2,6,768,512,Reduce,439.8419999915859,42.91170011131511,834.4660000147996,22.618498536387648
dma_hardened2,xilinx_u280_xdma_201920_3,3,2,6,768,512,Reduce,447.27299996338843,42.198764516402655,815.5429999874286,23.14331433203515
dma_hardened2,xilinx_u280_xdma_201920_3,3,2,6,768,512,Reduce,447.94600000841456,42.13536452975459,840.6029999719067,22.45336740486388
dma_hardened2,xilinx_u280_xdma_201920_3,3,2,6,768,512,Reduce,456.2389999591687,41.36947521296769,733.886999967126,25.718357186931318
dma_hardened2,xilinx_u280_xdma_201920_3,3,2,6,768,512,Reduce,445.5999999777305,42.35719928398401,715.849000016533,26.366409675174634
dma_hardened2,xilinx_u280_xdma_201920_3,3,2,6,1536,512,Reduce,602.8169999581223,62.620556491642404,1085.2880000129517,34.782229232746985
dma_hardened2,xilinx_u280_xdma_201920_3,3,2,6,1536,512,Reduce,664.0639999773157,56.84502698729263,1001.1850000068989,37.7040566925592
dma_hardened2,xilinx_u280_xdma_201920_3,3,2,6,1536,512,Reduce,561.9710000246414,67.17203556472627,1100.5299999737872,34.300506120595635
dma_hardened2,xilinx_u280_xdma_201920_3,3,2,6,1536,512,Reduce,607.502999969256,62.13753018818072,1098.0089999748088,34.37925918718886
dma_hardened2,xilinx_u280_xdma_201920_3,3,2,6,1536,512,Reduce,657.3889999685889,57.422220331955195,1043.9640000186046,36.159039966251015
dma_hardened2,xilinx_u280_xdma_201920_3,3,2,6,1536,512,Reduce,640.2199999797631,58.962131769068776,992.6950000362922,38.02651972521261
dma_hardened2,xilinx_u280_xdma_201920_3,3,2,6,1536,512,Reduce,695.3089999797157,54.29059022837507,1124.573000026885,33.567172606044736
dma_hardened2,xilinx_u280_xdma_201920_3,3,2,6,1536,512,Reduce,672.3310000325,56.14605900691066,989.1670000001795,38.162146533389354
dma_hardened2,xilinx_u280_xdma_201920_3,3,2,6,1536,512,Reduce,569.7810000242498,66.25130707832206,1084.4990000009602,34.80753417012517
dma_hardened2,xilinx_u280_xdma_201920_3,3,2,6,1536,512,Reduce,673.4219999771085,56.05509769696146,1003.2069999965643,37.628062802720954
dma_hardened2,xilinx_u280_xdma_201920_3,3,2,6,1536,512,Reduce,670.8600000138176,56.269170913786034,1131.3419999510188,33.366334849792835
dma_hardened2,xilinx_u280_xdma_201920_3,3,2,6,1536,512,Reduce,619.741999969392,60.910404655266774,1039.3189999717833,36.3206445769055
dma_hardened2,xilinx_u280_xdma_201920_3,3,2,6,1536,512,Reduce,678.7749999830339,55.613032302226124,1081.1089999833712,34.916679077299904
dma_hardened2,xilinx_u280_xdma_201920_3,3,2,6,1536,512,Reduce,664.0629999878911,56.8451125882459,1021.0259999894333,36.97137585173214
dma_hardened2,xilinx_u280_xdma_201920_3,3,2,6,1536,512,Reduce,652.5259999534683,57.85016382901504,1100.2690000054827,34.30864270447672
dma_hardened2,xilinx_u280_xdma_201920_3,3,2,6,1536,512,Reduce,676.6459999880681,55.78801323094447,990.2500000293912,38.120409996343945
dma_hardened2,xilinx_u280_xdma_201920_3,3,2,6,1536,512,Reduce,678.1399999908899,55.66510750067407,1106.7749999824628,34.10696483079049
dma_hardened2,xilinx_u280_xdma_201920_3,3,2,6,1536,512,Reduce,650.6390000140527,58.01794236002559,1028.0329999545756,36.71938157789483
dma_hardened2,xilinx_u280_xdma_201920_3,3,2,6,1536,512,Reduce,655.7260000477072,57.56784998193391,1089.0889999473075,34.660836719337325
dma_hardened2,xilinx_u280_xdma_201920_3,3,2,6,1536,512,Reduce,558.7939999713853,67.55393938004529,1083.6089999770593,34.836122624303755
dma_hardened2,xilinx_u280_xdma_201920_3,3,2,6,3072,512,Reduce,885.9829999892099,85.21322869729944,1598.2699999881333,47.23699500119538
dma_hardened2,xilinx_u280_xdma_201920_3,3,2,6,3072,512,Reduce,891.9740000123966,84.64088863459108,1681.0019999979886,44.91218451857305
dma_hardened2,xilinx_u280_xdma_201920_3,3,2,6,3072,512,Reduce,855.6189999922026,88.23725513422215,1709.241000014572,44.170173778511256
dma_hardened2,xilinx_u280_xdma_201920_3,3,2,6,3072,512,Reduce,880.3800000123374,85.75555101086121,1669.9989999438003,45.208094138104684
dma_hardened2,xilinx_u280_xdma_201920_3,3,2,6,3072,512,Reduce,875.5430000064734,86.2293136938355,1638.9909999929841,46.06338411884091
dma_hardened2,xilinx_u280_xdma_201920_3,3,2,6,3072,512,Reduce,896.6039999904751,84.20380904033668,1631.4890000330706,46.275195234825155
dma_hardened2,xilinx_u280_xdma_201920_3,3,2,6,3072,512,Reduce,818.3379999877616,92.2570771504306,1536.4760000124988,49.13677271847126
dma_hardened2,xilinx_u280_xdma_201920_3,3,2,6,3072,512,Reduce,885.8200000076977,85.22890880691781,1617.3820000062733,46.678813044603665
dma_hardened2,xilinx_u280_xdma_201920_3,3,2,6,3072,512,Reduce,829.3249999837826,91.03484400141843,1742.3059999828183,43.33192447293674
dma_hardened2,xilinx_u280_xdma_201920_3,3,2,6,3072,512,Reduce,894.951999953264,84.35924161736341,1594.8510000498572,47.33826043789661
dma_hardened2,xilinx_u280_xdma_201920_3,3,2,6,3072,512,Reduce,916.7029999730403,82.3576141915324,1629.0460000050189,46.34459186528029
dma_hardened2,xilinx_u280_xdma_201920_3,3,2,6,3072,512,Reduce,891.9480000031399,84.64335589040418,1641.6670000012346,45.988298479498724
dma_hardened2,xilinx_u280_xdma_201920_3,3,2,6,3072,512,Reduce,797.5969999733934,94.65616345412342,1749.6990000154256,43.14883417052556
dma_hardened2,xilinx_u280_xdma_201920_3,3,2,6,3072,512,Reduce,907.3630000102639,83.20536764133648,1759.7620000060488,42.902092441898674
dma_hardened2,xilinx_u280_xdma_201920_3,3,2,6,3072,512,Reduce,887.1070000395775,85.1052601282954,1585.2299999892239,47.625563483225285
dma_hardened2,xilinx_u280_xdma_201920_3,3,2,6,3072,512,Reduce,904.212000023108,83.49532189140444,1645.9149999832334,45.86960566054084
dma_hardened2,xilinx_u280_xdma_201920_3,3,2,6,3072,512,Reduce,918.7800000063362,82.17143603417503,1658.9339999768526,45.50962967848837
dma_hardened2,xilinx_u280_xdma_201920_3,3,2,6,3072,512,Reduce,887.5519999946846,85.06259013607331,1552.1149999813133,48.64167410334218
dma_hardened2,xilinx_u280_xdma_201920_3,3,2,6,3072,512,Reduce,870.0510000494432,86.77361671408875,1580.9330000138289,47.75501049022293
dma_hardened2,xilinx_u280_xdma_201920_3,3,2,6,3072,512,Reduce,881.1510000441558,85.68051559405448,1536.3769999794386,49.139938960951895
dma_hardened2,xilinx_u280_xdma_201920_3,3,2,6,6144,512,Reduce,1475.3829999563095,102.34287910628726,2767.8039999727844,54.55405946428458
dma_hardened2,xilinx_u280_xdma_201920_3,3,2,6,6144,512,Reduce,1504.979000003459,100.33026640215773,2745.6799999754367,54.99364237687961
dma_hardened2,xilinx_u280_xdma_201920_3,3,2,6,6144,512,Reduce,1419.980999969539,106.33589041208235,2904.5130000326935,51.98632059773889
dma_hardened2,xilinx_u280_xdma_201920_3,3,2,6,6144,512,Reduce,1585.5610000130582,95.231242442742,2789.129999996476,54.13693302219358
dma_hardened2,xilinx_u280_xdma_201920_3,3,2,6,6144,512,Reduce,1619.475000040893,93.23697123832555,2816.3890000314495,53.61295758445084
dma_hardened2,xilinx_u280_xdma_201920_3,3,2,6,6144,512,Reduce,1601.3869999937924,94.29010226796228,2769.7869999769864,54.51500205656774
dma_hardened2,xilinx_u280_xdma_201920_3,3,2,6,6144,512,Reduce,1470.999000048323,102.64789030790622,2774.779999981547,54.41690656592745
dma_hardened2,xilinx_u280_xdma_201920_3,3,2,6,6144,512,Reduce,1529.0850000155842,98.74856139355306,2769.403999991482,54.52254131230561
dma_hardened2,xilinx_u280_xdma_201920_3,3,2,6,6144,512,Reduce,1437.380000027133,105.04873032680968,2736.5589999703843,55.17693716877074
dma_hardened2,xilinx_u280_xdma_201920_3,3,2,6,6144,512,Reduce,1521.3209999842547,99.25252067220708,3041.8810000014673,49.63867554316791
dma_hardened2,xilinx_u280_xdma_201920_3,3,2,6,6144,512,Reduce,1677.6329999856898,90.00475312615333,2802.9619999756505,53.869779184060185
dma_hardened2,xilinx_u280_xdma_201920_3,3,2,6,6144,512,Reduce,1634.1510000188464,92.39962769551809,2759.028000014041,54.72758667154939
dma_hardened2,xilinx_u280_xdma_201920_3,3,2,6,6144,512,Reduce,1574.3000000156826,95.91243346153583,2916.439999978593,51.77371864365745
dma_hardened2,xilinx_u280_xdma_201920_3,3,2,6,6144,512,Reduce,1533.7159999830874,98.45039368544441,2822.709999975359,53.49290008584591
dma_hardened2,xilinx_u280_xdma_201920_3,3,2,6,6144,512,Reduce,1597.0549999906325,94.54586348052237,2831.8820000095,53.31964538052554
dma_hardened2,xilinx_u280_xdma_201920_3,3,2,6,6144,512,Reduce,1389.5609999963199,108.66377510623852,2752.4210000251514,54.858956532674405
dma_hardened2,xilinx_u280_xdma_201920_3,3,2,6,6144,512,Reduce,1576.7589999882148,95.76285532610157,2860.869000016919,52.77939814759328
dma_hardened2,xilinx_u280_xdma_201920_3,3,2,6,6144,512,Reduce,1448.7299999927927,104.225731503283,2659.0260000034505,56.785809540713046
dma_hardened2,xilinx_u280_xdma_201920_3,3,2,6,6144,512,Reduce,1457.862999984627,103.57279387815743,2673.759999993308,56.472886123054394
dma_hardened2,xilinx_u280_xdma_201920_3,3,2,6,6144,512,Reduce,1576.9679999948494,95.75016360540809,2838.069999995696,53.20338962753878
dma_hardened2,xilinx_u280_xdma_201920_3,3,2,6,12288,512,Reduce,2529.956999978822,119.36562083961425,5164.816999979394,58.47058821274885
dma_hardened2,xilinx_u280_xdma_201920_3,3,2,6,12288,512,Reduce,2711.0699999752796,111.3914019198153,5161.500999975033,58.50815257063028
dma_hardened2,xilinx_u280_xdma_201920_3,3,2,6,12288,512,Reduce,2638.3559999771933,114.46138731945594,5226.739000022462,57.777877946211234
dma_hardened2,xilinx_u280_xdma_201920_3,3,2,6,12288,512,Reduce,2559.3830000048,117.99323821383264,5206.738000026689,57.99982407381589
dma_hardened2,xilinx_u280_xdma_201920_3,3,2,6,12288,512,Reduce,2469.6899999980815,122.2784592399186,5247.853000014402,57.54541676361195
dma_hardened2,xilinx_u280_xdma_201920_3,3,2,6,12288,512,Reduce,2698.191999968458,111.92305366094418,5226.918999994723,57.77588824320883
dma_hardened2,xilinx_u280_xdma_201920_3,3,2,6,12288,512,Reduce,2628.957000013088,114.87060762062544,5246.800000008989,57.55696576951335
dma_hardened2,xilinx_u280_xdma_201920_3,3,2,6,12288,512,Reduce,2603.111999974317,116.01110056078245,5165.330000011181,58.46478114647976
dma_hardened2,xilinx_u280_xdma_201920_3,3,2,6,12288,512,Reduce,2696.253000010529,112.00354269381275,5257.285999960004,57.442164645845295
dma_hardened2,xilinx_u280_xdma_201920_3,3,2,6,12288,512,Reduce,2727.4739999825215,110.72145435737802,5187.942000020485,58.20995839945928
dma_hardened2,xilinx_u280_xdma_201920_3,3,2,6,12288,512,Reduce,2741.732000004049,110.14566266854456,5246.885000019574,57.55603334147277
dma_hardened2,xilinx_u280_xdma_201920_3,3,2,6,12288,512,Reduce,2586.597000004076,116.75181251641602,5167.554999957247,58.43960790015752
dma_hardened2,xilinx_u280_xdma_201920_3,3,2,6,12288,512,Reduce,2688.212000009571,112.33856853511732,5090.599999959977,59.32304404242609
dma_hardened2,xilinx_u280_xdma_201920_3,3,2,6,12288,512,Reduce,2755.6530000083512,109.58922912249285,5233.975000010105,57.697999703746575
dma_hardened2,xilinx_u280_xdma_201920_3,3,2,6,12288,512,Reduce,2649.690999987797,113.97173783712546,5213.564000030146,57.923886231808766
dma_hardened2,xilinx_u280_xdma_201920_3,3,2,6,12288,512,Reduce,2745.228999970095,110.0053540172021,5314.446999989286,56.82432960581013
dma_hardened2,xilinx_u280_xdma_201920_3,3,2,6,12288,512,Reduce,2695.436999999856,112.03744995710014,5253.238999955556,57.48641704718839
dma_hardened2,xilinx_u280_xdma_201920_3,3,2,6,12288,512,Reduce,2746.8929999940883,109.93871548715218,5332.082999984777,56.63638169189455
dma_hardened2,xilinx_u280_xdma_201920_3,3,2,6,12288,512,Reduce,2625.240999975631,115.03320571437185,5296.9280000070285,57.01226975326062
dma_hardened2,xilinx_u280_xdma_201920_3,3,2,6,12288,512,Reduce,2644.0050000360316,114.21683695601355,4970.8559999999125,60.75208937857088
dma_hardened2,xilinx_u280_xdma_201920_3,3,2,6,24576,512,Reduce,4595.821000009437,131.41934292017896,9093.437999979415,66.41929883959921
dma_hardened2,xilinx_u280_xdma_201920_3,3,2,6,24576,512,Reduce,4457.521000006182,135.496787564021,9422.502000006716,64.0997238312679
dma_hardened2,xilinx_u280_xdma_201920_3,3,2,6,24576,512,Reduce,4563.370000028044,132.35389109283014,9273.208000024624,65.13169725065977
dma_hardened2,xilinx_u280_xdma_201920_3,3,2,6,24576,512,Reduce,4556.669999999485,132.54850054975856,9063.937000007627,66.63547815915885
dma_hardened2,xilinx_u280_xdma_201920_3,3,2,6,24576,512,Reduce,4630.426999995052,130.43716616213698,9210.544999973536,65.57481408556555
dma_hardened2,xilinx_u280_xdma_201920_3,3,2,6,24576,512,Reduce,4645.537000044442,130.0129083019298,9329.558999979781,64.73829856280548
dma_hardened2,xilinx_u280_xdma_201920_3,3,2,6,24576,512,Reduce,4652.743000008286,129.81154901504863,9338.930000012624,64.67333795190493
dma_hardened2,xilinx_u280_xdma_201920_3,3,2,6,24576,512,Reduce,4547.51000000897,132.815491554457,9153.519000051347,65.9833421437823
dma_hardened2,xilinx_u280_xdma_201920_3,3,2,6,24576,512,Reduce,4523.888999983683,133.50897336388635,9343.399000044883,64.64240433241679
dma_hardened2,xilinx_u280_xdma_201920_3,3,2,6,24576,512,Reduce,4634.371999998166,130.32613178230815,9325.815000011062,64.7642888047086
dma_hardened2,xilinx_u280_xdma_201920_3,3,2,6,24576,512,Reduce,4665.17299997804,129.46567597875642,9385.067999971852,64.35539689236258
dma_hardened2,xilinx_u280_xdma_201920_3,3,2,6,24576,512,Reduce,4455.360999997993,135.56247765338702,9457.077999968533,63.86536898627776
dma_hardened2,xilinx_u280_xdma_201920_3,3,2,6,24576,512,Reduce,4416.7909999828225,136.74628842577087,9301.14800002002,64.9360461739454
dma_hardened2,xilinx_u280_xdma_201920_3,3,2,6,24576,512,Reduce,4549.942000039664,132.74450003862353,9463.508999999704,63.821968785576146
dma_hardened2,xilinx_u280_xdma_201920_3,3,2,6,24576,512,Reduce,4611.02200000596,130.9860972251313,9438.246999991406,63.99279188185581
dma_hardened2,xilinx_u280_xdma_201920_3,3,2,6,24576,512,Reduce,4563.649999965946,132.3457706012746,9284.105999995518,65.05524344511917
dma_hardened2,xilinx_u280_xdma_201920_3,3,2,6,24576,512,Reduce,4549.766000025102,132.74963503544308,9185.521000006247,65.75345873136528
dma_hardened2,xilinx_u280_xdma_201920_3,3,2,6,24576,512,Reduce,4581.669000003785,131.82527502521484,9242.76099999588,65.34625054139875
dma_hardened2,xilinx_u280_xdma_201920_3,3,2,6,24576,512,Reduce,4650.005999963014,129.88795627463796,9339.61900000213,64.66856688692143
dma_hardened2,xilinx_u280_xdma_201920_3,3,2,6,24576,512,Reduce,4623.621000007461,130.62917051354887,9387.989999993351,64.33536635642216
experiment,board_instance,number of nodes,rank id,number of banks,buffer size[KB],segment_size[KB],collective name,execution_time[us],throughput[Gbps],execution_time_fullpath[us],throughput_fullpath[Gbps]
dma_hardened2,xilinx_u280_xdma_201920_3,3,2,6,24,1024,Reduce,314.20999999909327,1.8771649533805486,434.312000038517,1.3580651696192862
dma_hardened2,xilinx_u280_xdma_201920_3,3,2,6,24,1024,Reduce,221.00099999988743,2.668874801472846,276.8710000395913,2.130320618322821
dma_hardened2,xilinx_u280_xdma_201920_3,3,2,6,24,1024,Reduce,189.47899997101558,3.112872667104137,278.15999999347696,2.1204486626899333
dma_hardened2,xilinx_u280_xdma_201920_3,3,2,6,24,1024,Reduce,179.60799999627852,3.2839517171407797,452.3299999732444,1.3039683417745638
dma_hardened2,xilinx_u280_xdma_201920_3,3,2,6,24,1024,Reduce,225.43799997265523,2.616346845126125,319.0310000036334,1.8487983926116354
dma_hardened2,xilinx_u280_xdma_201920_3,3,2,6,24,1024,Reduce,191.05899997384768,3.0871301539353584,288.9720000212037,2.041111249383057
dma_hardened2,xilinx_u280_xdma_201920_3,3,2,6,24,1024,Reduce,187.91599995893193,3.138764129339189,389.63599996577614,1.513782094189981
dma_hardened2,xilinx_u280_xdma_201920_3,3,2,6,24,1024,Reduce,213.93600002284074,2.757011442380094,322.12299998946037,1.831052113693523
dma_hardened2,xilinx_u280_xdma_201920_3,3,2,6,24,1024,Reduce,202.6020000016615,2.91124470634625,277.0170000303551,2.1291978468302233
dma_hardened2,xilinx_u280_xdma_201920_3,3,2,6,24,1024,Reduce,191.78299999111914,3.075475928665799,283.43399998220775,2.0809924004778027
dma_hardened2,xilinx_u280_xdma_201920_3,3,2,6,24,1024,Reduce,209.2779999998129,2.8183755578729124,292.57800002824297,2.015954719572434
dma_hardened2,xilinx_u280_xdma_201920_3,3,2,6,24,1024,Reduce,174.37100001416184,3.382580818783493,291.4300000043113,2.0238959612643663
dma_hardened2,xilinx_u280_xdma_201920_3,3,2,6,24,1024,Reduce,181.45299998195696,3.2505607515921477,305.58999998220315,1.9301155143635265
dma_hardened2,xilinx_u280_xdma_201920_3,3,2,6,24,1024,Reduce,226.95400002703536,2.5988702553369345,313.546999962,1.8811342480440993
dma_hardened2,xilinx_u280_xdma_201920_3,3,2,6,24,1024,Reduce,192.56799998856877,3.0629388062139773,308.3469999864974,1.912857916651787
dma_hardened2,xilinx_u280_xdma_201920_3,3,2,6,24,1024,Reduce,206.48500003517256,2.856498050219288,298.29800001834883,1.9772978697936927
dma_hardened2,xilinx_u280_xdma_201920_3,3,2,6,24,1024,Reduce,197.76999999976397,2.982373464128553,271.274999988691,2.1742659663610318
dma_hardened2,xilinx_u280_xdma_201920_3,3,2,6,24,1024,Reduce,220.77599999192898,2.671594738656206,302.5710000201798,1.9493738658386364
dma_hardened2,xilinx_u280_xdma_201920_3,3,2,6,24,1024,Reduce,177.74100001588522,3.3184465033238575,317.89999997045015,1.8553759045449072
dma_hardened2,xilinx_u280_xdma_201920_3,3,2,6,24,1024,Reduce,231.53299997602517,2.547472714736453,262.4210000021776,2.2476249995050153
dma_hardened2,xilinx_u280_xdma_201920_3,3,2,6,48,1024,Reduce,204.5690000045397,5.766504211165043,326.4580000177375,3.613475546428349
dma_hardened2,xilinx_u280_xdma_201920_3,3,2,6,48,1024,Reduce,203.26199995679417,5.80358355349622,314.90899999653266,3.7459964625113558
dma_hardened2,xilinx_u280_xdma_201920_3,3,2,6,48,1024,Reduce,221.11499998800355,5.334997625959347,314.0769999845361,3.755919726876152
dma_hardened2,xilinx_u280_xdma_201920_3,3,2,6,48,1024,Reduce,200.68599997102865,5.878078192650688,279.38599998833524,4.222287444786969
dma_hardened2,xilinx_u280_xdma_201920_3,3,2,6,48,1024,Reduce,203.41700002290963,5.79916132804605,297.49599997330733,3.9652566760757897
dma_hardened2,xilinx_u280_xdma_201920_3,3,2,6,48,1024,Reduce,212.7910000240263,5.543693106695328,332.7159999457763,3.545510285625731
dma_hardened2,xilinx_u280_xdma_201920_3,3,2,6,48,1024,Reduce,198.88100001708153,5.931426329808691,295.5080000219823,3.9919325362164413
dma_hardened2,xilinx_u280_xdma_201920_3,3,2,6,48,1024,Reduce,194.56600000467006,6.062970919747981,293.4799999820825,4.0195175142156865
dma_hardened2,xilinx_u280_xdma_201920_3,3,2,6,48,1024,Reduce,217.64199999552147,5.420130305842963,296.5069999731895,3.97848280177758
dma_hardened2,xilinx_u280_xdma_201920_3,3,2,6,48,1024,Reduce,232.58300001316456,5.07194420887696,323.30900000943075,3.6486704668462377
dma_hardened2,xilinx_u280_xdma_201920_3,3,2,6,48,1024,Reduce,181.88900003224262,6.4855378818449125,289.3289999974513,4.077185487837
dma_hardened2,xilinx_u280_xdma_201920_3,3,2,6,48,1024,Reduce,225.92600004145424,5.221391073995694,309.5399999892834,3.810971118565745
dma_hardened2,xilinx_u280_xdma_201920_3,3,2,6,48,1024,Reduce,185.77899999172587,6.349738129996063,291.12600003600164,4.052018713045625
dma_hardened2,xilinx_u280_xdma_201920_3,3,2,6,48,1024,Reduce,196.3000000273496,6.009414161159679,287.57400002632494,4.102067641344535
dma_hardened2,xilinx_u280_xdma_201920_3,3,2,6,48,1024,Reduce,226.03300004675475,5.218919360252666,294.2559999610239,4.008917405783576
dma_hardened2,xilinx_u280_xdma_201920_3,3,2,6,48,1024,Reduce,202.35900001353002,5.829481268048997,308.53399999841713,3.823397097260114
dma_hardened2,xilinx_u280_xdma_201920_3,3,2,6,48,1024,Reduce,215.44399999129382,5.4754274894992205,289.4900000001144,4.074917959167964
dma_hardened2,xilinx_u280_xdma_201920_3,3,2,6,48,1024,Reduce,197.48899995875036,5.973233953518393,284.61700003390433,4.144685664803849
dma_hardened2,xilinx_u280_xdma_201920_3,3,2,6,48,1024,Reduce,229.6360000286768,5.137034262278939,306.3429999770051,3.8507424686986402
dma_hardened2,xilinx_u280_xdma_201920_3,3,2,6,48,1024,Reduce,191.43000002941335,6.162294310289643,303.71799999784344,3.8840239959711846
dma_hardened2,xilinx_u280_xdma_201920_3,3,2,6,96,1024,Reduce,242.61300001171549,9.724524241842245,346.5770000161683,6.807422304105394
dma_hardened2,xilinx_u280_xdma_201920_3,3,2,6,96,1024,Reduce,235.36000003332447,10.024201222238055,317.09099999943646,7.440438233832538
dma_hardened2,xilinx_u280_xdma_201920_3,3,2,6,96,1024,Reduce,213.09599998176054,11.07151706367993,333.3639999709703,7.077236894822026
dma_hardened2,xilinx_u280_xdma_201920_3,3,2,6,96,1024,Reduce,222.66700000272976,10.595624856719121,313.9499999633699,7.514878166189746
dma_hardened2,xilinx_u280_xdma_201920_3,3,2,6,96,1024,Reduce,190.9229999910167,12.357316824641398,319.16500000761516,7.392088731357473
dma_hardened2,xilinx_u280_xdma_201920_3,3,2,6,96,1024,Reduce,248.47100002034495,9.495256990984137,311.71899996707,7.568662802874501
dma_hardened2,xilinx_u280_xdma_201920_3,3,2,6,96,1024,Reduce,225.67700000308832,10.454304160227732,340.86300001945347,6.921537391460358
dma_hardened2,xilinx_u280_xdma_201920_3,3,2,6,96,1024,Reduce,227.29700003765174,10.379793836298687,317.9770000087956,7.4197064565510695
dma_hardened2,xilinx_u280_xdma_201920_3,3,2,6,96,1024,Reduce,258.0839999950513,9.14158181074859,321.8070000343687,7.33140049703092
dma_hardened2,xilinx_u280_xdma_201920_3,3,2,6,96,1024,Reduce,236.80300000705756,9.963117021024585,317.36599999021564,7.4339910389667985
dma_hardened2,xilinx_u280_xdma_201920_3,3,2,6,96,1024,Reduce,204.89399997813962,11.514714926995012,313.85199997657764,7.517224679709134
dma_hardened2,xilinx_u280_xdma_201920_3,3,2,6,96,1024,Reduce,235.45599998442412,10.020114162119768,329.7250000287022,7.155344604730081
dma_hardened2,xilinx_u280_xdma_201920_3,3,2,6,96,1024,Reduce,240.39199996650495,9.81436986392531,300.1829999789152,7.85952568988156
dma_hardened2,xilinx_u280_xdma_201920_3,3,2,6,96,1024,Reduce,232.72200002111276,10.137829684284092,327.271000003293,7.2089980474171576
dma_hardened2,xilinx_u280_xdma_201920_3,3,2,6,96,1024,Reduce,222.7549999815892,10.591439025813099,308.39999999443535,7.650116731655546
dma_hardened2,xilinx_u280_xdma_201920_3,3,2,6,96,1024,Reduce,237.42000001902852,9.937225169787336,314.06299996206144,7.51217430988369
dma_hardened2,xilinx_u280_xdma_201920_3,3,2,6,96,1024,Reduce,237.0639999753621,9.952147944205784,354.9400000224523,6.647027666227415
dma_hardened2,xilinx_u280_xdma_201920_3,3,2,6,96,1024,Reduce,217.21500002058747,10.86157033251105,321.0419999959413,7.348870241369749
dma_hardened2,xilinx_u280_xdma_201920_3,3,2,6,96,1024,Reduce,253.19299999182476,9.31817230364259,339.5489999888923,6.948322628183796
dma_hardened2,xilinx_u280_xdma_201920_3,3,2,6,96,1024,Reduce,208.73199997595293,11.302991396967421,351.4510000286464,6.713015469603718
dma_hardened2,xilinx_u280_xdma_201920_3,3,2,6,192,1024,Reduce,274.2699999771503,17.2041856579032,368.77700000559344,12.79524482255789
dma_hardened2,xilinx_u280_xdma_201920_3,3,2,6,192,1024,Reduce,262.9100000035578,17.947556197695587,362.6100000246879,13.012856787398968
dma_hardened2,xilinx_u280_xdma_201920_3,3,2,6,192,1024,Reduce,275.8919999905629,17.10304032071029,392.0160000348005,12.036733193494948
dma_hardened2,xilinx_u280_xdma_201920_3,3,2,6,192,1024,Reduce,251.43700003127378,18.766498166193124,420.09499998130195,11.232202240469466
dma_hardened2,xilinx_u280_xdma_201920_3,3,2,6,192,1024,Reduce,257.9160000095726,18.295072813725664,391.6210000056708,12.048873783407103
dma_hardened2,xilinx_u280_xdma_201920_3,3,2,6,192,1024,Reduce,262.78299998239163,17.956230046525768,413.3460000161904,11.415598553790717
dma_hardened2,xilinx_u280_xdma_201920_3,3,2,6,192,1024,Reduce,257.24299996454647,18.342936447834624,395.6280000352308,11.926840364129456
dma_hardened2,xilinx_u280_xdma_201920_3,3,2,6,192,1024,Reduce,258.0530000386716,18.285359981449066,391.53099999111873,12.051643420590027
dma_hardened2,xilinx_u280_xdma_201920_3,3,2,6,192,1024,Reduce,242.76100003817191,19.43719130856293,383.1870000112758,12.314071197251339
dma_hardened2,xilinx_u280_xdma_201920_3,3,2,6,192,1024,Reduce,246.33300000687086,19.1553385046599,424.62899995143744,11.112269770881499
dma_hardened2,xilinx_u280_xdma_201920_3,3,2,6,192,1024,Reduce,269.6709999554514,17.49758780432265,387.90400003563263,12.164329317476883
dma_hardened2,xilinx_u280_xdma_201920_3,3,2,6,192,1024,Reduce,273.51599999292375,17.25161233756737,398.5569999827021,11.839189877996857
dma_hardened2,xilinx_u280_xdma_201920_3,3,2,6,192,1024,Reduce,265.8910000263859,17.746339663740958,377.53499998416373,12.49842266332374
dma_hardened2,xilinx_u280_xdma_201920_3,3,2,6,192,1024,Reduce,273.5049999955663,17.252306173841397,381.23100000575505,12.377251587433257
dma_hardened2,xilinx_u280_xdma_201920_3,3,2,6,192,1024,Reduce,287.6270000342629,16.40524707151244,396.81499998778236,11.891163388846898
dma_hardened2,xilinx_u280_xdma_201920_3,3,2,6,192,1024,Reduce,260.859000036362,18.0886685885565,428.21700003514707,11.01916084511523
dma_hardened2,xilinx_u280_xdma_201920_3,3,2,6,192,1024,Reduce,272.5870000404029,17.310407316932242,380.6269999699907,12.39689249678037
dma_hardened2,xilinx_u280_xdma_201920_3,3,2,6,192,1024,Reduce,281.21100001499144,16.77954276236865,371.7839999808348,12.691756504430638
dma_hardened2,xilinx_u280_xdma_201920_3,3,2,6,192,1024,Reduce,272.15299996896647,17.338012076067727,403.07599999778176,11.706457343096506
dma_hardened2,xilinx_u280_xdma_201920_3,3,2,6,192,1024,Reduce,279.3049999922914,16.894047726070887,354.3450000051962,13.31637810588778
dma_hardened2,xilinx_u280_xdma_201920_3,3,2,6,384,1024,Reduce,362.66000000750864,26.02212540617826,519.0379999930883,18.182067594522305
dma_hardened2,xilinx_u280_xdma_201920_3,3,2,6,384,1024,Reduce,366.4189999881273,25.755170993605088,523.5270000412129,18.02616483821673
dma_hardened2,xilinx_u280_xdma_201920_3,3,2,6,384,1024,Reduce,360.6070000046202,26.170274009875264,499.4099999748869,18.89666606690806
dma_hardened2,xilinx_u280_xdma_201920_3,3,2,6,384,1024,Reduce,360.7079999596863,26.162946208719312,514.8580000309266,18.329683134831594
dma_hardened2,xilinx_u280_xdma_201920_3,3,2,6,384,1024,Reduce,360.0869999900169,26.208066384683804,524.4719999950576,17.993685077733286
dma_hardened2,xilinx_u280_xdma_201920_3,3,2,6,384,1024,Reduce,350.31200002322294,26.939368332727366,496.72199997985444,18.998924952755754
dma_hardened2,xilinx_u280_xdma_201920_3,3,2,6,384,1024,Reduce,385.6370000221432,24.471676730858604,733.6539999869274,12.863262519073237
dma_hardened2,xilinx_u280_xdma_201920_3,3,2,6,384,1024,Reduce,361.4149999862093,26.111766253088827,494.78500000077474,19.07330254552022
dma_hardened2,xilinx_u280_xdma_201920_3,3,2,6,384,1024,Reduce,373.98599999960425,25.234056889856802,497.7600000302118,18.959305688338166
dma_hardened2,xilinx_u280_xdma_201920_3,3,2,6,384,1024,Reduce,389.96099999621947,24.200327725314814,549.4979999980387,17.174191716864634
dma_hardened2,xilinx_u280_xdma_201920_3,3,2,6,384,1024,Reduce,367.1220000001085,25.70585255037075,560.2350000231127,16.845045382046223
dma_hardened2,xilinx_u280_xdma_201920_3,3,2,6,384,1024,Reduce,404.40600002966676,23.335914895693186,496.30500001285327,19.014888021993727
dma_hardened2,xilinx_u280_xdma_201920_3,3,2,6,384,1024,Reduce,362.9619999969691,26.000473879025364,533.6410000040814,17.684518243403005
dma_hardened2,xilinx_u280_xdma_201920_3,3,2,6,384,1024,Reduce,362.0490000457721,26.066040781239284,518.7179999666114,18.19328421340198
dma_hardened2,xilinx_u280_xdma_201920_3,3,2,6,384,1024,Reduce,362.17599995325145,26.056900515821376,523.2549999618641,18.03553525659153
dma_hardened2,xilinx_u280_xdma_201920_3,3,2,6,384,1024,Reduce,326.92999997152583,28.86606919163716,519.3300000314593,18.171844490840748
dma_hardened2,xilinx_u280_xdma_201920_3,3,2,6,384,1024,Reduce,377.58099995244265,24.993800008974603,516.5750000060143,18.268758650515657
dma_hardened2,xilinx_u280_xdma_201920_3,3,2,6,384,1024,Reduce,415.90000000724103,22.69099302677493,769.1170000043712,12.270153955700323
dma_hardened2,xilinx_u280_xdma_201920_3,3,2,6,384,1024,Reduce,391.6279999884864,24.097316842200883,548.5189999490103,17.20484431875153
dma_hardened2,xilinx_u280_xdma_201920_3,3,2,6,384,1024,Reduce,376.23599996550183,25.083149940104942,533.5440000067138,17.687733345106025
dma_hardened2,xilinx_u280_xdma_201920_3,3,2,6,768,1024,Reduce,627.3370000258183,30.08648939760164,927.6320000140004,20.346827189785536
dma_hardened2,xilinx_u280_xdma_201920_3,3,2,6,768,1024,Reduce,603.5470000256282,31.272407947017452,898.2109999919885,21.013289750591284
dma_hardened2,xilinx_u280_xdma_201920_3,3,2,6,768,1024,Reduce,565.5719999708708,33.372175427659265,873.8430000221342,21.5992666869471
dma_hardened2,xilinx_u280_xdma_201920_3,3,2,6,768,1024,Reduce,544.7660000186261,34.64674373832924,885.4779999865059,21.31545673668644
dma_hardened2,xilinx_u280_xdma_201920_3,3,2,6,768,1024,Reduce,556.9790000095054,33.88703703313391,917.5079999863556,20.57133888781426
dma_hardened2,xilinx_u280_xdma_201920_3,3,2,6,768,1024,Reduce,553.9219999945999,34.07405374797174,777.8270000358134,24.265508910247355
dma_hardened2,xilinx_u280_xdma_201920_3,3,2,6,768,1024,Reduce,542.6140000395208,34.78415226777286,760.3220000191868,24.82417712432851
dma_hardened2,xilinx_u280_xdma_201920_3,3,2,6,768,1024,Reduce,638.5369999861723,29.558769500293216,1034.3960000227526,18.24675269392461
dma_hardened2,xilinx_u280_xdma_201920_3,3,2,6,768,1024,Reduce,653.7140000091313,28.872516115206892,954.0379999748438,19.783664802133334
dma_hardened2,xilinx_u280_xdma_201920_3,3,2,6,768,1024,Reduce,555.2689999603899,33.99139516404914,885.6189999733033,21.312063088719825
dma_hardened2,xilinx_u280_xdma_201920_3,3,2,6,768,1024,Reduce,630.5200000156219,29.93460635591633,909.9150000224654,20.7430012688372
dma_hardened2,xilinx_u280_xdma_201920_3,3,2,6,768,1024,Reduce,580.3879999461969,32.520258864328156,974.0319999878011,19.37756459770971
dma_hardened2,xilinx_u280_xdma_201920_3,3,2,6,768,1024,Reduce,573.3479999889823,32.91956717449559,949.4509999967704,19.879243899963456
dma_hardened2,xilinx_u280_xdma_201920_3,3,2,6,768,1024,Reduce,568.0310000002464,33.22770764270226,950.568000007479,19.855884060742103
dma_hardened2,xilinx_u280_xdma_201920_3,3,2,6,768,1024,Reduce,601.7410000254131,31.36626555146298,826.517000007243,22.836031200610027
dma_hardened2,xilinx_u280_xdma_201920_3,3,2,6,768,1024,Reduce,634.3639999499828,29.753214245272698,815.9210000258099,23.132592492904273
dma_hardened2,xilinx_u280_xdma_201920_3,3,2,6,768,1024,Reduce,515.8619999861003,36.58801772665667,937.5150000323629,20.132337081911714
dma_hardened2,xilinx_u280_xdma_201920_3,3,2,6,768,1024,Reduce,553.5419999773694,34.09744518170553,897.3310000328638,21.03389718989843
dma_hardened2,xilinx_u280_xdma_201920_3,3,2,6,768,1024,Reduce,570.5379999767501,33.08170183365375,945.2660000306423,19.96725577709148
dma_hardened2,xilinx_u280_xdma_201920_3,3,2,6,768,1024,Reduce,581.0999999766864,32.48041301111209,990.3550000558425,19.058184185403963
dma_hardened2,xilinx_u280_xdma_201920_3,3,2,6,1536,1024,Reduce,810.2339999709329,46.58991846966954,1099.8900000345202,34.32046477267295
dma_hardened2,xilinx_u280_xdma_201920_3,3,2,6,1536,1024,Reduce,678.7849999909668,55.61221299896486,1201.9860000123117,31.40530422119172
dma_hardened2,xilinx_u280_xdma_201920_3,3,2,6,1536,1024,Reduce,705.8180000285574,53.48225179645842,1125.1649999621804,33.54951140612162
dma_hardened2,xilinx_u280_xdma_201920_3,3,2,6,1536,1024,Reduce,736.5199999753713,51.25283223980651,1140.2000000089174,33.10711804920608
dma_hardened2,xilinx_u280_xdma_201920_3,3,2,6,1536,1024,Reduce,804.9949999531236,46.89313101596678,1257.6259999832473,30.01586799295088
dma_hardened2,xilinx_u280_xdma_201920_3,3,2,6,1536,1024,Reduce,779.3199999923672,48.438043422945285,1214.8749999596475,31.072115239225298
dma_hardened2,xilinx_u280_xdma_201920_3,3,2,6,1536,1024,Reduce,809.3760000065231,46.63930731785445,1222.460000008141,30.87932202260083
dma_hardened2,xilinx_u280_xdma_201920_3,3,2,6,1536,1024,Reduce,790.3300000293711,47.76325838396257,1274.4130000328369,29.620488804671137
dma_hardened2,xilinx_u280_xdma_201920_3,3,2,6,1536,1024,Reduce,816.2979999610798,46.24381782363771,1245.5039999963446,30.308000616706803
dma_hardened2,xilinx_u280_xdma_201920_3,3,2,6,1536,1024,Reduce,812.6939999897331,46.44889220355618,1230.3660000156924,30.68089982941543
dma_hardened2,xilinx_u280_xdma_201920_3,3,2,6,1536,1024,Reduce,788.3069999934378,47.88583128186637,1289.4149999738147,29.275862310246584
dma_hardened2,xilinx_u280_xdma_201920_3,3,2,6,1536,1024,Reduce,800.4089999644748,47.16180852748462,1237.387999992734,30.506790109667833
dma_hardened2,xilinx_u280_xdma_201920_3,3,2,6,1536,1024,Reduce,804.2540000019471,46.93633603303012,1211.990000001606,31.146078762984825
dma_hardened2,xilinx_u280_xdma_201920_3,3,2,6,1536,1024,Reduce,792.8850000098464,47.60934561699518,1302.7819999820167,28.97548170033135
dma_hardened2,xilinx_u280_xdma_201920_3,3,2,6,1536,1024,Reduce,778.2210000186751,48.50644739616913,1314.5050000389347,28.717072965779447
dma_hardened2,xilinx_u280_xdma_201920_3,3,2,6,1536,1024,Reduce,817.7939999995942,46.1592234719486,1185.078999981215,31.85334986156903
dma_hardened2,xilinx_u280_xdma_201920_3,3,2,6,1536,1024,Reduce,808.1729999958043,46.70873191778985,1232.646999994813,30.624125155181368
dma_hardened2,xilinx_u280_xdma_201920_3,3,2,6,1536,1024,Reduce,788.8859999525266,47.8506856532777,1241.8009999919377,30.39837784012501
dma_hardened2,xilinx_u280_xdma_201920_3,3,2,6,1536,1024,Reduce,788.3540000079847,47.88297642888559,1284.7620000115967,29.381890186399716
dma_hardened2,xilinx_u280_xdma_201920_3,3,2,6,1536,1024,Reduce,753.9059999999154,50.07087886288773,1180.9339999899748,31.965153006281856
dma_hardened2,xilinx_u280_xdma_201920_3,3,2,6,3072,1024,Reduce,1054.7179999775835,71.58071825986148,1833.0589999777658,41.18660228662348
dma_hardened2,xilinx_u280_xdma_201920_3,3,2,6,3072,1024,Reduce,1054.5119999960662,71.59470162528416,1740.4349999878832,43.37850709766559
dma_hardened2,xilinx_u280_xdma_201920_3,3,2,6,3072,1024,Reduce,1042.111999993267,72.44660074971574,1675.0709999655555,45.07120713184842
dma_hardened2,xilinx_u280_xdma_201920_3,3,2,6,3072,1024,Reduce,1026.3799999847834,73.55703735567654,1758.0580000071677,42.943675350695024
dma_hardened2,xilinx_u280_xdma_201920_3,3,2,6,3072,1024,Reduce,974.0449999640077,77.50922390935709,1650.8919999864702,45.73132100744248
dma_hardened2,xilinx_u280_xdma_201920_3,3,2,6,3072,1024,Reduce,970.9599999609964,77.75549147548071,1798.006000001351,41.98955509600261
dma_hardened2,xilinx_u280_xdma_201920_3,3,2,6,3072,1024,Reduce,979.2910000214761,77.09401189058649,1763.4839999800533,42.81154351321245
dma_hardened2,xilinx_u280_xdma_201920_3,3,2,6,3072,1024,Reduce,1005.6290000193258,75.07487552422327,1696.2650000209578,44.508064482299176
dma_hardened2,xilinx_u280_xdma_201920_3,3,2,6,3072,1024,Reduce,1019.9320000197076,74.02206421461548,1876.1300000278425,40.241066450021904
dma_hardened2,xilinx_u280_xdma_201920_3,3,2,6,3072,1024,Reduce,1112.6819999844884,67.85179593185879,1852.339999970809,40.75789110054836
dma_hardened2,xilinx_u280_xdma_201920_3,3,2,6,3072,1024,Reduce,1091.7280000057872,69.15410431865793,1764.1829999774927,42.794580834847174
dma_hardened2,xilinx_u280_xdma_201920_3,3,2,6,3072,1024,Reduce,1049.5500000047286,71.93318279230132,1879.7850000282779,40.162822875416225
dma_hardened2,xilinx_u280_xdma_201920_3,3,2,6,3072,1024,Reduce,1002.8369999872666,75.28389160048803,1817.4960000010287,41.53927821571947
dma_hardened2,xilinx_u280_xdma_201920_3,3,2,6,3072,1024,Reduce,989.0289999816559,76.33494265729345,1726.6280000285406,43.72538381096105
dma_hardened2,xilinx_u280_xdma_201920_3,3,2,6,3072,1024,Reduce,1084.9740000367092,69.58459096480247,1798.5279999948034,41.97736815897119
dma_hardened2,xilinx_u280_xdma_201920_3,3,2,6,3072,1024,Reduce,1027.8299999981755,73.45326756383255,1779.9519999925906,42.41545390005701
dma_hardened2,xilinx_u280_xdma_201920_3,3,2,6,3072,1024,Reduce,1001.8340000215176,75.35926310983501,1752.503999966848,43.079771573376256
dma_hardened2,xilinx_u280_xdma_201920_3,3,2,6,3072,1024,Reduce,989.4279999684841,76.30415957745768,1830.6129999814402,41.24163436005613
dma_hardened2,xilinx_u280_xdma_201920_3,3,2,6,3072,1024,Reduce,1067.7170000121805,70.70925348115533,1901.8620000110786,39.69660890199195
dma_hardened2,xilinx_u280_xdma_201920_3,3,2,6,3072,1024,Reduce,1066.1179999829073,70.81530562396509,1823.2130000228608,41.40902461701039
dma_hardened2,xilinx_u280_xdma_201920_3,3,2,6,6144,1024,Reduce,1618.3840000394412,93.2998250083541,2845.7189999926413,53.06038438805464
dma_hardened2,xilinx_u280_xdma_201920_3,3,2,6,6144,1024,Reduce,1553.9120000198636,97.17084622428415,2840.762999994695,53.152953625586505
dma_hardened2,xilinx_u280_xdma_201920_3,3,2,6,6144,1024,Reduce,1520.8359999974164,99.28417265257826,2846.863000002031,53.039062294143505
dma_hardened2,xilinx_u280_xdma_201920_3,3,2,6,6144,1024,Reduce,1721.9640000121217,87.68763109968448,2978.455999993912,50.69571079791296
dma_hardened2,xilinx_u280_xdma_201920_3,3,2,6,6144,1024,Reduce,1752.3949999826982,86.1649023202479,3229.761000000053,46.751119974511276
dma_hardened2,xilinx_u280_xdma_201920_3,3,2,6,6144,1024,Reduce,1669.1209999635248,90.46374948448896,2982.7210000235027,50.62322087745056
dma_hardened2,xilinx_u280_xdma_201920_3,3,2,6,6144,1024,Reduce,1646.3739999608151,91.71363493567912,3081.8790000353147,48.994442675481345
dma_hardened2,xilinx_u280_xdma_201920_3,3,2,6,6144,1024,Reduce,1777.4160000385564,84.95194371870433,2894.8080000077425,52.16060754274416
dma_hardened2,xilinx_u280_xdma_201920_3,3,2,6,6144,1024,Reduce,1769.4119999873692,85.33622695057899,3054.5280000069397,49.4331510464651
dma_hardened2,xilinx_u280_xdma_201920_3,3,2,6,6144,1024,Reduce,1646.2979999687377,91.71786882014514,3190.5550000033145,47.325604479422275
dma_hardened2,xilinx_u280_xdma_201920_3,3,2,6,6144,1024,Reduce,1699.06200000014,88.86959039751791,3067.49599997147,49.224169811926195
dma_hardened2,xilinx_u280_xdma_201920_3,3,2,6,6144,1024,Reduce,1598.1889999920895,94.47877816750545,2901.7400000270754,52.03600046819877
dma_hardened2,xilinx_u280_xdma_201920_3,3,2,6,6144,1024,Reduce,1604.1860000086672,94.12558394050578,2914.479000025949,51.80855446158837
dma_hardened2,xilinx_u280_xdma_201920_3,3,2,6,6144,1024,Reduce,1475.750999986758,102.31735841707368,2937.5760000220907,51.40120425781818
dma_hardened2,xilinx_u280_xdma_201920_3,3,2,6,6144,1024,Reduce,1611.4519999632648,93.70117385031767,2864.155999986906,52.71882676805673
dma_hardened2,xilinx_u280_xdma_201920_3,3,2,6,6144,1024,Reduce,1581.176999991385,95.49528231236773,2938.847999985228,51.37895665266083
dma_hardened2,xilinx_u280_xdma_201920_3,3,2,6,6144,1024,Reduce,1626.3050000020485,92.8454035373499,3179.4470000363617,47.49094543745285
dma_hardened2,xilinx_u280_xdma_201920_3,3,2,6,6144,1024,Reduce,1584.2390000102569,95.3107100627004,3168.515000027128,47.65479854086448
dma_hardened2,xilinx_u280_xdma_201920_3,3,2,6,6144,1024,Reduce,1749.6250000021973,86.30131828238072,2883.61699995221,52.36303711710065
dma_hardened2,xilinx_u280_xdma_201920_3,3,2,6,6144,1024,Reduce,1648.5239999610712,91.59402229119239,3219.4400000093992,46.90099644645005
dma_hardened2,xilinx_u280_xdma_201920_3,3,2,6,12288,1024,Reduce,2633.6519999858865,114.66582828772302,5136.832999994567,58.78911928815271
dma_hardened2,xilinx_u280_xdma_201920_3,3,2,6,12288,1024,Reduce,2753.6470000200097,109.66906360830039,5056.598999999551,59.72193721511767
dma_hardened2,xilinx_u280_xdma_201920_3,3,2,6,12288,1024,Reduce,2627.7040000195484,114.9253827667627,4956.408999987616,60.92917029259581
dma_hardened2,xilinx_u280_xdma_201920_3,3,2,6,12288,1024,Reduce,2582.135000011476,116.95356284572952,5119.823000029555,58.98443911015218
dma_hardened2,xilinx_u280_xdma_201920_3,3,2,6,12288,1024,Reduce,2705.644000002394,111.61479041578744,5277.300999978252,57.2243061370281
dma_hardened2,xilinx_u280_xdma_201920_3,3,2,6,12288,1024,Reduce,2719.555999988188,111.0438203888104,5353.80499997018,56.40659082683849
dma_hardened2,xilinx_u280_xdma_201920_3,3,2,6,12288,1024,Reduce,2754.869000000326,109.62041679657519,5198.660000019117,58.08994779402567
dma_hardened2,xilinx_u280_xdma_201920_3,3,2,6,12288,1024,Reduce,2693.255999986377,112.12817793834954,5050.5710000265935,59.79321704385699
dma_hardened2,xilinx_u280_xdma_201920_3,3,2,6,12288,1024,Reduce,2775.4999999842767,108.80558025642615,5168.050999998286,58.43399920010467
dma_hardened2,xilinx_u280_xdma_201920_3,3,2,6,12288,1024,Reduce,2654.4799999896895,113.76611916502404,4924.162999998316,61.328166431554614
dma_hardened2,xilinx_u280_xdma_201920_3,3,2,6,12288,1024,Reduce,2565.398000001551,117.7165835475889,5131.076999987272,58.855068438994216
dma_hardened2,xilinx_u280_xdma_201920_3,3,2,6,12288,1024,Reduce,2735.4739999623234,110.39764516283445,5046.7059999732555,59.83900944528973
dma_hardened2,xilinx_u280_xdma_201920_3,3,2,6,12288,1024,Reduce,2667.9740000190577,113.19071625054924,5177.930000002107,58.322512664303524
dma_hardened2,xilinx_u280_xdma_201920_3,3,2,6,12288,1024,Reduce,2800.9170000018457,107.81822096113558,5216.242000017246,57.89414831578012
dma_hardened2,xilinx_u280_xdma_201920_3,3,2,6,12288,1024,Reduce,2655.9190000057242,113.70447969209495,5415.841999990789,55.760468640058846
dma_hardened2,xilinx_u280_xdma_201920_3,3,2,6,12288,1024,Reduce,2735.0350000006074,110.41536506842982,4995.754999981727,60.44929905511871
dma_hardened2,xilinx_u280_xdma_201920_3,3,2,6,12288,1024,Reduce,2700.0089999660304,111.84773384229439,4930.082999976548,61.25452411276575
dma_hardened2,xilinx_u280_xdma_201920_3,3,2,6,12288,1024,Reduce,2496.4180000210945,120.96927998333942,4944.738999995479,61.07296825985681
dma_hardened2,xilinx_u280_xdma_201920_3,3,2,6,12288,1024,Reduce,2789.6039999859568,108.25546851865722,5398.233999983404,55.94234855342107
dma_hardened2,xilinx_u280_xdma_201920_3,3,2,6,12288,1024,Reduce,2620.034000017313,115.26182026569292,5128.296999998838,58.88697319988847
dma_hardened2,xilinx_u280_xdma_201920_3,3,2,6,24576,1024,Reduce,4751.888999976472,127.10309016119494,9452.458999987812,63.89657717645523
dma_hardened2,xilinx_u280_xdma_201920_3,3,2,6,24576,1024,Reduce,4719.577000003028,127.9732857414155,9255.623999990803,65.25543561413042
dma_hardened2,xilinx_u280_xdma_201920_3,3,2,6,24576,1024,Reduce,4473.579000034533,135.01041917340402,9264.803999997184,65.19077748435731
dma_hardened2,xilinx_u280_xdma_201920_3,3,2,6,24576,1024,Reduce,4733.4910000245145,127.5971108843076,9174.618999963968,65.83159213503819
dma_hardened2,xilinx_u280_xdma_201920_3,3,2,6,24576,1024,Reduce,4745.363999973051,127.27786024495275,9312.371000021358,64.8577871305401
dma_hardened2,xilinx_u280_xdma_201920_3,3,2,6,24576,1024,Reduce,4765.214000030937,126.74767093273853,9390.091999989636,64.32096469349466
dma_hardened2,xilinx_u280_xdma_201920_3,3,2,6,24576,1024,Reduce,4587.694000008469,131.65214942384674,9235.095000008187,65.40049409339748
dma_hardened2,xilinx_u280_xdma_201920_3,3,2,6,24576,1024,Reduce,4761.015999974916,126.85943000468433,9469.048000028124,63.78463558302863
dma_hardened2,xilinx_u280_xdma_201920_3,3,2,6,24576,1024,Reduce,4745.919000015419,127.26297604279334,9458.871000049385,63.85326282564237
dma_hardened2,xilinx_u280_xdma_201920_3,3,2,6,24576,1024,Reduce,4759.824000018398,126.89119933797248,9187.15699998529,65.7417497056997
dma_hardened2,xilinx_u280_xdma_201920_3,3,2,6,24576,1024,Reduce,4494.0060000158155,134.39674446315257,9414.201000026878,64.15624395509248
dma_hardened2,xilinx_u280_xdma_201920_3,3,2,6,24576,1024,Reduce,4602.290000036646,131.2346192863098,9226.920999992672,65.45843147464682
dma_hardened2,xilinx_u280_xdma_201920_3,3,2,6,24576,1024,Reduce,4802.183999970566,125.77189378909719,9462.622999990344,63.827944535105786
dma_hardened2,xilinx_u280_xdma_201920_3,3,2,6,24576,1024,Reduce,4774.124999983087,126.51109386581618,9177.303000001302,65.81233898454855
dma_hardened2,xilinx_u280_xdma_201920_3,3,2,6,24576,1024,Reduce,4533.06600002179,133.2386901044672,9213.858999999047,65.55122842666276
dma_hardened2,xilinx_u280_xdma_201920_3,3,2,6,24576,1024,Reduce,4790.1930000193715,126.08673095166677,9444.813000015984,63.948304323121896
dma_hardened2,xilinx_u280_xdma_201920_3,3,2,6,24576,1024,Reduce,4679.190000047129,129.07784808779226,9539.753000012752,63.31188826368908
dma_hardened2,xilinx_u280_xdma_201920_3,3,2,6,24576,1024,Reduce,4727.479999985462,127.75935085962445,9166.650999986814,65.88881544643391
dma_hardened2,xilinx_u280_xdma_201920_3,3,2,6,24576,1024,Reduce,4550.182000002678,132.73749841207328,9295.508999969115,64.97543878468696
dma_hardened2,xilinx_u280_xdma_201920_3,3,2,6,24576,1024,Reduce,4649.314999994658,129.90726074716252,9181.196999975327,65.78442614853195
experiment,board_instance,number of nodes,rank id,number of banks,buffer size[KB],segment_size[KB],collective name,execution_time[us],throughput[Gbps],execution_time_fullpath[us],throughput_fullpath[Gbps]
dma_hardened2,xilinx_u280_xdma_201920_3,3,2,6,24,256,Allreduce,291.30650000297464,2.0247539961998,492.8006999989521,1.196881416770013
dma_hardened2,xilinx_u280_xdma_201920_3,3,2,6,24,256,Allreduce,276.6123000014886,2.132312988239589,384.92269999892414,1.5323180472381819
dma_hardened2,xilinx_u280_xdma_201920_3,3,2,6,24,256,Allreduce,320.8138999980292,1.83852382955858,393.2538000015029,1.4998558182978674
dma_hardened2,xilinx_u280_xdma_201920_3,3,2,6,24,256,Allreduce,228.84550000412673,2.5773895487976115,446.94739999613375,1.319672068805193
dma_hardened2,xilinx_u280_xdma_201920_3,3,2,6,24,256,Allreduce,274.3908000013562,2.14957644351445,382.2393000007196,1.5430752410829802
dma_hardened2,xilinx_u280_xdma_201920_3,3,2,6,24,256,Allreduce,237.85330000123395,2.4797806042503514,454.1941000013594,1.2986166046591856
dma_hardened2,xilinx_u280_xdma_201920_3,3,2,6,24,256,Allreduce,232.7653999998347,2.5339848620130776,394.3033000041396,1.4958637170772036
dma_hardened2,xilinx_u280_xdma_201920_3,3,2,6,24,256,Allreduce,226.6655000028095,2.6021780994138464,415.77430000074855,1.4186158211292474
dma_hardened2,xilinx_u280_xdma_201920_3,3,2,6,24,256,Allreduce,250.29950000430287,2.356472945370887,422.6641999991898,1.3954907938763932
dma_hardened2,xilinx_u280_xdma_201920_3,3,2,6,24,256,Allreduce,244.02250000434833,2.4170885880994155,490.1958999994349,1.203241397981256
dma_hardened2,xilinx_u280_xdma_201920_3,3,2,6,24,256,Allreduce,258.01559999649726,2.286001311579638,362.1039999984532,1.6288801007514957
dma_hardened2,xilinx_u280_xdma_201920_3,3,2,6,24,256,Allreduce,260.10290000044733,2.2676563775297605,476.6437999990103,1.2374523700952886
dma_hardened2,xilinx_u280_xdma_201920_3,3,2,6,24,256,Allreduce,218.28420000247206,2.702092043278076,425.52049999926567,1.3861235827674998
dma_hardened2,xilinx_u280_xdma_201920_3,3,2,6,24,256,Allreduce,248.61489999921105,2.372440268068695,371.3633000018035,1.588266799646426
dma_hardened2,xilinx_u280_xdma_201920_3,3,2,6,24,256,Allreduce,280.18040000006295,2.105157962512251,383.18189999699825,1.5392793866427943
dma_hardened2,xilinx_u280_xdma_201920_3,3,2,6,24,256,Allreduce,231.933800000661,2.5430704795864987,415.4748000019026,1.4196384473794776
dma_hardened2,xilinx_u280_xdma_201920_3,3,2,6,24,256,Allreduce,238.14080000192916,2.476786842049837,386.0485000018343,1.527849480045117
dma_hardened2,xilinx_u280_xdma_201920_3,3,2,6,24,256,Allreduce,238.10580000258597,2.47715091355857,484.34280000151375,1.2177821162989448
dma_hardened2,xilinx_u280_xdma_201920_3,3,2,6,24,256,Allreduce,255.443999998306,2.3090148917332622,433.590200003664,1.3603259483148276
dma_hardened2,xilinx_u280_xdma_201920_3,3,2,6,24,256,Allreduce,267.0471999977053,2.2086882019548164,362.73110000024644,1.6260640457892894
dma_hardened2,xilinx_u280_xdma_201920_3,3,2,6,48,256,Allreduce,256.99540000232446,4.590152197235166,387.6777000016318,3.042857507653999
dma_hardened2,xilinx_u280_xdma_201920_3,3,2,6,48,256,Allreduce,233.24929999830601,5.057455692293899,517.0394000003853,2.281543727613642
dma_hardened2,xilinx_u280_xdma_201920_3,3,2,6,48,256,Allreduce,256.19780000170067,4.604442348810839,458.12850000288563,2.5749282133562303
dma_hardened2,xilinx_u280_xdma_201920_3,3,2,6,48,256,Allreduce,241.5671999983715,4.8833119728504215,439.7241999981816,2.6826997468069265
dma_hardened2,xilinx_u280_xdma_201920_3,3,2,6,48,256,Allreduce,255.16149999589288,4.623142597997691,453.8281999998617,2.5993272344035905
dma_hardened2,xilinx_u280_xdma_201920_3,3,2,6,48,256,Allreduce,302.3681999991368,3.901362643304976,371.9676999992316,3.171372137963691
dma_hardened2,xilinx_u280_xdma_201920_3,3,2,6,48,256,Allreduce,242.03179999631175,4.873938052842545,417.02710000208754,2.828708254197617
dma_hardened2,xilinx_u280_xdma_201920_3,3,2,6,48,256,Allreduce,258.5976999966988,4.5617111057641235,513.3155999999417,2.2980949731512816
dma_hardened2,xilinx_u280_xdma_201920_3,3,2,6,48,256,Allreduce,282.2383999955491,4.1796155307662,412.6526999982616,2.858694490560633
dma_hardened2,xilinx_u280_xdma_201920_3,3,2,6,48,256,Allreduce,231.75320000063948,5.090104473192797,500.83049999898327,2.3553837076663555
dma_hardened2,xilinx_u280_xdma_201920_3,3,2,6,48,256,Allreduce,272.06150000438356,4.335960802910346,388.29759999998714,3.0379997198026434
dma_hardened2,xilinx_u280_xdma_201920_3,3,2,6,48,256,Allreduce,261.480000000347,4.511427260205119,535.7254999978522,2.201963505572778
dma_hardened2,xilinx_u280_xdma_201920_3,3,2,6,48,256,Allreduce,246.19570000368185,4.791505294293761,471.9925000017611,2.499293950636077
dma_hardened2,xilinx_u280_xdma_201920_3,3,2,6,48,256,Allreduce,300.81869999776245,3.9214583402187912,425.8708999998362,2.769966203373966
dma_hardened2,xilinx_u280_xdma_201920_3,3,2,6,48,256,Allreduce,247.2678000003725,4.770730357928622,435.6193000035091,2.707979191901041
dma_hardened2,xilinx_u280_xdma_201920_3,3,2,6,48,256,Allreduce,249.35769999956392,4.7307462332306685,449.20200000433397,2.626096945224239
dma_hardened2,xilinx_u280_xdma_201920_3,3,2,6,48,256,Allreduce,276.9439000019247,4.2595197077523705,467.04800000156865,2.525753241628351
dma_hardened2,xilinx_u280_xdma_201920_3,3,2,6,48,256,Allreduce,234.95959999877414,5.020641846539382,343.7602000019524,3.431601447733915
dma_hardened2,xilinx_u280_xdma_201920_3,3,2,6,48,256,Allreduce,246.6154999979153,4.783348978510969,499.28910000289767,2.3626552231826285
dma_hardened2,xilinx_u280_xdma_201920_3,3,2,6,48,256,Allreduce,272.7008000022124,4.325795890552685,555.2900999987287,2.124381471959793
dma_hardened2,xilinx_u280_xdma_201920_3,3,2,6,96,256,Allreduce,280.5271999989145,8.410221896518873,484.6829000030084,4.867710414345866
dma_hardened2,xilinx_u280_xdma_201920_3,3,2,6,96,256,Allreduce,297.80209999898943,7.922361863828382,525.9485999999924,4.485791957617216
dma_hardened2,xilinx_u280_xdma_201920_3,3,2,6,96,256,Allreduce,276.1371000019608,8.543929808719101,507.2913999981665,4.65077074046303
dma_hardened2,xilinx_u280_xdma_201920_3,3,2,6,96,256,Allreduce,267.8890000026968,8.806990955120403,533.8529000027847,4.419374700385992
dma_hardened2,xilinx_u280_xdma_201920_3,3,2,6,96,256,Allreduce,346.1101000027611,6.816605467396585,459.67550000227675,5.1325250094649695
dma_hardened2,xilinx_u280_xdma_201920_3,3,2,6,96,256,Allreduce,266.2385999997241,8.861585059425813,500.2116999946793,4.716594993729846
dma_hardened2,xilinx_u280_xdma_201920_3,3,2,6,96,256,Allreduce,308.1594999969184,7.656087188691548,577.4608999956854,4.085637659653888
dma_hardened2,xilinx_u280_xdma_201920_3,3,2,6,96,256,Allreduce,289.7201999985555,8.143360387062287,494.7453999989193,4.768707298754376
dma_hardened2,xilinx_u280_xdma_201920_3,3,2,6,96,256,Allreduce,257.754599999771,9.153264384038524,459.9022999968838,5.129993913959521
dma_hardened2,xilinx_u280_xdma_201920_3,3,2,6,96,256,Allreduce,286.42170000239275,8.237141250052948,475.37419999912345,4.963029125275099
dma_hardened2,xilinx_u280_xdma_201920_3,3,2,6,96,256,Allreduce,329.4726999968134,7.160823946939515,473.55319999837775,4.982113942019782
dma_hardened2,xilinx_u280_xdma_201920_3,3,2,6,96,256,Allreduce,265.87549999703697,8.873687120574452,503.8791000004039,4.682266043576939
dma_hardened2,xilinx_u280_xdma_201920_3,3,2,6,96,256,Allreduce,295.9993999979815,7.970610751292363,589.074999999184,4.005085939826453
dma_hardened2,xilinx_u280_xdma_201920_3,3,2,6,96,256,Allreduce,298.71180000213826,7.898235021124414,481.4548000013019,4.900347862340598
dma_hardened2,xilinx_u280_xdma_201920_3,3,2,6,96,256,Allreduce,321.2233999988712,7.344720216548019,526.6949000031218,4.4794358175596845
dma_hardened2,xilinx_u280_xdma_201920_3,3,2,6,96,256,Allreduce,279.9517999960699,8.42750787826019,426.2186000005386,5.535413048602334
dma_hardened2,xilinx_u280_xdma_201920_3,3,2,6,96,256,Allreduce,282.64179999837324,8.347300363971566,531.2761000027422,4.440809590320029
dma_hardened2,xilinx_u280_xdma_201920_3,3,2,6,96,256,Allreduce,272.4342999954388,8.660054919808191,458.8921000049595,5.141287025805199
dma_hardened2,xilinx_u280_xdma_201920_3,3,2,6,96,256,Allreduce,260.6096000022262,9.052989605831275,460.52309999708996,5.123078516614929
dma_hardened2,xilinx_u280_xdma_201920_3,3,2,6,96,256,Allreduce,311.4637000010134,7.574866669831263,560.089399999697,4.212356098867924
dma_hardened2,xilinx_u280_xdma_201920_3,3,2,6,192,256,Allreduce,390.05909999900723,12.097120667129698,553.4148999970512,8.526319042051709
dma_hardened2,xilinx_u280_xdma_201920_3,3,2,6,192,256,Allreduce,346.10239999892656,13.633514243225806,568.3958000020084,8.301595472702871
dma_hardened2,xilinx_u280_xdma_201920_3,3,2,6,192,256,Allreduce,400.2772000035293,11.788310700580485,560.4484000002685,8.419315676514982
dma_hardened2,xilinx_u280_xdma_201920_3,3,2,6,192,256,Allreduce,399.75249999884,11.803783591131245,612.6491999964401,7.70194754196597
dma_hardened2,xilinx_u280_xdma_201920_3,3,2,6,192,256,Allreduce,378.32689999959257,12.472261422608547,587.7614000041831,8.028073976900181
dma_hardened2,xilinx_u280_xdma_201920_3,3,2,6,192,256,Allreduce,383.5850999962531,12.30129116080393,668.377300002021,7.059772975512083
dma_hardened2,xilinx_u280_xdma_201920_3,3,2,6,192,256,Allreduce,361.30849999835846,13.059731503746628,626.4138000005914,7.532707612756208
dma_hardened2,xilinx_u280_xdma_201920_3,3,2,6,192,256,Allreduce,368.6942000001636,12.798118332205675,577.0445999985441,8.177170360855825
dma_hardened2,xilinx_u280_xdma_201920_3,3,2,6,192,256,Allreduce,373.15010000043003,12.645292068780265,577.3875000045336,8.172314087095668
dma_hardened2,xilinx_u280_xdma_201920_3,3,2,6,192,256,Allreduce,385.33700000016324,12.24536444721893,602.5292000003901,7.831308424549291
dma_hardened2,xilinx_u280_xdma_201920_3,3,2,6,192,256,Allreduce,345.10700000396355,13.672837699454973,521.6565000011997,9.045400565293729
dma_hardened2,xilinx_u280_xdma_201920_3,3,2,6,192,256,Allreduce,372.3868000008679,12.671211761504445,585.2340999979333,8.06274275544891
dma_hardened2,xilinx_u280_xdma_201920_3,3,2,6,192,256,Allreduce,385.58919999900354,12.237355195664696,571.428199998536,8.257541367423045
dma_hardened2,xilinx_u280_xdma_201920_3,3,2,6,192,256,Allreduce,382.03029999976934,12.351355376793016,590.1084000015544,7.996144437170477
dma_hardened2,xilinx_u280_xdma_201920_3,3,2,6,192,256,Allreduce,359.4011000018327,13.129041619449518,579.0223000019523,8.149240538722067
dma_hardened2,xilinx_u280_xdma_201920_3,3,2,6,192,256,Allreduce,337.6338999999007,13.975468695534982,593.2330999996793,7.95402684038121
dma_hardened2,xilinx_u280_xdma_201920_3,3,2,6,192,256,Allreduce,415.5257999968853,11.355713652522585,495.55409999584305,9.521850389371377
dma_hardened2,xilinx_u280_xdma_201920_3,3,2,6,192,256,Allreduce,366.22609999881206,12.88436842708727,637.8043000040634,7.398181542473041
dma_hardened2,xilinx_u280_xdma_201920_3,3,2,6,192,256,Allreduce,357.0701999990433,13.214746007963258,617.1929999993608,7.645245490478483
dma_hardened2,xilinx_u280_xdma_201920_3,3,2,6,192,256,Allreduce,386.3312000021324,12.213851741650572,549.406900000804,8.588519729171757
dma_hardened2,xilinx_u280_xdma_201920_3,3,2,6,384,256,Allreduce,472.4328999998306,19.975712953105898,729.5967000004566,12.934795346516909
dma_hardened2,xilinx_u280_xdma_201920_3,3,2,6,384,256,Allreduce,458.65660000004027,20.57570740287869,742.9137000031005,12.702934405383308
dma_hardened2,xilinx_u280_xdma_201920_3,3,2,6,384,256,Allreduce,479.4355999990785,19.683945038745847,724.1383000007318,13.032295074007912
dma_hardened2,xilinx_u280_xdma_201920_3,3,2,6,384,256,Allreduce,449.28350000077444,21.004964571331314,711.4150000006703,13.265371126545135
dma_hardened2,xilinx_u280_xdma_201920_3,3,2,6,384,256,Allreduce,448.7771000015073,21.028666569591685,748.1022999968445,12.614830886149937
dma_hardened2,xilinx_u280_xdma_201920_3,3,2,6,384,256,Allreduce,466.38580000148977,20.234715550880527,693.9094000017576,13.600023288308384
dma_hardened2,xilinx_u280_xdma_201920_3,3,2,6,384,256,Allreduce,463.2160000028307,20.373182273372098,742.5146999992194,12.709760493643993
dma_hardened2,xilinx_u280_xdma_201920_3,3,2,6,384,256,Allreduce,468.38380000053803,20.14839966708746,709.3591999989712,13.303815612758228
dma_hardened2,xilinx_u280_xdma_201920_3,3,2,6,384,256,Allreduce,487.2709999972358,19.36742387717212,686.2802999989981,13.751209236246149
dma_hardened2,xilinx_u280_xdma_201920_3,3,2,6,384,256,Allreduce,452.88050000067415,20.838132796589722,674.1680000004635,13.998267494146134
dma_hardened2,xilinx_u280_xdma_201920_3,3,2,6,384,256,Allreduce,473.07499999647007,19.948600116409487,750.1208000007864,12.580885638673273
dma_hardened2,xilinx_u280_xdma_201920_3,3,2,6,384,256,Allreduce,484.061899999233,19.495820679163046,706.4655000021958,13.35830836745838
dma_hardened2,xilinx_u280_xdma_201920_3,3,2,6,384,256,Allreduce,456.04960000105166,20.69332809408941,726.2656000023071,12.99412226046507
dma_hardened2,xilinx_u280_xdma_201920_3,3,2,6,384,256,Allreduce,463.90360000145847,20.342985051140648,768.5333000040373,12.2794731210091
dma_hardened2,xilinx_u280_xdma_201920_3,3,2,6,384,256,Allreduce,460.3122000048643,20.501702974416656,757.4968000028548,12.458381342290071
dma_hardened2,xilinx_u280_xdma_201920_3,3,2,6,384,256,Allreduce,450.7387000046492,20.937150504056248,758.2432999981847,12.446115910318749
dma_hardened2,xilinx_u280_xdma_201920_3,3,2,6,384,256,Allreduce,454.5184999983576,20.763036048112674,710.1342999987992,13.289294715120727
dma_hardened2,xilinx_u280_xdma_201920_3,3,2,6,384,256,Allreduce,450.964499998463,20.926667176755963,673.6230000001342,14.009592902852367
dma_hardened2,xilinx_u280_xdma_201920_3,3,2,6,384,256,Allreduce,444.69389999903797,21.22175276076514,737.2832000044127,12.799944444608961
dma_hardened2,xilinx_u280_xdma_201920_3,3,2,6,384,256,Allreduce,451.1690000015278,20.917181809849616,778.4494000020459,12.123053855491696
dma_hardened2,xilinx_u280_xdma_201920_3,3,2,6,768,256,Allreduce,620.8178999997926,30.40242235284502,974.9450000015258,19.3594182235618
dma_hardened2,xilinx_u280_xdma_201920_3,3,2,6,768,256,Allreduce,600.8919000009882,31.41058816064746,973.9148000051046,19.379896475442283
dma_hardened2,xilinx_u280_xdma_201920_3,3,2,6,768,256,Allreduce,621.77819999647,30.35546759295703,960.5836000048384,19.648855133384465
dma_hardened2,xilinx_u280_xdma_201920_3,3,2,6,768,256,Allreduce,619.7873000019172,30.452976367766194,911.7150999998103,20.702046066807416
dma_hardened2,xilinx_u280_xdma_201920_3,3,2,6,768,256,Allreduce,600.7753999995202,31.416679178300363,941.2679999968532,20.052065936654703
dma_hardened2,xilinx_u280_xdma_201920_3,3,2,6,768,256,Allreduce,598.3244999981707,31.545370447069615,933.8862999982211,20.210563106061148
dma_hardened2,xilinx_u280_xdma_201920_3,3,2,6,768,256,Allreduce,622.5537999966946,30.317649655499995,950.6831000010152,19.853480092346064
dma_hardened2,xilinx_u280_xdma_201920_3,3,2,6,768,256,Allreduce,623.4895999966739,30.272145678293093,973.3542999981637,19.391056268036838
dma_hardened2,xilinx_u280_xdma_201920_3,3,2,6,768,256,Allreduce,604.0797999958158,31.244825601072463,959.8866999965594,19.66312065795646
dma_hardened2,xilinx_u280_xdma_201920_3,3,2,6,768,256,Allreduce,604.176600000983,31.239819615604596,959.1514000021562,19.67819470414949
dma_hardened2,xilinx_u280_xdma_201920_3,3,2,6,768,256,Allreduce,624.4288999994296,30.226608665962196,956.1179999991509,19.74062615703999
dma_hardened2,xilinx_u280_xdma_201920_3,3,2,6,768,256,Allreduce,608.8239000007434,31.001358520874355,949.53569999916,19.877470641721736
dma_hardened2,xilinx_u280_xdma_201920_3,3,2,6,768,256,Allreduce,608.8178000027256,31.001669136341782,931.0236000033001,20.272706298672876
dma_hardened2,xilinx_u280_xdma_201920_3,3,2,6,768,256,Allreduce,628.6980999959724,30.021353651491733,936.3870000015595,20.156589102549017
dma_hardened2,xilinx_u280_xdma_201920_3,3,2,6,768,256,Allreduce,618.2983999963199,30.526308979794123,959.5996000030027,19.669003613528954
dma_hardened2,xilinx_u280_xdma_201920_3,3,2,6,768,256,Allreduce,594.0914000007069,31.770141766027148,941.7317999975694,20.042190356159487
dma_hardened2,xilinx_u280_xdma_201920_3,3,2,6,768,256,Allreduce,626.2537999987217,30.138528500806743,949.8301000007814,19.871309616303456
dma_hardened2,xilinx_u280_xdma_201920_3,3,2,6,768,256,Allreduce,596.9686000014462,31.617019722568784,916.8998999996347,20.58498206838884
dma_hardened2,xilinx_u280_xdma_201920_3,3,2,6,768,256,Allreduce,627.4708000034934,30.08007384549993,947.3648999971829,19.92301804727632
dma_hardened2,xilinx_u280_xdma_201920_3,3,2,6,768,256,Allreduce,599.1892999986703,31.499841535958474,917.8705000010723,20.563214527515537
dma_hardened2,xilinx_u280_xdma_201920_3,3,2,6,1536,256,Allreduce,833.1248999979834,45.3098160913104,1379.320099999859,27.3676400423686
dma_hardened2,xilinx_u280_xdma_201920_3,3,2,6,1536,256,Allreduce,857.5601000018196,44.01876439904318,1477.62579999835,25.546884739047027
dma_hardened2,xilinx_u280_xdma_201920_3,3,2,6,1536,256,Allreduce,847.2198999982083,44.556007242133745,1412.7918999975009,26.719247187124143
dma_hardened2,xilinx_u280_xdma_201920_3,3,2,6,1536,256,Allreduce,810.6556000029741,46.56568831432425,1458.4614999989753,25.88257283447422
dma_hardened2,xilinx_u280_xdma_201920_3,3,2,6,1536,256,Allreduce,846.6303000034259,44.58703639575296,1451.576700003443,26.00533337295264
dma_hardened2,xilinx_u280_xdma_201920_3,3,2,6,1536,256,Allreduce,838.6138999981085,45.013248647661506,1433.4091999955945,26.334933527785378
dma_hardened2,xilinx_u280_xdma_201920_3,3,2,6,1536,256,Allreduce,820.9039000007579,45.984354563262706,1463.6934000009205,25.79005685205403
dma_hardened2,xilinx_u280_xdma_201920_3,3,2,6,1536,256,Allreduce,837.5557000022127,45.07012011248956,1383.7399999999889,27.28022316331125
dma_hardened2,xilinx_u280_xdma_201920_3,3,2,6,1536,256,Allreduce,828.9520999994693,45.5378977868856,1370.6427000045096,27.540901797292467
dma_hardened2,xilinx_u280_xdma_201920_3,3,2,6,1536,256,Allreduce,825.713500000802,45.71650578555799,1417.6484000017808,26.627713895739298
dma_hardened2,xilinx_u280_xdma_201920_3,3,2,6,1536,256,Allreduce,853.1673999982559,44.24540365709844,1427.3236000008183,26.447216314491232
dma_hardened2,xilinx_u280_xdma_201920_3,3,2,6,1536,256,Allreduce,841.5358999968703,44.856952626905624,1443.8396999992165,26.144686283401462
dma_hardened2,xilinx_u280_xdma_201920_3,3,2,6,1536,256,Allreduce,844.3628000009085,44.70677296531703,1432.7567000009367,26.346926871795695
dma_hardened2,xilinx_u280_xdma_201920_3,3,2,6,1536,256,Allreduce,833.3095000011781,45.299778773608885,1444.182099999125,26.138487660263113
dma_hardened2,xilinx_u280_xdma_201920_3,3,2,6,1536,256,Allreduce,814.4962000017131,46.346116777365694,1425.937200002636,26.472930224367676
dma_hardened2,xilinx_u280_xdma_201920_3,3,2,6,1536,256,Allreduce,832.9042000013942,45.3218221254459,1409.3849999994745,26.783835502729257
dma_hardened2,xilinx_u280_xdma_201920_3,3,2,6,1536,256,Allreduce,854.3448000011722,44.18442764554569,1384.3820000033702,27.267572100697713
dma_hardened2,xilinx_u280_xdma_201920_3,3,2,6,1536,256,Allreduce,854.2665000049965,44.188477483056175,1485.8085000014398,25.406191982320347
dma_hardened2,xilinx_u280_xdma_201920_3,3,2,6,1536,256,Allreduce,839.5451000012599,44.963321208048676,1444.5663000003606,26.131535811122397
dma_hardened2,xilinx_u280_xdma_201920_3,3,2,6,1536,256,Allreduce,836.2570000031155,45.140113625188626,1451.0764000021936,26.014299453800596
dma_hardened2,xilinx_u280_xdma_201920_3,3,2,6,3072,256,Allreduce,1564.792899995382,48.24758087809755,2466.160400001627,30.613366429835704
dma_hardened2,xilinx_u280_xdma_201920_3,3,2,6,3072,256,Allreduce,1519.745600000988,49.67770395252398,2434.0470000026926,31.017261375773142
dma_hardened2,xilinx_u280_xdma_201920_3,3,2,6,3072,256,Allreduce,1484.0683999977955,50.871962505307806,2511.864900003502,30.056342600230902
dma_hardened2,xilinx_u280_xdma_201920_3,3,2,6,3072,256,Allreduce,1437.3505999969893,52.525439513614934,2426.9868000033057,31.107491808318517
dma_hardened2,xilinx_u280_xdma_201920_3,3,2,6,3072,256,Allreduce,1420.009899999286,53.166863132459824,2474.077300001909,30.51540548063787
dma_hardened2,xilinx_u280_xdma_201920_3,3,2,6,3072,256,Allreduce,1465.280200000052,51.52425590682064,2382.026800000858,31.694635845395528
dma_hardened2,xilinx_u280_xdma_201920_3,3,2,6,3072,256,Allreduce,1459.2706000030375,51.73644422072427,2369.5164000002933,31.861974873856393
dma_hardened2,xilinx_u280_xdma_201920_3,3,2,6,3072,256,Allreduce,1410.3663000014421,53.53039986840496,2420.839299998079,31.186486438839584
dma_hardened2,xilinx_u280_xdma_201920_3,3,2,6,3072,256,Allreduce,1402.1937999984857,53.84239468187745,2420.349599998417,31.19279628035941
dma_hardened2,xilinx_u280_xdma_201920_3,3,2,6,3072,256,Allreduce,1466.246699999374,51.49029286820031,2409.358400001338,31.335094023354134
dma_hardened2,xilinx_u280_xdma_201920_3,3,2,6,3072,256,Allreduce,1533.4224000014274,49.23462184974585,2500.0488999978643,30.198398119358583
dma_hardened2,xilinx_u280_xdma_201920_3,3,2,6,3072,256,Allreduce,1413.2530999972914,53.421055294444216,2422.7913000004264,31.161360039548892
dma_hardened2,xilinx_u280_xdma_201920_3,3,2,6,3072,256,Allreduce,1433.581500003811,52.66353674332384,2406.685800002606,31.36989132520674
dma_hardened2,xilinx_u280_xdma_201920_3,3,2,6,3072,256,Allreduce,1463.091000005079,51.60135083855886,2465.9509999992224,30.615966010688698
dma_hardened2,xilinx_u280_xdma_201920_3,3,2,6,3072,256,Allreduce,1435.3647000007186,52.59811112810716,2479.689099999405,30.446345874576824
dma_hardened2,xilinx_u280_xdma_201920_3,3,2,6,3072,256,Allreduce,1444.8348000030364,52.253359345886004,2459.422099997255,30.697240624162994
dma_hardened2,xilinx_u280_xdma_201920_3,3,2,6,3072,256,Allreduce,1410.4250999992018,53.52816820974238,2396.3336999997864,31.5054084495856
dma_hardened2,xilinx_u280_xdma_201920_3,3,2,6,3072,256,Allreduce,1471.7000999951324,51.29949505354366,2456.6784000001007,30.731524321619347
dma_hardened2,xilinx_u280_xdma_201920_3,3,2,6,3072,256,Allreduce,1439.477599996053,52.44782690623808,2399.540600004002,31.463302600453638
dma_hardened2,xilinx_u280_xdma_201920_3,3,2,6,3072,256,Allreduce,1435.5330000000777,52.59194459479225,2493.1552999987616,30.281897000173835
dma_hardened2,xilinx_u280_xdma_201920_3,3,2,6,6144,256,Allreduce,2562.315199998011,58.92910598981625,4081.2453000000914,36.99727237664362
dma_hardened2,xilinx_u280_xdma_201920_3,3,2,6,6144,256,Allreduce,2583.0178999967757,58.45679350506572,4016.9536999997035,37.58941607915748
dma_hardened2,xilinx_u280_xdma_201920_3,3,2,6,6144,256,Allreduce,2574.9007999991136,58.64107230851456,4043.5505000004923,37.34216847297483
dma_hardened2,xilinx_u280_xdma_201920_3,3,2,6,6144,256,Allreduce,2598.9386000048853,58.098696136844545,4042.7937000004026,37.349158825488665
dma_hardened2,xilinx_u280_xdma_201920_3,3,2,6,6144,256,Allreduce,2578.8980000015727,58.550180736077166,4060.6642999989617,37.18478870564075
dma_hardened2,xilinx_u280_xdma_201920_3,3,2,6,6144,256,Allreduce,2584.818999997651,58.416060853830466,4013.62709999944,37.6205711786282
dma_hardened2,xilinx_u280_xdma_201920_3,3,2,6,6144,256,Allreduce,2584.617799999478,58.420608261705276,4107.386399999768,36.76180648599521
dma_hardened2,xilinx_u280_xdma_201920_3,3,2,6,6144,256,Allreduce,2592.315800001188,58.24712560095139,4084.503600000744,36.96775882385622
dma_hardened2,xilinx_u280_xdma_201920_3,3,2,6,6144,256,Allreduce,2591.6515999995227,58.262053433427475,4015.8991999987848,37.599286356601205
dma_hardened2,xilinx_u280_xdma_201920_3,3,2,6,6144,256,Allreduce,2575.134500000331,58.63575048215174,4039.590700000417,37.37877305242444
dma_hardened2,xilinx_u280_xdma_201920_3,3,2,6,6144,256,Allreduce,2583.4067000005234,58.44799581884238,4098.530699997127,36.84123776359802
dma_hardened2,xilinx_u280_xdma_201920_3,3,2,6,6144,256,Allreduce,2567.519600000878,58.8096558250026,4075.1784999997653,37.0523509583712
dma_hardened2,xilinx_u280_xdma_201920_3,3,2,6,6144,256,Allreduce,2588.495000003377,58.333102439758626,4138.88150000048,36.4820650216689
dma_hardened2,xilinx_u280_xdma_201920_3,3,2,6,6144,256,Allreduce,2551.6199999970013,59.17610929534079,4131.881200004273,36.543873526626044
dma_hardened2,xilinx_u280_xdma_201920_3,3,2,6,6144,256,Allreduce,2586.8225000010625,58.37081747972193,4123.5765999999785,36.61747037753604
dma_hardened2,xilinx_u280_xdma_201920_3,3,2,6,6144,256,Allreduce,2595.1273000032415,58.184022032295445,4116.081499995516,36.684148260952675
dma_hardened2,xilinx_u280_xdma_201920_3,3,2,6,6144,256,Allreduce,2592.192999998133,58.249884943022664,4037.395000000288,37.39910115309234
dma_hardened2,xilinx_u280_xdma_201920_3,3,2,6,6144,256,Allreduce,2574.6178999952463,58.647515812066246,4061.9814000024235,37.172731514701155
dma_hardened2,xilinx_u280_xdma_201920_3,3,2,6,6144,256,Allreduce,2595.597700002372,58.17347734583907,4042.737499997884,37.34967803377762
dma_hardened2,xilinx_u280_xdma_201920_3,3,2,6,6144,256,Allreduce,2569.2886000001636,58.76916435156035,4108.6354000015035,36.75063112194008
dma_hardened2,xilinx_u280_xdma_201920_3,3,2,6,12288,256,Allreduce,4540.713000000096,66.50715163015008,7272.818199999165,41.523090457566326
dma_hardened2,xilinx_u280_xdma_201920_3,3,2,6,12288,256,Allreduce,4545.542199997499,66.43649419868244,7260.224199995946,41.59511878437151
dma_hardened2,xilinx_u280_xdma_201920_3,3,2,6,12288,256,Allreduce,4545.929099998602,66.43083984747867,7322.625699998753,41.2406560668602
dma_hardened2,xilinx_u280_xdma_201920_3,3,2,6,12288,256,Allreduce,4527.79739999869,66.69686413090996,7294.33459999882,41.4006080828879
dma_hardened2,xilinx_u280_xdma_201920_3,3,2,6,12288,256,Allreduce,4518.1033000005755,66.83996977226296,7299.530400001686,41.37113916258644
dma_hardened2,xilinx_u280_xdma_201920_3,3,2,6,12288,256,Allreduce,4521.442999998726,66.79059937282967,7267.5411999966855,41.5532405925869
dma_hardened2,xilinx_u280_xdma_201920_3,3,2,6,12288,256,Allreduce,4556.932700000971,66.27042966860925,7342.95609999549,41.12647330142495
dma_hardened2,xilinx_u280_xdma_201920_3,3,2,6,12288,256,Allreduce,4571.2861000026805,66.06234687429057,7282.474499999125,41.46803232885144
dma_hardened2,xilinx_u280_xdma_201920_3,3,2,6,12288,256,Allreduce,4579.3263999996725,65.9463557784441,7284.1055000026245,41.45874713098145
dma_hardened2,xilinx_u280_xdma_201920_3,3,2,6,12288,256,Allreduce,4550.933900003429,66.35778383855948,7276.476499998807,41.502214430301464
dma_hardened2,xilinx_u280_xdma_201920_3,3,2,6,12288,256,Allreduce,4567.574700001842,66.11602608269948,7273.1718,41.521071728293286
dma_hardened2,xilinx_u280_xdma_201920_3,3,2,6,12288,256,Allreduce,4566.581799997493,66.13040151830101,7281.1058999946,41.47582690703949
dma_hardened2,xilinx_u280_xdma_201920_3,3,2,6,12288,256,Allreduce,4556.002800001124,66.28395575172287,7329.019799999514,41.20467623788109
dma_hardened2,xilinx_u280_xdma_201920_3,3,2,6,12288,256,Allreduce,4544.926799997029,66.44548994720826,7294.778400000723,41.39808935114055
dma_hardened2,xilinx_u280_xdma_201920_3,3,2,6,12288,256,Allreduce,4541.917500000636,66.48951417544632,7246.410999999853,41.67440792414426
dma_hardened2,xilinx_u280_xdma_201920_3,3,2,6,12288,256,Allreduce,4580.282099999522,65.93259572375062,7282.385999997132,41.46853627370466
dma_hardened2,xilinx_u280_xdma_201920_3,3,2,6,12288,256,Allreduce,4548.773699997355,66.38929696594394,7358.465999999453,41.03978845591221
dma_hardened2,xilinx_u280_xdma_201920_3,3,2,6,12288,256,Allreduce,4540.519499994389,66.50998591689194,7284.4697999983055,41.45667375820135
dma_hardened2,xilinx_u280_xdma_201920_3,3,2,6,12288,256,Allreduce,4537.8670000047805,66.54886271450482,7298.268099998495,41.378294666930955
dma_hardened2,xilinx_u280_xdma_201920_3,3,2,6,12288,256,Allreduce,4563.935800001673,66.16874146211464,7354.486899998847,41.061992781583086
dma_hardened2,xilinx_u280_xdma_201920_3,3,2,6,24576,256,Allreduce,8451.317899999822,71.4657504482245,13276.417700001275,45.49267653728174
dma_hardened2,xilinx_u280_xdma_201920_3,3,2,6,24576,256,Allreduce,8429.79459999924,71.64821975615567,13293.614200000547,45.43382761927717
dma_hardened2,xilinx_u280_xdma_201920_3,3,2,6,24576,256,Allreduce,8444.341900002428,71.52478939771807,13297.220800001242,45.42150461996868
dma_hardened2,xilinx_u280_xdma_201920_3,3,2,6,24576,256,Allreduce,8428.017599999293,71.66332637939088,13289.821099999699,45.446795066339426
dma_hardened2,xilinx_u280_xdma_201920_3,3,2,6,24576,256,Allreduce,8424.345999998195,71.69455955395581,13362.024000002748,45.201219216480666
dma_hardened2,xilinx_u280_xdma_201920_3,3,2,6,24576,256,Allreduce,8451.034900002696,71.46814362342857,13338.417099998878,45.2812182639011
dma_hardened2,xilinx_u280_xdma_201920_3,3,2,6,24576,256,Allreduce,8416.456300000164,71.7617670040048,13287.551900003791,45.454556305426564
dma_hardened2,xilinx_u280_xdma_201920_3,3,2,6,24576,256,Allreduce,8456.042099999195,71.42582414532414,13311.44299999778,45.37297541672235
dma_hardened2,xilinx_u280_xdma_201920_3,3,2,6,24576,256,Allreduce,8437.271200000396,71.5847294324226,13349.601200002326,45.24328232366183
dma_hardened2,xilinx_u280_xdma_201920_3,3,2,6,24576,256,Allreduce,8457.615300000043,71.41253823639825,13299.122399996577,45.41500994081801
dma_hardened2,xilinx_u280_xdma_201920_3,3,2,6,24576,256,Allreduce,8447.162599998137,71.50090564139646,13349.438900002042,45.24383238309047
dma_hardened2,xilinx_u280_xdma_201920_3,3,2,6,24576,256,Allreduce,8455.557700000327,71.42991597112236,13271.124499999587,45.51082133243636
dma_hardened2,xilinx_u280_xdma_201920_3,3,2,6,24576,256,Allreduce,8429.296799999975,71.65245100872492,13347.57829999944,45.25013919566408
dma_hardened2,xilinx_u280_xdma_201920_3,3,2,6,24576,256,Allreduce,8430.041600001914,71.64612046515438,13320.780399999421,45.34117055184141
dma_hardened2,xilinx_u280_xdma_201920_3,3,2,6,24576,256,Allreduce,8454.918699999325,71.43531445193533,13299.12639999975,45.41499628126035
dma_hardened2,xilinx_u280_xdma_201920_3,3,2,6,24576,256,Allreduce,8447.255300001189,71.50012099195285,13357.547599997588,45.21636711218675
dma_hardened2,xilinx_u280_xdma_201920_3,3,2,6,24576,256,Allreduce,8439.154699999563,71.56875273302327,13353.427000004103,45.23031997702271
dma_hardened2,xilinx_u280_xdma_201920_3,3,2,6,24576,256,Allreduce,8412.503799996784,71.79548329003202,13260.20500000027,45.54829853686182
dma_hardened2,xilinx_u280_xdma_201920_3,3,2,6,24576,256,Allreduce,8442.763900001182,71.53815778265638,13306.605400003946,45.389470706016496
dma_hardened2,xilinx_u280_xdma_201920_3,3,2,6,24576,256,Allreduce,8420.361099996398,71.7284886986923,13336.270799999284,45.28850568931402
experiment,board_instance,number of nodes,rank id,number of banks,buffer size[KB],segment_size[KB],collective name,execution_time[us],throughput[Gbps],execution_time_fullpath[us],throughput_fullpath[Gbps]
dma_hardened2,xilinx_u280_xdma_201920_3,3,2,6,24,512,Allreduce,314.082900001722,1.8779245861419585,488.494600000422,1.207431975705546
dma_hardened2,xilinx_u280_xdma_201920_3,3,2,6,24,512,Allreduce,274.98430000036933,2.1449370018550433,437.2901000010643,1.348816266360854
dma_hardened2,xilinx_u280_xdma_201920_3,3,2,6,24,512,Allreduce,245.71889999833726,2.400401434338145,453.9979000014682,1.2991778155760025
dma_hardened2,xilinx_u280_xdma_201920_3,3,2,6,24,512,Allreduce,261.4535999953205,2.255941398437645,437.10060000421436,1.3494010303218829
dma_hardened2,xilinx_u280_xdma_201920_3,3,2,6,24,512,Allreduce,271.58919999692444,2.171750570371279,434.27089999568125,1.3581936989235652
dma_hardened2,xilinx_u280_xdma_201920_3,3,2,6,24,512,Allreduce,270.5781000031493,2.1798659979988586,435.4951000038909,1.3543757438252009
dma_hardened2,xilinx_u280_xdma_201920_3,3,2,6,24,512,Allreduce,260.91810000252735,2.2605714206652845,506.20220000041627,1.1651944618168688
dma_hardened2,xilinx_u280_xdma_201920_3,3,2,6,24,512,Allreduce,267.7591000008306,2.2028158893504286,441.9321999989734,1.3346481654909286
dma_hardened2,xilinx_u280_xdma_201920_3,3,2,6,24,512,Allreduce,281.243199998471,2.097202705712375,521.2193000033949,1.131623483620346
dma_hardened2,xilinx_u280_xdma_201920_3,3,2,6,24,512,Allreduce,293.70710000193867,2.0082047727007852,475.3128000004381,1.240917559971994
dma_hardened2,xilinx_u280_xdma_201920_3,3,2,6,24,512,Allreduce,350.97300000188625,1.6805395286726614,414.4815000017843,1.4230405940855282
dma_hardened2,xilinx_u280_xdma_201920_3,3,2,6,24,512,Allreduce,334.3387000029452,1.7641511437198392,480.6287999997494,1.2271923779854796
dma_hardened2,xilinx_u280_xdma_201920_3,3,2,6,24,512,Allreduce,290.43330000035894,2.030841504742297,441.9322000046577,1.3346481654737616
dma_hardened2,xilinx_u280_xdma_201920_3,3,2,6,24,512,Allreduce,275.3288999997494,2.142252411572257,486.7353000008734,1.2117962268176186
dma_hardened2,xilinx_u280_xdma_201920_3,3,2,6,24,512,Allreduce,278.42629999668134,2.1184205658985173,545.9385999984079,1.0803852301370889
dma_hardened2,xilinx_u280_xdma_201920_3,3,2,6,24,512,Allreduce,301.74479999800496,1.9547113985192113,493.5424999985116,1.1950824903666428
dma_hardened2,xilinx_u280_xdma_201920_3,3,2,6,24,512,Allreduce,275.13850000104867,2.1437348826054947,477.59859999700893,1.2349784945008087
dma_hardened2,xilinx_u280_xdma_201920_3,3,2,6,24,512,Allreduce,263.382099996079,2.239423256207543,472.63259999681395,1.2479545422892455
dma_hardened2,xilinx_u280_xdma_201920_3,3,2,6,24,512,Allreduce,266.27099999814163,2.215126694248027,495.06199999882483,1.1914144087031526
dma_hardened2,xilinx_u280_xdma_201920_3,3,2,6,24,512,Allreduce,290.46470000366753,2.0306219653973536,419.86250000149994,1.4048027628042343
dma_hardened2,xilinx_u280_xdma_201920_3,3,2,6,48,512,Allreduce,299.47900000024674,3.939000731266727,460.5206000007911,2.5615531639582976
dma_hardened2,xilinx_u280_xdma_201920_3,3,2,6,48,512,Allreduce,295.81779999716673,3.9877519203080354,499.8829999976806,2.3598482044907976
dma_hardened2,xilinx_u280_xdma_201920_3,3,2,6,48,512,Allreduce,301.895899997362,3.907466116665738,492.820700003449,2.3936656881331166
dma_hardened2,xilinx_u280_xdma_201920_3,3,2,6,48,512,Allreduce,294.3773000026795,4.007265505829636,540.0162999990243,2.1844673947844373
dma_hardened2,xilinx_u280_xdma_201920_3,3,2,6,48,512,Allreduce,276.04229999838026,4.273432006641453,465.44049999965864,2.5344764798096966
dma_hardened2,xilinx_u280_xdma_201920_3,3,2,6,48,512,Allreduce,276.37110000000575,4.268347884420533,557.3034999997617,2.11670660600643
dma_hardened2,xilinx_u280_xdma_201920_3,3,2,6,48,512,Allreduce,343.3205000021644,3.43599639401831,519.2023000006429,2.2720392417339816
dma_hardened2,xilinx_u280_xdma_201920_3,3,2,6,48,512,Allreduce,288.48800000105257,4.089071295844874,518.6717000015051,2.2743635328408645
dma_hardened2,xilinx_u280_xdma_201920_3,3,2,6,48,512,Allreduce,300.12029999966217,3.930583835886236,464.74310000235164,2.538279750670921
dma_hardened2,xilinx_u280_xdma_201920_3,3,2,6,48,512,Allreduce,285.89739999915764,4.126123567417807,524.4868999966457,2.249146737521079
dma_hardened2,xilinx_u280_xdma_201920_3,3,2,6,48,512,Allreduce,277.0893999979762,4.257283028541027,451.01280000494626,2.615553261430857
dma_hardened2,xilinx_u280_xdma_201920_3,3,2,6,48,512,Allreduce,285.1026999962869,4.137624792804009,468.1265999977313,2.5199337102521344
dma_hardened2,xilinx_u280_xdma_201920_3,3,2,6,48,512,Allreduce,293.8106999977208,4.014993327367421,501.1400999990201,2.353928572074569
dma_hardened2,xilinx_u280_xdma_201920_3,3,2,6,48,512,Allreduce,264.77879999902143,4.4552207352112765,455.1612000000205,2.59171475951805
dma_hardened2,xilinx_u280_xdma_201920_3,3,2,6,48,512,Allreduce,299.61429999616485,3.9372219550772436,467.8198999954475,2.521585764118798
dma_hardened2,xilinx_u280_xdma_201920_3,3,2,6,48,512,Allreduce,285.2408000023843,4.135621552001465,550.8096999960799,2.141661630157195
dma_hardened2,xilinx_u280_xdma_201920_3,3,2,6,48,512,Allreduce,289.4970999989255,4.074818020644693,468.88869999861527,2.5158379803213085
dma_hardened2,xilinx_u280_xdma_201920_3,3,2,6,48,512,Allreduce,306.2240000019756,3.8522388839293775,515.0874999969801,2.2901895309183704
dma_hardened2,xilinx_u280_xdma_201920_3,3,2,6,48,512,Allreduce,297.9194000033658,3.9596212934997608,512.2856000014053,2.3027155164946347
dma_hardened2,xilinx_u280_xdma_201920_3,3,2,6,48,512,Allreduce,290.5560999977297,4.059966388622429,446.2766000017382,2.643311345464686
dma_hardened2,xilinx_u280_xdma_201920_3,3,2,6,96,512,Allreduce,302.9479000019819,7.787794534916946,494.8904000002585,4.7673100953236665
dma_hardened2,xilinx_u280_xdma_201920_3,3,2,6,96,512,Allreduce,334.07980000106363,7.062073193268461,530.4081000019778,4.448076867587812
dma_hardened2,xilinx_u280_xdma_201920_3,3,2,6,96,512,Allreduce,321.46519999969314,7.339195657888481,484.62480000353025,4.868293987395639
dma_hardened2,xilinx_u280_xdma_201920_3,3,2,6,96,512,Allreduce,331.5829000030135,7.115252324467149,530.4336999984116,4.447862192781238
dma_hardened2,xilinx_u280_xdma_201920_3,3,2,6,96,512,Allreduce,330.0300999967476,7.1487297674462145,474.70339999904354,4.970042346452024
dma_hardened2,xilinx_u280_xdma_201920_3,3,2,6,96,512,Allreduce,306.72149999873,7.691981162095805,566.3708000042789,4.165638482743418
dma_hardened2,xilinx_u280_xdma_201920_3,3,2,6,96,512,Allreduce,277.21210000208885,8.510797328046728,570.5261000002793,4.1352989810612435
dma_hardened2,xilinx_u280_xdma_201920_3,3,2,6,96,512,Allreduce,297.5171000002774,7.929950917099556,512.5751999969452,4.6028290093123125
dma_hardened2,xilinx_u280_xdma_201920_3,3,2,6,96,512,Allreduce,282.42340000019794,8.35375538995121,552.308900000753,4.271696508958633
dma_hardened2,xilinx_u280_xdma_201920_3,3,2,6,96,512,Allreduce,332.9178999990745,7.0867201793792365,428.4480000023905,5.506609903621529
dma_hardened2,xilinx_u280_xdma_201920_3,3,2,6,96,512,Allreduce,328.5564999998769,7.180792344698352,520.556599997235,4.532256434771035
dma_hardened2,xilinx_u280_xdma_201920_3,3,2,6,96,512,Allreduce,309.8331000046528,7.614731931367469,540.9759000031045,4.361185036129078
dma_hardened2,xilinx_u280_xdma_201920_3,3,2,6,96,512,Allreduce,359.49219999906745,6.562857274806296,532.7030000046307,4.42891442319546
dma_hardened2,xilinx_u280_xdma_201920_3,3,2,6,96,512,Allreduce,304.67950000456767,7.743533778822107,475.6107999980941,4.96056018914931
dma_hardened2,xilinx_u280_xdma_201920_3,3,2,6,96,512,Allreduce,329.4394000022294,7.161547768676225,506.7171999996844,4.656040884346277
dma_hardened2,xilinx_u280_xdma_201920_3,3,2,6,96,512,Allreduce,296.94760000325005,7.945159347892281,525.9098999999878,4.4861220524657455
dma_hardened2,xilinx_u280_xdma_201920_3,3,2,6,96,512,Allreduce,295.81980000443764,7.975449919054126,557.0718000001307,4.235173993728361
dma_hardened2,xilinx_u280_xdma_201920_3,3,2,6,96,512,Allreduce,309.350899999572,7.626601377281477,434.59599999664533,5.428710802718413
dma_hardened2,xilinx_u280_xdma_201920_3,3,2,6,96,512,Allreduce,294.3611000034707,8.0149720869102,458.12029999865445,5.149948605217733
dma_hardened2,xilinx_u280_xdma_201920_3,3,2,6,96,512,Allreduce,346.32380000516605,6.812399263246728,504.65040000062805,4.675109739330562
dma_hardened2,xilinx_u280_xdma_201920_3,3,2,6,192,512,Allreduce,378.039899999294,12.481730103115604,534.7800999970787,8.823424805870257
dma_hardened2,xilinx_u280_xdma_201920_3,3,2,6,192,512,Allreduce,374.17970000319656,12.61049704182159,581.256699996402,8.117914167749309
dma_hardened2,xilinx_u280_xdma_201920_3,3,2,6,192,512,Allreduce,375.565999996752,12.563948813366512,629.2557999984183,7.498686543710619
dma_hardened2,xilinx_u280_xdma_201920_3,3,2,6,192,512,Allreduce,401.8144999974993,11.743209864326365,585.6682000001001,8.056766612903337
dma_hardened2,xilinx_u280_xdma_201920_3,3,2,6,192,512,Allreduce,395.95990000407255,11.9168430943423,534.867999999733,8.821974767610618
dma_hardened2,xilinx_u280_xdma_201920_3,3,2,6,192,512,Allreduce,346.24809999854733,13.627777307716046,576.0377000001426,8.191463857311478
dma_hardened2,xilinx_u280_xdma_201920_3,3,2,6,192,512,Allreduce,363.3677000038915,12.985722176047751,614.1974999991362,7.6825320845601555
dma_hardened2,xilinx_u280_xdma_201920_3,3,2,6,192,512,Allreduce,391.34509999598777,12.057368292201376,497.78890000311554,9.479102486958764
dma_hardened2,xilinx_u280_xdma_201920_3,3,2,6,192,512,Allreduce,344.79139999916697,13.685352940970686,530.2711000013005,8.898452131350224
dma_hardened2,xilinx_u280_xdma_201920_3,3,2,6,192,512,Allreduce,334.27239999923586,14.116008381220784,529.0259999981117,8.919395266049007
dma_hardened2,xilinx_u280_xdma_201920_3,3,2,6,192,512,Allreduce,340.77539999657347,13.846633295852477,509.20929999733744,9.266507897685043
dma_hardened2,xilinx_u280_xdma_201920_3,3,2,6,192,512,Allreduce,371.6607999990629,12.695963631386192,596.3396000026933,7.91259208675508
dma_hardened2,xilinx_u280_xdma_201920_3,3,2,6,192,512,Allreduce,380.9015999991061,12.387955314472485,560.1370000022143,8.423996272307216
dma_hardened2,xilinx_u280_xdma_201920_3,3,2,6,192,512,Allreduce,383.3712000016476,12.308154603109783,555.7369999962702,8.49069253987348
dma_hardened2,xilinx_u280_xdma_201920_3,3,2,6,192,512,Allreduce,373.97830000145404,12.617288222288977,591.073300000744,7.983091098843512
dma_hardened2,xilinx_u280_xdma_201920_3,3,2,6,192,512,Allreduce,430.9078000005684,10.950351792178688,628.5676999993939,7.506895438637
dma_hardened2,xilinx_u280_xdma_201920_3,3,2,6,192,512,Allreduce,389.133999999558,12.125879517095294,520.9490999959598,9.057683370672095
dma_hardened2,xilinx_u280_xdma_201920_3,3,2,6,192,512,Allreduce,349.0177000003314,13.519635250577606,541.9857999982014,8.706117392772391
dma_hardened2,xilinx_u280_xdma_201920_3,3,2,6,192,512,Allreduce,428.08270000023185,11.022617825942147,562.9339999984495,8.382140712788704
dma_hardened2,xilinx_u280_xdma_201920_3,3,2,6,192,512,Allreduce,406.8996999990304,11.596449935970076,532.258099997307,8.865232863574786
dma_hardened2,xilinx_u280_xdma_201920_3,3,2,6,384,512,Allreduce,471.6567999992094,20.008582511724242,731.5713000025426,12.899882759161276
dma_hardened2,xilinx_u280_xdma_201920_3,3,2,6,384,512,Allreduce,477.72320000376567,19.754502188559425,738.0075000014585,12.787382242025114
dma_hardened2,xilinx_u280_xdma_201920_3,3,2,6,384,512,Allreduce,499.193699999978,18.90485396750884,705.3651000035188,13.379147905039419
dma_hardened2,xilinx_u280_xdma_201920_3,3,2,6,384,512,Allreduce,456.00260000355775,20.695460946771732,728.6628000031214,12.951373392410828
dma_hardened2,xilinx_u280_xdma_201920_3,3,2,6,384,512,Allreduce,449.21929999759413,21.007966487750064,719.6910000004664,13.112827588498236
dma_hardened2,xilinx_u280_xdma_201920_3,3,2,6,384,512,Allreduce,474.8925000001236,19.872253194138764,736.3126000029752,12.81681720503203
dma_hardened2,xilinx_u280_xdma_201920_3,3,2,6,384,512,Allreduce,453.55950000498524,20.80693712709418,733.061099998622,12.873666328792703
dma_hardened2,xilinx_u280_xdma_201920_3,3,2,6,384,512,Allreduce,480.0147000025845,19.660197906333263,755.6497999985368,12.488832790028232
dma_hardened2,xilinx_u280_xdma_201920_3,3,2,6,384,512,Allreduce,482.9643999983091,19.540123454302307,704.994200003739,13.386186723167295
dma_hardened2,xilinx_u280_xdma_201920_3,3,2,6,384,512,Allreduce,483.72769999787124,19.509290040743025,742.3238999990645,12.713027291741374
dma_hardened2,xilinx_u280_xdma_201920_3,3,2,6,384,512,Allreduce,489.22720000064146,19.289982241354583,724.1457000020546,13.03216189776895
dma_hardened2,xilinx_u280_xdma_201920_3,3,2,6,384,512,Allreduce,458.1140999960098,20.600073213381116,747.6819999965301,12.621922154129425
dma_hardened2,xilinx_u280_xdma_201920_3,3,2,6,384,512,Allreduce,495.7095000008849,19.037730767683804,731.3970000041081,12.902956943967494
dma_hardened2,xilinx_u280_xdma_201920_3,3,2,6,384,512,Allreduce,471.79860000028384,20.002568892731606,780.4346999989775,12.092214761865874
dma_hardened2,xilinx_u280_xdma_201920_3,3,2,6,384,512,Allreduce,474.16389999739295,19.90278888808677,751.9143000024542,12.550877141143875
dma_hardened2,xilinx_u280_xdma_201920_3,3,2,6,384,512,Allreduce,500.9025999981986,18.840357386913023,745.1739000032376,12.664404912677428
dma_hardened2,xilinx_u280_xdma_201920_3,3,2,6,384,512,Allreduce,433.64009999891096,21.762710598082833,760.6718999966233,12.406379149856717
dma_hardened2,xilinx_u280_xdma_201920_3,3,2,6,384,512,Allreduce,481.4155000019582,19.602991594499166,704.5793000031608,13.394069340325018
dma_hardened2,xilinx_u280_xdma_201920_3,3,2,6,384,512,Allreduce,459.3379999960234,20.54518459191641,704.6435999995992,13.392847107396372
dma_hardened2,xilinx_u280_xdma_201920_3,3,2,6,384,512,Allreduce,492.03809999767145,19.17978302908791,689.1862000031779,13.693228332135039
dma_hardened2,xilinx_u280_xdma_201920_3,3,2,6,768,512,Allreduce,635.6945000050018,29.690941167261148,961.0909000002721,19.63848372718403
dma_hardened2,xilinx_u280_xdma_201920_3,3,2,6,768,512,Allreduce,624.9061999994865,30.203521744568242,957.4361999966641,19.713447225063938
dma_hardened2,xilinx_u280_xdma_201920_3,3,2,6,768,512,Allreduce,627.4075000021639,30.08310866531704,1011.8263999970624,18.653761159083018
dma_hardened2,xilinx_u280_xdma_201920_3,3,2,6,768,512,Allreduce,627.3902000032194,30.083938193333505,990.0526999956581,19.064003360712793
dma_hardened2,xilinx_u280_xdma_201920_3,3,2,6,768,512,Allreduce,629.3827999968471,29.9886936854559,981.4143000028253,19.231804549766256
dma_hardened2,xilinx_u280_xdma_201920_3,3,2,6,768,512,Allreduce,608.8091000037821,31.002112156146726,933.4959000000254,20.21901542363441
dma_hardened2,xilinx_u280_xdma_201920_3,3,2,6,768,512,Allreduce,637.5518000027114,29.60444625820166,930.9430999962842,20.274459309140735
dma_hardened2,xilinx_u280_xdma_201920_3,3,2,6,768,512,Allreduce,620.1699000030203,30.43418908255315,935.6284999967102,20.172929747294322
dma_hardened2,xilinx_u280_xdma_201920_3,3,2,6,768,512,Allreduce,614.320099998622,30.723995519668556,907.7716000035707,20.79197895145184
dma_hardened2,xilinx_u280_xdma_201920_3,3,2,6,768,512,Allreduce,631.5872000016043,29.884025515324026,962.8910999992968,19.601768050420016
dma_hardened2,xilinx_u280_xdma_201920_3,3,2,6,768,512,Allreduce,637.1167999986938,29.62465908925757,952.9100999998263,19.807081486494308
dma_hardened2,xilinx_u280_xdma_201920_3,3,2,6,768,512,Allreduce,638.8924000020779,29.542326689030286,1011.8575999968015,18.653185981959975
dma_hardened2,xilinx_u280_xdma_201920_3,3,2,6,768,512,Allreduce,637.3295000003054,29.61477226456794,954.6797999973933,19.770364890983906
dma_hardened2,xilinx_u280_xdma_201920_3,3,2,6,768,512,Allreduce,636.4691999976912,29.654801834980336,944.8577999989993,19.975882085134916
dma_hardened2,xilinx_u280_xdma_201920_3,3,2,6,768,512,Allreduce,611.0328999966441,30.889282721280082,989.1153000012309,19.082070613988595
dma_hardened2,xilinx_u280_xdma_201920_3,3,2,6,768,512,Allreduce,631.114999998772,29.90638473184242,930.5395000012595,20.283252887141764
dma_hardened2,xilinx_u280_xdma_201920_3,3,2,6,768,512,Allreduce,644.9416999998903,29.26523126044294,951.8760999981168,19.828597440399378
dma_hardened2,xilinx_u280_xdma_201920_3,3,2,6,768,512,Allreduce,615.3054000037628,30.674796613006446,974.5457999997598,19.367348358593976
dma_hardened2,xilinx_u280_xdma_201920_3,3,2,6,768,512,Allreduce,622.1814000014092,30.335795959116183,965.8494000007067,19.541729797612536
dma_hardened2,xilinx_u280_xdma_201920_3,3,2,6,768,512,Allreduce,626.4512999962335,30.12902678965385,981.1784000021361,19.23642835997909
dma_hardened2,xilinx_u280_xdma_201920_3,3,2,6,1536,512,Allreduce,911.4529000044058,41.416002955081424,1439.367900002253,26.2259120826169
dma_hardened2,xilinx_u280_xdma_201920_3,3,2,6,1536,512,Allreduce,878.8737000031688,42.95126364557717,1395.2007999989746,27.056131275173968
dma_hardened2,xilinx_u280_xdma_201920_3,3,2,6,1536,512,Allreduce,885.8088000010866,42.614993212930024,1428.2633999982863,26.429813996525635
dma_hardened2,xilinx_u280_xdma_201920_3,3,2,6,1536,512,Allreduce,848.0601000030674,44.51186419436956,1418.7918999994054,26.606252826799917
dma_hardened2,xilinx_u280_xdma_201920_3,3,2,6,1536,512,Allreduce,914.5267999997486,41.27679582491227,1418.4603999979117,26.612470816989727
dma_hardened2,xilinx_u280_xdma_201920_3,3,2,6,1536,512,Allreduce,889.0806000010798,42.45817083395381,1690.8024000031219,22.32592998444425
dma_hardened2,xilinx_u280_xdma_201920_3,3,2,6,1536,512,Allreduce,845.1358000002074,44.66588209846363,1486.9677000035608,25.386385998774287
dma_hardened2,xilinx_u280_xdma_201920_3,3,2,6,1536,512,Allreduce,865.7751999976426,43.60108259061103,1469.941900001004,25.680427233194877
dma_hardened2,xilinx_u280_xdma_201920_3,3,2,6,1536,512,Allreduce,895.3377000011642,42.161450366661555,1417.7742000015314,26.62535120187631
dma_hardened2,xilinx_u280_xdma_201920_3,3,2,6,1536,512,Allreduce,854.9108000011074,44.15517501937173,1398.5101000002942,26.99210824433235
dma_hardened2,xilinx_u280_xdma_201920_3,3,2,6,1536,512,Allreduce,863.1190000016886,43.73526246082655,1443.615100004081,26.148753916395922
dma_hardened2,xilinx_u280_xdma_201920_3,3,2,6,1536,512,Allreduce,857.2118000017781,44.03664998536149,1464.3064999972921,25.77925864569324
dma_hardened2,xilinx_u280_xdma_201920_3,3,2,6,1536,512,Allreduce,864.5913000009386,43.66078631598423,1452.9058000050554,25.98154402017574
dma_hardened2,xilinx_u280_xdma_201920_3,3,2,6,1536,512,Allreduce,872.4723000000267,43.266400549334165,1505.7418000026246,25.069859918834826
dma_hardened2,xilinx_u280_xdma_201920_3,3,2,6,1536,512,Allreduce,875.270400001682,43.12808476092355,1499.5005000002948,25.174207010929692
dma_hardened2,xilinx_u280_xdma_201920_3,3,2,6,1536,512,Allreduce,829.9022000016976,45.485764467093574,1457.944500003805,25.891751023376735
dma_hardened2,xilinx_u280_xdma_201920_3,3,2,6,1536,512,Allreduce,866.26749999823,43.576304086297974,1506.9014999994579,25.050566344259117
dma_hardened2,xilinx_u280_xdma_201920_3,3,2,6,1536,512,Allreduce,856.4016000036645,44.07831092309785,1466.1460000013449,25.74691470014949
dma_hardened2,xilinx_u280_xdma_201920_3,3,2,6,1536,512,Allreduce,849.3735999991259,44.44302954558377,1432.4055000031422,26.353386663146154
dma_hardened2,xilinx_u280_xdma_201920_3,3,2,6,1536,512,Allreduce,864.840699995284,43.648195558102024,1433.3718999978373,26.3356188300168
dma_hardened2,xilinx_u280_xdma_201920_3,3,2,6,3072,512,Allreduce,1441.1079000012705,52.388493602688214,2440.422399996578,30.93623136720343
dma_hardened2,xilinx_u280_xdma_201920_3,3,2,6,3072,512,Allreduce,1389.4723000021258,54.335355947638895,2450.003800004197,30.815246898747944
dma_hardened2,xilinx_u280_xdma_201920_3,3,2,6,3072,512,Allreduce,1446.0286000030464,52.210220461642976,2394.8831999973663,31.52449021316907
dma_hardened2,xilinx_u280_xdma_201920_3,3,2,6,3072,512,Allreduce,1494.8453999977573,50.50520408338767,2453.272000002471,30.774195441811575
dma_hardened2,xilinx_u280_xdma_201920_3,3,2,6,3072,512,Allreduce,1388.587600001756,54.369974209696615,2417.457900003228,31.230108288503878
dma_hardened2,xilinx_u280_xdma_201920_3,3,2,6,3072,512,Allreduce,1443.1161999993947,52.31558761521191,2415.146100003085,31.260002034619585
dma_hardened2,xilinx_u280_xdma_201920_3,3,2,6,3072,512,Allreduce,1431.0700000010002,52.75596022552861,2388.3316000024024,31.610967254264047
dma_hardened2,xilinx_u280_xdma_201920_3,3,2,6,3072,512,Allreduce,1512.4898999999914,49.9160172904298,2392.586499996696,31.554751312065104
dma_hardened2,xilinx_u280_xdma_201920_3,3,2,6,3072,512,Allreduce,1420.7569999996394,53.13890552713741,2551.705700000184,29.587060921639416
dma_hardened2,xilinx_u280_xdma_201920_3,3,2,6,3072,512,Allreduce,1456.4803999974174,51.835556455228556,2488.602900001524,30.337291658686794
dma_hardened2,xilinx_u280_xdma_201920_3,3,2,6,3072,512,Allreduce,1421.2126000018088,53.12187071793757,2571.541399998978,29.358839799363142
dma_hardened2,xilinx_u280_xdma_201920_3,3,2,6,3072,512,Allreduce,1388.55629999739,54.37119978508751,2486.95480000265,30.357396121521614
dma_hardened2,xilinx_u280_xdma_201920_3,3,2,6,3072,512,Allreduce,1460.4700999996112,51.69395251571401,2480.444799999759,30.437069996481007
dma_hardened2,xilinx_u280_xdma_201920_3,3,2,6,3072,512,Allreduce,1437.2072000014668,52.5306803360872,2452.734899998177,30.78093437658351
dma_hardened2,xilinx_u280_xdma_201920_3,3,2,6,3072,512,Allreduce,1362.6622999993288,55.40438889373925,2539.1025999965677,29.733919377697482
dma_hardened2,xilinx_u280_xdma_201920_3,3,2,6,3072,512,Allreduce,1412.0174000026964,53.46780570824115,2432.5537000038366,31.03630230234215
dma_hardened2,xilinx_u280_xdma_201920_3,3,2,6,3072,512,Allreduce,1410.6376000029286,53.52010466745198,2565.2495000031195,29.430849513822416
dma_hardened2,xilinx_u280_xdma_201920_3,3,2,6,3072,512,Allreduce,1426.652799995054,52.919303141073804,2424.7258999992027,31.136497531545658
dma_hardened2,xilinx_u280_xdma_201920_3,3,2,6,3072,512,Allreduce,1475.849000001972,51.155282146004865,2450.021499998911,30.81502427633127
dma_hardened2,xilinx_u280_xdma_201920_3,3,2,6,3072,512,Allreduce,1413.3329999992839,53.41803524012972,2435.0062999985767,31.00504175288751
dma_hardened2,xilinx_u280_xdma_201920_3,3,2,6,6144,512,Allreduce,2592.719000000443,58.238067449644255,4104.986300001201,36.78330034864083
dma_hardened2,xilinx_u280_xdma_201920_3,3,2,6,6144,512,Allreduce,2591.216199999735,58.2718431599862,4194.458500001019,35.99867396469969
dma_hardened2,xilinx_u280_xdma_201920_3,3,2,6,6144,512,Allreduce,2622.424300000148,57.578380432179294,4183.948600001486,36.08910109458476
dma_hardened2,xilinx_u280_xdma_201920_3,3,2,6,6144,512,Allreduce,2615.7578999971065,57.72512203830754,4151.218699996662,36.373642275248336
dma_hardened2,xilinx_u280_xdma_201920_3,3,2,6,6144,512,Allreduce,2611.066499997605,57.82883890553477,4112.0895999995355,36.71976019199997
dma_hardened2,xilinx_u280_xdma_201920_3,3,2,6,6144,512,Allreduce,2637.3537999972996,57.25244144344783,4078.698699998995,37.02037220842942
dma_hardened2,xilinx_u280_xdma_201920_3,3,2,6,6144,512,Allreduce,2595.7595999955174,58.16984901077154,4123.484900003405,36.618284694064315
dma_hardened2,xilinx_u280_xdma_201920_3,3,2,6,6144,512,Allreduce,2576.6452999960165,58.60136977341563,4176.600200003122,36.152597033320816
dma_hardened2,xilinx_u280_xdma_201920_3,3,2,6,6144,512,Allreduce,2585.995300000832,58.389488952261985,4200.451399998428,35.947313662540296
dma_hardened2,xilinx_u280_xdma_201920_3,3,2,6,6144,512,Allreduce,2606.3136999994185,57.93429394168234,4136.035900000934,36.50716474679678
dma_hardened2,xilinx_u280_xdma_201920_3,3,2,6,6144,512,Allreduce,2607.8084999994644,57.90108591180334,4161.409800002502,36.284564908726175
dma_hardened2,xilinx_u280_xdma_201920_3,3,2,6,6144,512,Allreduce,2636.9089000013446,57.26210109113857,4178.363900001614,36.13733691312566
dma_hardened2,xilinx_u280_xdma_201920_3,3,2,6,6144,512,Allreduce,2627.9378000026554,57.4575790948505,4210.598700001356,35.86068271002682
dma_hardened2,xilinx_u280_xdma_201920_3,3,2,6,6144,512,Allreduce,2644.195599998511,57.104301966195315,4207.123700001603,35.89030291644205
dma_hardened2,xilinx_u280_xdma_201920_3,3,2,6,6144,512,Allreduce,2654.6837000012147,56.87869481397385,4259.489800000438,35.44906810200238
dma_hardened2,xilinx_u280_xdma_201920_3,3,2,6,6144,512,Allreduce,2575.9644999993725,58.616857491645085,4209.170999996559,35.87284622081722
dma_hardened2,xilinx_u280_xdma_201920_3,3,2,6,6144,512,Allreduce,2614.659099998562,57.74938078929029,4194.072799998594,36.00198451492082
dma_hardened2,xilinx_u280_xdma_201920_3,3,2,6,6144,512,Allreduce,2586.5739999971993,58.37642534107413,4148.71190000099,36.39562052982372
dma_hardened2,xilinx_u280_xdma_201920_3,3,2,6,6144,512,Allreduce,2595.1607000024524,58.18327319763178,4148.193999998284,36.400164505339546
dma_hardened2,xilinx_u280_xdma_201920_3,3,2,6,6144,512,Allreduce,2599.937799999452,58.07636782696564,4219.491899999639,35.78510104498907
dma_hardened2,xilinx_u280_xdma_201920_3,3,2,6,12288,512,Allreduce,4594.649199998457,65.72642977838252,7257.463899998129,41.61093904994524
dma_hardened2,xilinx_u280_xdma_201920_3,3,2,6,12288,512,Allreduce,4532.294400002002,66.63068665615954,7256.525000002512,41.61632296448995
dma_hardened2,xilinx_u280_xdma_201920_3,3,2,6,12288,512,Allreduce,4552.4714999999105,66.33537145702195,7271.944100000383,41.52808160337538
dma_hardened2,xilinx_u280_xdma_201920_3,3,2,6,12288,512,Allreduce,4560.089400001743,66.22455428173942,7238.075800000843,41.7223992044909
dma_hardened2,xilinx_u280_xdma_201920_3,3,2,6,12288,512,Allreduce,4562.899000001153,66.18377658587747,7300.85530000224,41.363631463824156
dma_hardened2,xilinx_u280_xdma_201920_3,3,2,6,12288,512,Allreduce,4574.682999998458,66.01329272434872,7285.840700001245,41.44887329199339
dma_hardened2,xilinx_u280_xdma_201920_3,3,2,6,12288,512,Allreduce,4584.016500001553,65.87888328933757,7211.991599996281,41.87330001884025
dma_hardened2,xilinx_u280_xdma_201920_3,3,2,6,12288,512,Allreduce,4562.442500002817,66.19039867347665,7199.805400000514,41.9441736578017
dma_hardened2,xilinx_u280_xdma_201920_3,3,2,6,12288,512,Allreduce,4577.618400003303,65.97096166857904,7249.798200001578,41.654937098791834
dma_hardened2,xilinx_u280_xdma_201920_3,3,2,6,12288,512,Allreduce,4540.582300001006,66.50906602880717,7246.85409999779,41.67185979362991
dma_hardened2,xilinx_u280_xdma_201920_3,3,2,6,12288,512,Allreduce,4502.603899999258,67.07005428571004,7303.235799997765,41.35014892988837
dma_hardened2,xilinx_u280_xdma_201920_3,3,2,6,12288,512,Allreduce,4502.859699999817,67.06624414702779,7287.4525999964135,41.43970528194566
dma_hardened2,xilinx_u280_xdma_201920_3,3,2,6,12288,512,Allreduce,4552.170200003047,66.33976207651415,7292.716099999552,41.40979627604296
dma_hardened2,xilinx_u280_xdma_201920_3,3,2,6,12288,512,Allreduce,4578.936300003988,65.95197404247291,7294.501400002673,41.39966139425093
dma_hardened2,xilinx_u280_xdma_201920_3,3,2,6,12288,512,Allreduce,4527.07080000323,66.70756905321308,7271.383900001638,41.53128099864621
dma_hardened2,xilinx_u280_xdma_201920_3,3,2,6,12288,512,Allreduce,4557.613999998011,66.26052315973484,7288.38249999626,41.434418130518665
dma_hardened2,xilinx_u280_xdma_201920_3,3,2,6,12288,512,Allreduce,4597.9812999974,65.67879865021868,7268.01950000322,41.55050602160138
dma_hardened2,xilinx_u280_xdma_201920_3,3,2,6,12288,512,Allreduce,4566.868000000568,66.12625720733826,7275.648500001353,41.506937560266124
dma_hardened2,xilinx_u280_xdma_201920_3,3,2,6,12288,512,Allreduce,4582.748799998626,65.89710699397064,7312.117300000409,41.299923894818136
dma_hardened2,xilinx_u280_xdma_201920_3,3,2,6,12288,512,Allreduce,4569.878600000266,66.08269375032904,7243.242700002384,41.692636917978824
dma_hardened2,xilinx_u280_xdma_201920_3,3,2,6,24576,512,Allreduce,8427.439400003323,71.66824314390938,13250.319100001207,45.58228156180367
dma_hardened2,xilinx_u280_xdma_201920_3,3,2,6,24576,512,Allreduce,8425.63840000139,71.68356239924803,13209.908800001813,45.72172186381159
dma_hardened2,xilinx_u280_xdma_201920_3,3,2,6,24576,512,Allreduce,8421.613799998795,71.7178192141851,13240.20910000172,45.61708742197444
dma_hardened2,xilinx_u280_xdma_201920_3,3,2,6,24576,512,Allreduce,8436.644100004287,71.59005036133894,13190.294200001063,45.78971225675553
dma_hardened2,xilinx_u280_xdma_201920_3,3,2,6,24576,512,Allreduce,8394.071899999744,71.95313349651178,13232.843899999125,45.6424772002366
dma_hardened2,xilinx_u280_xdma_201920_3,3,2,6,24576,512,Allreduce,8403.002799997239,71.8766600911044,13221.941699998752,45.680111870411366
dma_hardened2,xilinx_u280_xdma_201920_3,3,2,6,24576,512,Allreduce,8448.750899998458,71.48746402265337,13242.033500000616,45.61080260067095
dma_hardened2,xilinx_u280_xdma_201920_3,3,2,6,24576,512,Allreduce,8401.719800002638,71.8876361479956,13218.718600001012,45.691249982426726
dma_hardened2,xilinx_u280_xdma_201920_3,3,2,6,24576,512,Allreduce,8395.333599997912,71.94231995738087,13191.583200000423,45.78523796900895
dma_hardened2,xilinx_u280_xdma_201920_3,3,2,6,24576,512,Allreduce,8409.608499999877,71.82020138036258,13237.281300001769,45.627176933976564
dma_hardened2,xilinx_u280_xdma_201920_3,3,2,6,24576,512,Allreduce,8407.194400001572,71.84082433015787,13224.826999999095,45.67014570398852
dma_hardened2,xilinx_u280_xdma_201920_3,3,2,6,24576,512,Allreduce,8423.306699995692,71.70340550467063,13212.520700000141,45.712683424593884
dma_hardened2,xilinx_u280_xdma_201920_3,3,2,6,24576,512,Allreduce,8408.019900002728,71.83377099283555,13126.437500000065,46.01246728215458
dma_hardened2,xilinx_u280_xdma_201920_3,3,2,6,24576,512,Allreduce,8387.560299996721,72.00899360452122,13185.656499996412,45.80581755638518
dma_hardened2,xilinx_u280_xdma_201920_3,3,2,6,24576,512,Allreduce,8402.64070000103,71.87975751479246,13232.080599999563,45.645110112163316
dma_hardened2,xilinx_u280_xdma_201920_3,3,2,6,24576,512,Allreduce,8393.83429999998,71.95517023727778,13225.658599998269,45.66727406679612
dma_hardened2,xilinx_u280_xdma_201920_3,3,2,6,24576,512,Allreduce,8410.513600000513,71.81247242736319,13248.595099997829,45.58821304759318
dma_hardened2,xilinx_u280_xdma_201920_3,3,2,6,24576,512,Allreduce,8418.319999998403,71.74587993805352,13213.871200002814,45.708011441784855
dma_hardened2,xilinx_u280_xdma_201920_3,3,2,6,24576,512,Allreduce,8392.63770000116,71.96542941439216,13149.376899997378,45.93219744124305
dma_hardened2,xilinx_u280_xdma_201920_3,3,2,6,24576,512,Allreduce,8411.765099998547,71.80178818832023,13189.36999999778,45.79292081426949
experiment,board_instance,number of nodes,rank id,number of banks,buffer size[KB],segment_size[KB],collective name,execution_time[us],throughput[Gbps],execution_time_fullpath[us],throughput_fullpath[Gbps]
dma_hardened2,xilinx_u280_xdma_201920_3,3,2,6,24,1024,Allreduce,277.6340000025357,2.1244660235944193,476.7905999983668,1.2370713684414507
dma_hardened2,xilinx_u280_xdma_201920_3,3,2,6,24,1024,Allreduce,284.53929999727734,2.0729087335410044,446.8648999989,1.3199157060701163
dma_hardened2,xilinx_u280_xdma_201920_3,3,2,6,24,1024,Allreduce,329.0445000004638,1.7925356600677678,419.62800000305833,1.4055878063325165
dma_hardened2,xilinx_u280_xdma_201920_3,3,2,6,24,1024,Allreduce,312.2180999980628,1.8891409562855568,481.15879999954814,1.2258406164462834
dma_hardened2,xilinx_u280_xdma_201920_3,3,2,6,24,1024,Allreduce,314.60210000204825,1.8748253746435892,455.3003000012268,1.2954614789368923
dma_hardened2,xilinx_u280_xdma_201920_3,3,2,6,24,1024,Allreduce,279.4324000035431,2.110793164974861,446.5901000003214,1.3207278889513572
dma_hardened2,xilinx_u280_xdma_201920_3,3,2,6,24,1024,Allreduce,259.5626000015727,2.272376682913587,446.1335000030431,1.3220796017245438
dma_hardened2,xilinx_u280_xdma_201920_3,3,2,6,24,1024,Allreduce,304.6685000015259,1.9359533394395743,449.83280000110426,1.3112071863113408
dma_hardened2,xilinx_u280_xdma_201920_3,3,2,6,24,1024,Allreduce,307.67569999738953,1.9170314717899541,466.64109999596803,1.2639778193671674
dma_hardened2,xilinx_u280_xdma_201920_3,3,2,6,24,1024,Allreduce,256.2465999972119,2.3017827358740277,444.28930000322,1.3275674205877235
dma_hardened2,xilinx_u280_xdma_201920_3,3,2,6,24,1024,Allreduce,278.05689999809147,2.121234898339327,475.76030000300307,1.2397503532688139
dma_hardened2,xilinx_u280_xdma_201920_3,3,2,6,24,1024,Allreduce,260.38439999638285,2.2652048279704684,423.985800000537,1.3911409297180544
dma_hardened2,xilinx_u280_xdma_201920_3,3,2,6,24,1024,Allreduce,270.05039999608016,2.184125629914125,407.37380000450685,1.4478692542168266
dma_hardened2,xilinx_u280_xdma_201920_3,3,2,6,24,1024,Allreduce,269.4370999961393,2.1890971956291523,451.1203999982172,1.307464703441323
dma_hardened2,xilinx_u280_xdma_201920_3,3,2,6,24,1024,Allreduce,266.5196000009473,2.213060502859465,422.62989999812817,1.395604049790638
dma_hardened2,xilinx_u280_xdma_201920_3,3,2,6,24,1024,Allreduce,303.2923999967352,1.9447371579582913,452.3501999983637,1.3039101121258123
dma_hardened2,xilinx_u280_xdma_201920_3,3,2,6,24,1024,Allreduce,312.2633000032238,1.8888675037825795,434.21930000135944,1.358355098444849
dma_hardened2,xilinx_u280_xdma_201920_3,3,2,6,24,1024,Allreduce,257.3139999981322,2.292234390683295,494.6710000012899,1.1923561316480287
dma_hardened2,xilinx_u280_xdma_201920_3,3,2,6,24,1024,Allreduce,273.1826000001547,2.1590833383958787,455.2318000037303,1.2956564106355637
dma_hardened2,xilinx_u280_xdma_201920_3,3,2,6,24,1024,Allreduce,264.9039999994329,2.2265575453796944,487.08859999919696,1.2109172746004986
dma_hardened2,xilinx_u280_xdma_201920_3,3,2,6,48,1024,Allreduce,347.0251000010194,3.399316072516181,440.1710999957231,2.679976036617265
dma_hardened2,xilinx_u280_xdma_201920_3,3,2,6,48,1024,Allreduce,260.16879999701814,4.534163973595298,476.48880000110694,2.475709817307898
dma_hardened2,xilinx_u280_xdma_201920_3,3,2,6,48,1024,Allreduce,340.2085999994142,3.4674255736099298,444.4959000011295,2.6539007446345453
dma_hardened2,xilinx_u280_xdma_201920_3,3,2,6,48,1024,Allreduce,267.2857999982625,4.4134331117016625,426.5230999976666,2.7657306251559497
dma_hardened2,xilinx_u280_xdma_201920_3,3,2,6,48,1024,Allreduce,306.10349999733444,3.853755347489566,531.9665000001805,2.2175230959084824
dma_hardened2,xilinx_u280_xdma_201920_3,3,2,6,48,1024,Allreduce,322.6659999995718,3.6559414379003843,441.3033999981053,2.673099731398092
dma_hardened2,xilinx_u280_xdma_201920_3,3,2,6,48,1024,Allreduce,279.0466999954333,4.2274214316790175,470.4584999956296,2.5074432707900027
dma_hardened2,xilinx_u280_xdma_201920_3,3,2,6,48,1024,Allreduce,283.7130999978399,4.1578904886978485,422.70029999826875,2.7907432287245397
dma_hardened2,xilinx_u280_xdma_201920_3,3,2,6,48,1024,Allreduce,311.72729999866533,3.784230640066015,460.04719999928056,2.5641890658216044
dma_hardened2,xilinx_u280_xdma_201920_3,3,2,6,48,1024,Allreduce,315.9075999974448,3.7341551770503196,500.9385999983351,2.3548754278546724
dma_hardened2,xilinx_u280_xdma_201920_3,3,2,6,48,1024,Allreduce,297.73229999818795,3.962109586387435,406.2808999947265,2.9035280763021634
dma_hardened2,xilinx_u280_xdma_201920_3,3,2,6,48,1024,Allreduce,274.40920000003644,4.298864615325737,493.0180000030759,2.3927077713037663
dma_hardened2,xilinx_u280_xdma_201920_3,3,2,6,48,1024,Allreduce,283.9257000005091,4.154777112455424,466.81709999916166,2.527002545541109
dma_hardened2,xilinx_u280_xdma_201920_3,3,2,6,48,1024,Allreduce,282.5899000015397,4.174416707722295,431.88729999883435,2.7313792278753826
dma_hardened2,xilinx_u280_xdma_201920_3,3,2,6,48,1024,Allreduce,318.07889999981853,3.7086647369588897,461.692200002517,2.555052911861125
dma_hardened2,xilinx_u280_xdma_201920_3,3,2,6,48,1024,Allreduce,328.44120000277144,3.5916565887289593,512.8736000017398,2.3000754961768326
dma_hardened2,xilinx_u280_xdma_201920_3,3,2,6,48,1024,Allreduce,341.47070000472013,3.4546097219576786,425.4279999997834,2.7728499299543063
dma_hardened2,xilinx_u280_xdma_201920_3,3,2,6,48,1024,Allreduce,268.3483999987857,4.3959568978437655,467.1033000022362,2.5254542196433905
dma_hardened2,xilinx_u280_xdma_201920_3,3,2,6,48,1024,Allreduce,321.9486999967103,3.664086856111094,489.6704000032059,2.4090653631346246
dma_hardened2,xilinx_u280_xdma_201920_3,3,2,6,48,1024,Allreduce,270.47309999943536,4.361424481778272,397.2357000009197,2.9696424566001216
dma_hardened2,xilinx_u280_xdma_201920_3,3,2,6,96,1024,Allreduce,317.2157999983938,7.4375109941306405,542.4502999971992,4.349331173772383
dma_hardened2,xilinx_u280_xdma_201920_3,3,2,6,96,1024,Allreduce,326.1914999995952,7.232855546520765,514.770199998793,4.583202368757034
dma_hardened2,xilinx_u280_xdma_201920_3,3,2,6,96,1024,Allreduce,293.1176000004143,8.04897420010489,459.11970000247493,5.138738328996299
dma_hardened2,xilinx_u280_xdma_201920_3,3,2,6,96,1024,Allreduce,350.8948999979111,6.723654290826241,512.2475000007398,4.60577357624311
dma_hardened2,xilinx_u280_xdma_201920_3,3,2,6,96,1024,Allreduce,359.65459999829363,6.559893853745215,507.6204000033612,4.64775647311333
dma_hardened2,xilinx_u280_xdma_201920_3,3,2,6,96,1024,Allreduce,342.13700000123026,6.895763977563129,530.1773999974557,4.450012392099931
dma_hardened2,xilinx_u280_xdma_201920_3,3,2,6,96,1024,Allreduce,304.57569999953193,7.746172790552974,447.793700004695,5.268711909022533
dma_hardened2,xilinx_u280_xdma_201920_3,3,2,6,96,1024,Allreduce,325.37509999883696,7.251003534100898,519.1887000023598,4.544197514293505
dma_hardened2,xilinx_u280_xdma_201920_3,3,2,6,96,1024,Allreduce,293.7137999992956,8.032635851654428,545.9893999955057,4.321138835331639
dma_hardened2,xilinx_u280_xdma_201920_3,3,2,6,96,1024,Allreduce,322.4226999975599,7.3174004188224195,545.516899995846,4.324881593985385
dma_hardened2,xilinx_u280_xdma_201920_3,3,2,6,96,1024,Allreduce,324.4362000032197,7.271987527830083,520.2005999990433,4.535358090714118
dma_hardened2,xilinx_u280_xdma_201920_3,3,2,6,96,1024,Allreduce,350.20819999544983,6.736838258015243,468.41660000040974,5.036747203233054
dma_hardened2,xilinx_u280_xdma_201920_3,3,2,6,96,1024,Allreduce,375.09919999934027,6.28979214033021,469.176100000368,5.0285937412373505
dma_hardened2,xilinx_u280_xdma_201920_3,3,2,6,96,1024,Allreduce,344.3593999975292,6.8512606306577615,552.4193999974614,4.27084204503108
dma_hardened2,xilinx_u280_xdma_201920_3,3,2,6,96,1024,Allreduce,336.01790000261644,7.021340232117482,452.92199999948934,5.209055863929462
dma_hardened2,xilinx_u280_xdma_201920_3,3,2,6,96,1024,Allreduce,298.92290000361754,7.892657270391289,425.50750000032167,5.544663725077035
dma_hardened2,xilinx_u280_xdma_201920_3,3,2,6,96,1024,Allreduce,295.36860000121123,7.9876330794482735,533.1586000011157,4.425129783135943
dma_hardened2,xilinx_u280_xdma_201920_3,3,2,6,96,1024,Allreduce,303.48600000138504,7.773986279397509,547.376899999108,4.3101855412675345
dma_hardened2,xilinx_u280_xdma_201920_3,3,2,6,96,1024,Allreduce,361.4658000003601,6.527024133396989,522.475799999711,4.515608187022835
dma_hardened2,xilinx_u280_xdma_201920_3,3,2,6,96,1024,Allreduce,366.03230000196163,6.44559510181849,542.7156999985527,4.347204254467472
dma_hardened2,xilinx_u280_xdma_201920_3,3,2,6,192,1024,Allreduce,372.24239999886777,12.676127168786662,564.4351999990249,8.35984715341664
dma_hardened2,xilinx_u280_xdma_201920_3,3,2,6,192,1024,Allreduce,408.98620000007213,11.53728903322207,652.6092000001427,7.230348576144756
dma_hardened2,xilinx_u280_xdma_201920_3,3,2,6,192,1024,Allreduce,380.6056999962948,12.397586268534432,598.4929000021566,7.884123604445428
dma_hardened2,xilinx_u280_xdma_201920_3,3,2,6,192,1024,Allreduce,381.01769999911994,12.384180577466344,547.7533000032508,8.614447416331396
dma_hardened2,xilinx_u280_xdma_201920_3,3,2,6,192,1024,Allreduce,339.45339999945645,13.900558957452054,600.5584000035924,7.857007744745181
dma_hardened2,xilinx_u280_xdma_201920_3,3,2,6,192,1024,Allreduce,341.2428999979511,13.827663520701329,595.3491000013855,7.925756501503098
dma_hardened2,xilinx_u280_xdma_201920_3,3,2,6,192,1024,Allreduce,371.07630000150493,12.715961649884035,628.9442000024792,7.502401643868248
dma_hardened2,xilinx_u280_xdma_201920_3,3,2,6,192,1024,Allreduce,405.63289999795415,11.632665890818519,668.8545999963935,7.054735065028248
dma_hardened2,xilinx_u280_xdma_201920_3,3,2,6,192,1024,Allreduce,392.29559999967023,12.028154279589081,648.0824999982815,7.280850817623547
dma_hardened2,xilinx_u280_xdma_201920_3,3,2,6,192,1024,Allreduce,414.34070000150314,11.388193339401324,556.157300002269,8.484275941322265
dma_hardened2,xilinx_u280_xdma_201920_3,3,2,6,192,1024,Allreduce,417.4869999985731,11.30236869654894,613.6266999988038,7.689678431543475
dma_hardened2,xilinx_u280_xdma_201920_3,3,2,6,192,1024,Allreduce,460.0646000028519,10.25636834472974,617.0080999993388,7.647536555849196
dma_hardened2,xilinx_u280_xdma_201920_3,3,2,6,192,1024,Allreduce,406.3846000008198,11.611148650786673,624.4342000002234,7.556588028007292
dma_hardened2,xilinx_u280_xdma_201920_3,3,2,6,192,1024,Allreduce,392.9764000019986,12.007316469833816,619.9478000041836,7.6112730781013465
dma_hardened2,xilinx_u280_xdma_201920_3,3,2,6,192,1024,Allreduce,364.1689000005499,12.957152573964649,622.9501000007076,7.574590645373746
dma_hardened2,xilinx_u280_xdma_201920_3,3,2,6,192,1024,Allreduce,371.10009999992144,12.715146129039034,591.1534999995638,7.982008057134876
dma_hardened2,xilinx_u280_xdma_201920_3,3,2,6,192,1024,Allreduce,381.24620000417053,12.37675811574878,627.7556999975786,7.516605584016522
dma_hardened2,xilinx_u280_xdma_201920_3,3,2,6,192,1024,Allreduce,408.42649999603964,11.553099517405835,596.3079000025573,7.913012723761942
dma_hardened2,xilinx_u280_xdma_201920_3,3,2,6,192,1024,Allreduce,385.5470000019068,12.238694633797342,530.7329999993726,8.890707757018271
dma_hardened2,xilinx_u280_xdma_201920_3,3,2,6,192,1024,Allreduce,397.7869000038936,11.862110089482117,589.4654000030641,8.00486678263978
dma_hardened2,xilinx_u280_xdma_201920_3,3,2,6,384,1024,Allreduce,475.843999998915,19.832516539079023,787.7554999993208,11.979838922112428
dma_hardened2,xilinx_u280_xdma_201920_3,3,2,6,384,1024,Allreduce,516.2472999984402,18.28035517092005,773.9813000000595,12.19303877238284
dma_hardened2,xilinx_u280_xdma_201920_3,3,2,6,384,1024,Allreduce,514.0176999987034,18.35964792656713,723.6294999984239,13.041458370644861
dma_hardened2,xilinx_u280_xdma_201920_3,3,2,6,384,1024,Allreduce,493.3013999959713,19.13066534998091,732.0202000016707,12.891972106751238
dma_hardened2,xilinx_u280_xdma_201920_3,3,2,6,384,1024,Allreduce,468.2439000021077,20.154419523580597,722.088699995993,13.069286363368334
dma_hardened2,xilinx_u280_xdma_201920_3,3,2,6,384,1024,Allreduce,436.00120000064635,21.644857858157295,767.5525999957244,12.295162572640063
dma_hardened2,xilinx_u280_xdma_201920_3,3,2,6,384,1024,Allreduce,464.54929999981687,20.314709332257568,754.583600001979,12.506479070013249
dma_hardened2,xilinx_u280_xdma_201920_3,3,2,6,384,1024,Allreduce,479.1619000002356,19.69518861995363,752.2078000022248,12.545979980494868
dma_hardened2,xilinx_u280_xdma_201920_3,3,2,6,384,1024,Allreduce,488.3601000017279,19.324232262149607,732.0473999982369,12.891493091871823
dma_hardened2,xilinx_u280_xdma_201920_3,3,2,6,384,1024,Allreduce,462.76190000185125,20.39317411386341,799.8457999974562,11.798754209911479
dma_hardened2,xilinx_u280_xdma_201920_3,3,2,6,384,1024,Allreduce,456.6395999972883,20.66659133385725,732.1117000003596,12.890360856130783
dma_hardened2,xilinx_u280_xdma_201920_3,3,2,6,384,1024,Allreduce,485.6509999967784,19.43202834970504,641.4456000015889,14.712368437754694
dma_hardened2,xilinx_u280_xdma_201920_3,3,2,6,384,1024,Allreduce,504.0740000026745,18.721822589441093,679.431899999372,13.889815888845845
dma_hardened2,xilinx_u280_xdma_201920_3,3,2,6,384,1024,Allreduce,456.5890000037598,20.668881641744083,712.5090999977601,13.245001362129504
dma_hardened2,xilinx_u280_xdma_201920_3,3,2,6,384,1024,Allreduce,467.4040999987028,20.19063161839229,744.0012000017759,12.684366638088047
dma_hardened2,xilinx_u280_xdma_201920_3,3,2,6,384,1024,Allreduce,463.11980000268704,20.377414224019887,712.0865999979742,13.252859975214879
dma_hardened2,xilinx_u280_xdma_201920_3,3,2,6,384,1024,Allreduce,459.8030000011022,20.524407191726407,758.3425000007082,12.444487813871946
dma_hardened2,xilinx_u280_xdma_201920_3,3,2,6,384,1024,Allreduce,458.6119000009603,20.577712876574374,734.8729000000276,12.841926814826952
dma_hardened2,xilinx_u280_xdma_201920_3,3,2,6,384,1024,Allreduce,462.46459999679246,20.40628407031685,771.7863999971541,12.227714818549275
dma_hardened2,xilinx_u280_xdma_201920_3,3,2,6,384,1024,Allreduce,463.9979999979005,20.338846288222584,681.1262000042007,13.855265000732315
dma_hardened2,xilinx_u280_xdma_201920_3,3,2,6,768,1024,Allreduce,620.5659999977797,30.414763296841155,916.0103999988678,20.604971297294583
dma_hardened2,xilinx_u280_xdma_201920_3,3,2,6,768,1024,Allreduce,634.2566000000716,29.75825241707831,923.8250999999309,20.430672429230825
dma_hardened2,xilinx_u280_xdma_201920_3,3,2,6,768,1024,Allreduce,610.8648999997968,30.89777788837807,955.5390000002717,19.75258780645754
dma_hardened2,xilinx_u280_xdma_201920_3,3,2,6,768,1024,Allreduce,614.078499995685,30.73608341626132,960.6805999965218,19.64687118701922
dma_hardened2,xilinx_u280_xdma_201920_3,3,2,6,768,1024,Allreduce,625.4714000021977,30.176228681173402,939.2446999981985,20.095261650170823
dma_hardened2,xilinx_u280_xdma_201920_3,3,2,6,768,1024,Allreduce,634.7214000015811,29.73646075262782,963.87650000338,19.58172857200462
dma_hardened2,xilinx_u280_xdma_201920_3,3,2,6,768,1024,Allreduce,643.7164000033135,29.32093698389981,982.8221999953258,19.204254849035525
dma_hardened2,xilinx_u280_xdma_201920_3,3,2,6,768,1024,Allreduce,637.3461000009684,29.61400093288611,943.73139999675,19.999724497950368
dma_hardened2,xilinx_u280_xdma_201920_3,3,2,6,768,1024,Allreduce,624.2278999991413,30.236341566959698,955.6518000010783,19.750256317184462
dma_hardened2,xilinx_u280_xdma_201920_3,3,2,6,768,1024,Allreduce,641.2719000024936,29.43270709339768,954.014400002734,19.78415420138932
dma_hardened2,xilinx_u280_xdma_201920_3,3,2,6,768,1024,Allreduce,612.8879000016241,30.79579153047398,932.9539000020759,20.230761669958184
dma_hardened2,xilinx_u280_xdma_201920_3,3,2,6,768,1024,Allreduce,626.4540999950441,30.128892124976623,993.1547000007868,19.004459224715994
dma_hardened2,xilinx_u280_xdma_201920_3,3,2,6,768,1024,Allreduce,629.8221000008652,29.9677766149744,915.2669999991758,20.621707108436112
dma_hardened2,xilinx_u280_xdma_201920_3,3,2,6,768,1024,Allreduce,621.8099999955484,30.35391518331182,978.6865000023681,19.285407533417832
dma_hardened2,xilinx_u280_xdma_201920_3,3,2,6,768,1024,Allreduce,594.3800000011379,31.75471583829178,963.3013999973628,19.593419048339047
dma_hardened2,xilinx_u280_xdma_201920_3,3,2,6,768,1024,Allreduce,620.0598000020818,30.439593084306757,961.5454000027057,19.6292010756298
dma_hardened2,xilinx_u280_xdma_201920_3,3,2,6,768,1024,Allreduce,580.629000000954,32.506760771454736,985.6822000017472,19.148532863803915
dma_hardened2,xilinx_u280_xdma_201920_3,3,2,6,768,1024,Allreduce,583.8926000024003,32.32506800038639,914.6084000008159,20.636556585291764
dma_hardened2,xilinx_u280_xdma_201920_3,3,2,6,768,1024,Allreduce,576.3473000001795,32.74825439451893,937.4076000028708,20.1346436704185
dma_hardened2,xilinx_u280_xdma_201920_3,3,2,6,768,1024,Allreduce,611.0201000012694,30.889929807482257,1013.513400005195,18.622711845648272
dma_hardened2,xilinx_u280_xdma_201920_3,3,2,6,1536,1024,Allreduce,869.5709999983592,43.41075771854308,1452.0039000046836,25.997682237546496
dma_hardened2,xilinx_u280_xdma_201920_3,3,2,6,1536,1024,Allreduce,960.4752000029748,39.30214543788646,1406.336000002284,26.84190406840093
dma_hardened2,xilinx_u280_xdma_201920_3,3,2,6,1536,1024,Allreduce,857.7091000006476,44.01111752221295,1491.6087000017342,25.307398649495752
dma_hardened2,xilinx_u280_xdma_201920_3,3,2,6,1536,1024,Allreduce,864.092099999425,43.68600985939476,1426.464999997279,26.463135092744658
dma_hardened2,xilinx_u280_xdma_201920_3,3,2,6,1536,1024,Allreduce,901.9921000003706,41.850406450327554,1428.6588000004485,26.42249919994064
dma_hardened2,xilinx_u280_xdma_201920_3,3,2,6,1536,1024,Allreduce,861.4863999980571,43.81814501086162,1462.7687000029255,25.806360226278088
dma_hardened2,xilinx_u280_xdma_201920_3,3,2,6,1536,1024,Allreduce,938.2101000028342,40.23484292045669,1466.5728000011313,25.73942186843427
dma_hardened2,xilinx_u280_xdma_201920_3,3,2,6,1536,1024,Allreduce,877.110599998332,43.037600959413545,1426.0176999982832,26.471435803388307
dma_hardened2,xilinx_u280_xdma_201920_3,3,2,6,1536,1024,Allreduce,857.205500000191,44.03697363116731,1473.368400002073,25.620704231166414
dma_hardened2,xilinx_u280_xdma_201920_3,3,2,6,1536,1024,Allreduce,871.5638000012405,43.311500546427325,1419.422100002521,26.59444008933844
dma_hardened2,xilinx_u280_xdma_201920_3,3,2,6,1536,1024,Allreduce,861.1608000023807,43.834712402022525,1447.996100000637,26.06963927595067
dma_hardened2,xilinx_u280_xdma_201920_3,3,2,6,1536,1024,Allreduce,891.177900001594,42.358249682731675,1390.2345000019523,27.15278321746942
dma_hardened2,xilinx_u280_xdma_201920_3,3,2,6,1536,1024,Allreduce,851.4880999996421,44.332664191097756,1500.7067999988521,25.153971448672632
dma_hardened2,xilinx_u280_xdma_201920_3,3,2,6,1536,1024,Allreduce,857.7885000022434,44.007043694222155,1491.2814000012986,25.31295300804203
dma_hardened2,xilinx_u280_xdma_201920_3,3,2,6,1536,1024,Allreduce,915.9551999971427,41.212426110051844,1449.3269000013242,26.04570162878058
dma_hardened2,xilinx_u280_xdma_201920_3,3,2,6,1536,1024,Allreduce,869.9799999988045,43.390349203489585,1437.6282999990053,26.25764670883713
dma_hardened2,xilinx_u280_xdma_201920_3,3,2,6,1536,1024,Allreduce,900.4841000034958,41.92049143327845,1420.9745000016483,26.565385937577496
dma_hardened2,xilinx_u280_xdma_201920_3,3,2,6,1536,1024,Allreduce,868.3039000004555,43.47410624319457,1457.4374999995143,25.90075800849956
dma_hardened2,xilinx_u280_xdma_201920_3,3,2,6,1536,1024,Allreduce,885.0520000009965,42.65143291010867,1453.2438999992792,25.975499363884293
dma_hardened2,xilinx_u280_xdma_201920_3,3,2,6,1536,1024,Allreduce,898.4637999958522,42.01475451784954,1455.6368999990354,25.932796839668608
dma_hardened2,xilinx_u280_xdma_201920_3,3,2,6,3072,1024,Allreduce,1577.6302000006126,47.85498654879368,2424.5339000003696,31.138963245673114
dma_hardened2,xilinx_u280_xdma_201920_3,3,2,6,3072,1024,Allreduce,1521.80430000044,49.610499852036284,2482.473800000662,30.41219286986226
dma_hardened2,xilinx_u280_xdma_201920_3,3,2,6,3072,1024,Allreduce,1554.4344000034016,48.5690949710292,2335.1788000013585,32.330488783109914
dma_hardened2,xilinx_u280_xdma_201920_3,3,2,6,3072,1024,Allreduce,1608.0253000041012,46.950425468932266,2496.3869000032446,30.242696755018972
dma_hardened2,xilinx_u280_xdma_201920_3,3,2,6,3072,1024,Allreduce,1503.0808999995315,50.228482046457735,2481.667400002152,30.422075093517577
dma_hardened2,xilinx_u280_xdma_201920_3,3,2,6,3072,1024,Allreduce,1589.0708000029008,47.51045202004982,2534.989299999779,29.782165944450565
dma_hardened2,xilinx_u280_xdma_201920_3,3,2,6,3072,1024,Allreduce,1559.0234000001146,48.42613138455423,2459.3772999992325,30.697799804862623
dma_hardened2,xilinx_u280_xdma_201920_3,3,2,6,3072,1024,Allreduce,1548.162799997499,48.76584813956385,2466.097000001355,30.614153457856084
dma_hardened2,xilinx_u280_xdma_201920_3,3,2,6,3072,1024,Allreduce,1549.4852000017545,48.7242291826437,2398.839400001407,31.472499576234963
dma_hardened2,xilinx_u280_xdma_201920_3,3,2,6,3072,1024,Allreduce,1516.664899997977,49.77861095097585,2480.1581000019723,30.440588444720508
dma_hardened2,xilinx_u280_xdma_201920_3,3,2,6,3072,1024,Allreduce,1540.9239000007346,48.99493868578715,2512.9237999976795,30.043677408789602
dma_hardened2,xilinx_u280_xdma_201920_3,3,2,6,3072,1024,Allreduce,1513.4699000043383,49.8836957377108,2520.831599997564,29.949430973521977
dma_hardened2,xilinx_u280_xdma_201920_3,3,2,6,3072,1024,Allreduce,1510.6355999989773,49.9772890298965,2469.1335999989406,30.57650343425418
dma_hardened2,xilinx_u280_xdma_201920_3,3,2,6,3072,1024,Allreduce,1513.2450999999492,49.89110620612784,2576.714700001048,29.29989571603301
dma_hardened2,xilinx_u280_xdma_201920_3,3,2,6,3072,1024,Allreduce,1592.7273999977842,47.40137703420248,2431.154099997457,31.054169704865267
dma_hardened2,xilinx_u280_xdma_201920_3,3,2,6,3072,1024,Allreduce,1563.8671999965936,48.27614007133371,2509.039199998142,30.090192293550416
dma_hardened2,xilinx_u280_xdma_201920_3,3,2,6,3072,1024,Allreduce,1534.8454999980277,49.18897178908041,2460.7785000000604,30.680320069440683
dma_hardened2,xilinx_u280_xdma_201920_3,3,2,6,3072,1024,Allreduce,1536.7390000051273,49.1283633718856,2447.7529000023424,30.843583925455775
dma_hardened2,xilinx_u280_xdma_201920_3,3,2,6,3072,1024,Allreduce,1532.0947000020624,49.277288146678124,2497.935500002768,30.22394773600693
dma_hardened2,xilinx_u280_xdma_201920_3,3,2,6,3072,1024,Allreduce,1488.5570999979336,50.7185596038639,2454.790699999876,30.75515643757483
dma_hardened2,xilinx_u280_xdma_201920_3,3,2,6,6144,1024,Allreduce,2605.9911000004377,57.94146572487321,4092.1982999975626,36.89824708643516
dma_hardened2,xilinx_u280_xdma_201920_3,3,2,6,6144,1024,Allreduce,2605.4900000019643,57.95260929801541,4031.967299999906,37.44944657661373
dma_hardened2,xilinx_u280_xdma_201920_3,3,2,6,6144,1024,Allreduce,2579.8474999987775,58.52863163426193,4114.341400003241,36.69966328022294
dma_hardened2,xilinx_u280_xdma_201920_3,3,2,6,6144,1024,Allreduce,2614.2464000031396,57.75849743919267,4030.7061000021354,37.46116443466816
dma_hardened2,xilinx_u280_xdma_201920_3,3,2,6,6144,1024,Allreduce,2583.831200001896,58.4383933439186,4076.3870999967367,37.04136537968165
dma_hardened2,xilinx_u280_xdma_201920_3,3,2,6,6144,1024,Allreduce,2613.7234000032095,57.77005478078308,4122.002900004418,36.63145021073085
dma_hardened2,xilinx_u280_xdma_201920_3,3,2,6,6144,1024,Allreduce,2626.584800003684,57.487176503796185,4079.7625999971388,37.01071822171856
dma_hardened2,xilinx_u280_xdma_201920_3,3,2,6,6144,1024,Allreduce,2614.891599995417,57.74424607133414,4075.439799999003,37.049975318010326
dma_hardened2,xilinx_u280_xdma_201920_3,3,2,6,6144,1024,Allreduce,2625.178400001005,57.51797439745131,4055.699499997445,37.2303086064673
dma_hardened2,xilinx_u280_xdma_201920_3,3,2,6,6144,1024,Allreduce,2608.550299999024,57.88462043459791,4049.2373000006414,37.289724659993645
dma_hardened2,xilinx_u280_xdma_201920_3,3,2,6,6144,1024,Allreduce,2601.3790000035897,58.044192714630064,4027.5063000024147,37.49092682981265
dma_hardened2,xilinx_u280_xdma_201920_3,3,2,6,6144,1024,Allreduce,2578.3845999967525,58.56183906783735,4128.086600002234,36.57746521110247
dma_hardened2,xilinx_u280_xdma_201920_3,3,2,6,6144,1024,Allreduce,2561.0379999989163,58.95849417309071,4060.346500000378,37.187699128630015
dma_hardened2,xilinx_u280_xdma_201920_3,3,2,6,6144,1024,Allreduce,2571.454700000686,58.71965934300134,4094.451499997831,36.87794177073046
dma_hardened2,xilinx_u280_xdma_201920_3,3,2,6,6144,1024,Allreduce,2617.4446000027274,57.68792355713762,3999.1850999967937,37.75642792830996
dma_hardened2,xilinx_u280_xdma_201920_3,3,2,6,6144,1024,Allreduce,2608.7098999994396,57.88107907285223,4025.145600002134,37.51291481230392
dma_hardened2,xilinx_u280_xdma_201920_3,3,2,6,6144,1024,Allreduce,2580.5242999979328,58.51328119643011,4066.132200000539,37.13478474703306
dma_hardened2,xilinx_u280_xdma_201920_3,3,2,6,6144,1024,Allreduce,2622.6296000004368,57.57387318436994,4042.4152000014146,37.3526559072772
dma_hardened2,xilinx_u280_xdma_201920_3,3,2,6,6144,1024,Allreduce,2553.412499997876,59.13456756404444,4066.556599997284,37.13090923168285
dma_hardened2,xilinx_u280_xdma_201920_3,3,2,6,6144,1024,Allreduce,2625.183999998626,57.51785170109182,4043.3313000050925,37.34419289357017
dma_hardened2,xilinx_u280_xdma_201920_3,3,2,6,12288,1024,Allreduce,4571.934999995619,66.05297056941741,7310.942599997361,41.30655984087592
dma_hardened2,xilinx_u280_xdma_201920_3,3,2,6,12288,1024,Allreduce,4573.678200000586,66.02779530924613,7236.423199998399,41.73192745278729
dma_hardened2,xilinx_u280_xdma_201920_3,3,2,6,12288,1024,Allreduce,4577.678000003971,65.970102746357,7271.212500000956,41.532259991020794
dma_hardened2,xilinx_u280_xdma_201920_3,3,2,6,12288,1024,Allreduce,4575.433599995904,66.00246324201281,7229.011000003993,41.774716901085526
dma_hardened2,xilinx_u280_xdma_201920_3,3,2,6,12288,1024,Allreduce,4599.818499997355,65.6525660741122,7238.712999998143,41.71872651949006
dma_hardened2,xilinx_u280_xdma_201920_3,3,2,6,12288,1024,Allreduce,4619.60339999905,65.37138837504148,7272.567000001118,41.52452469670662
dma_hardened2,xilinx_u280_xdma_201920_3,3,2,6,12288,1024,Allreduce,4599.590800000897,65.65581616519911,7227.602599999727,41.78285729212774
dma_hardened2,xilinx_u280_xdma_201920_3,3,2,6,12288,1024,Allreduce,4556.149100000084,66.28182734406,7218.482400003268,41.835647891842655
dma_hardened2,xilinx_u280_xdma_201920_3,3,2,6,12288,1024,Allreduce,4566.092399994659,66.13748946481093,7219.871899997088,41.82759641485077
dma_hardened2,xilinx_u280_xdma_201920_3,3,2,6,12288,1024,Allreduce,4574.169299996811,66.02070631714714,7282.607700000199,41.46727387224109
dma_hardened2,xilinx_u280_xdma_201920_3,3,2,6,12288,1024,Allreduce,4597.410399998125,65.68695455165872,7212.214100002257,41.872008208950085
dma_hardened2,xilinx_u280_xdma_201920_3,3,2,6,12288,1024,Allreduce,4602.825299997448,65.6096784729517,7266.570199999478,41.558793170404066
dma_hardened2,xilinx_u280_xdma_201920_3,3,2,6,12288,1024,Allreduce,4566.483199999993,66.13182941305914,7251.351800005068,41.64601254069468
dma_hardened2,xilinx_u280_xdma_201920_3,3,2,6,12288,1024,Allreduce,4573.6647999945035,66.02798875867836,7279.096799999252,41.48727463001056
dma_hardened2,xilinx_u280_xdma_201920_3,3,2,6,12288,1024,Allreduce,4602.8040999999575,65.60998066374425,7227.78260000041,41.781816735880085
dma_hardened2,xilinx_u280_xdma_201920_3,3,2,6,12288,1024,Allreduce,4630.577500000754,65.21646338927505,7281.8632999997135,41.471512929940864
dma_hardened2,xilinx_u280_xdma_201920_3,3,2,6,12288,1024,Allreduce,4602.403100000174,65.61569715612016,7239.373199996635,41.714921949339534
dma_hardened2,xilinx_u280_xdma_201920_3,3,2,6,12288,1024,Allreduce,4585.99090000007,65.85052054944012,7312.339700001758,41.298667784803186
dma_hardened2,xilinx_u280_xdma_201920_3,3,2,6,12288,1024,Allreduce,4580.902599997216,65.92366491271468,7290.73949999588,41.421022929178946
dma_hardened2,xilinx_u280_xdma_201920_3,3,2,6,12288,1024,Allreduce,4575.275899998132,66.00473820608792,7254.557900000691,41.627607383210936
dma_hardened2,xilinx_u280_xdma_201920_3,3,2,6,24576,1024,Allreduce,8407.02769999666,71.84224883667743,13181.210900000906,45.821266390628686
dma_hardened2,xilinx_u280_xdma_201920_3,3,2,6,24576,1024,Allreduce,8430.825699997513,71.639457093767,13183.459700002231,45.81345031910689
dma_hardened2,xilinx_u280_xdma_201920_3,3,2,6,24576,1024,Allreduce,8395.782599995982,71.93847253742481,13256.252399997948,45.561879615395185
dma_hardened2,xilinx_u280_xdma_201920_3,3,2,6,24576,1024,Allreduce,8390.862599998172,71.98065381265229,13213.293000001158,45.71001157697381
dma_hardened2,xilinx_u280_xdma_201920_3,3,2,6,24576,1024,Allreduce,8420.549800001709,71.72688130172658,13190.518900000825,45.788932230707175
dma_hardened2,xilinx_u280_xdma_201920_3,3,2,6,24576,1024,Allreduce,8392.700200005265,71.96489349156319,13224.33010000168,45.67186174518763
dma_hardened2,xilinx_u280_xdma_201920_3,3,2,6,24576,1024,Allreduce,8387.464200001205,72.0098186529265,13213.840000003074,45.708119365745276
dma_hardened2,xilinx_u280_xdma_201920_3,3,2,6,24576,1024,Allreduce,8375.533800000312,72.11239192897503,13231.434399995123,45.64733933912884
dma_hardened2,xilinx_u280_xdma_201920_3,3,2,6,24576,1024,Allreduce,8428.038900001411,71.66314526620172,13196.941199998946,45.76664901712589
dma_hardened2,xilinx_u280_xdma_201920_3,3,2,6,24576,1024,Allreduce,8402.33160000139,71.88240178474986,13217.45969999597,45.695601856095244
dma_hardened2,xilinx_u280_xdma_201920_3,3,2,6,24576,1024,Allreduce,8408.761699996603,71.82743399664233,13220.394000001079,45.68545960127593
dma_hardened2,xilinx_u280_xdma_201920_3,3,2,6,24576,1024,Allreduce,8371.658400000115,72.14577412761989,13257.0826999995,45.559026044245975
dma_hardened2,xilinx_u280_xdma_201920_3,3,2,6,24576,1024,Allreduce,8401.619999995091,71.88849007695573,13236.89910000212,45.62849436541397
dma_hardened2,xilinx_u280_xdma_201920_3,3,2,6,24576,1024,Allreduce,8386.651400002165,72.01679755043163,13190.034400003015,45.79061416245146
dma_hardened2,xilinx_u280_xdma_201920_3,3,2,6,24576,1024,Allreduce,8409.180299997843,71.82385850380149,13171.947600000067,45.853490640973774
dma_hardened2,xilinx_u280_xdma_201920_3,3,2,6,24576,1024,Allreduce,8397.056900003008,71.9275554747978,13183.416300000772,45.81360113766298
dma_hardened2,xilinx_u280_xdma_201920_3,3,2,6,24576,1024,Allreduce,8403.913600000124,71.86887023683717,13166.213800002424,45.87345953624791
dma_hardened2,xilinx_u280_xdma_201920_3,3,2,6,24576,1024,Allreduce,8378.7319999999,72.08486630196636,13181.951199999276,45.818693062680524
dma_hardened2,xilinx_u280_xdma_201920_3,3,2,6,24576,1024,Allreduce,8383.815799999184,72.04115529351907,13191.44339999525,45.785723190853965
dma_hardened2,xilinx_u280_xdma_201920_3,3,2,6,24576,1024,Allreduce,8392.66060000341,71.9652330513347,13219.23149999975,45.689477183300056
experiment,board_instance,number of nodes,rank id,number of banks,buffer size[KB],segment_size[KB],collective name,execution_time[us],throughput[Gbps],execution_time_fullpath[us],throughput_fullpath[Gbps]
dma_hardened2,xilinx_u280_xdma_201920_3,3,2,6,24,256,Allreduce,292.81890000447675,2.0142962083082154,478.11030000275423,1.2336567524201052
dma_hardened2,xilinx_u280_xdma_201920_3,3,2,6,24,256,Allreduce,310.143199999402,1.9017795650561975,407.8899000091951,1.4460372762029743
dma_hardened2,xilinx_u280_xdma_201920_3,3,2,6,24,256,Allreduce,272.5835000092047,2.163828698289084,448.9645999910863,1.3137427761825995
dma_hardened2,xilinx_u280_xdma_201920_3,3,2,6,24,256,Allreduce,294.3181999967237,2.0040350885761256,462.7099999993334,1.2747163450127503
dma_hardened2,xilinx_u280_xdma_201920_3,3,2,6,24,256,Allreduce,297.7677999979278,1.9808186110254522,344.23570000399195,1.7134306522919036
dma_hardened2,xilinx_u280_xdma_201920_3,3,2,6,24,256,Allreduce,292.38070000019434,2.0173150963781397,428.92860000165456,1.3751099833345801
dma_hardened2,xilinx_u280_xdma_201920_3,3,2,6,24,256,Allreduce,265.15810000091733,2.2244238437293054,448.05260000657654,1.3164168671074392
dma_hardened2,xilinx_u280_xdma_201920_3,3,2,6,24,256,Allreduce,260.7286999932512,2.26221355767611,509.58360000095126,1.1574626812929203
dma_hardened2,xilinx_u280_xdma_201920_3,3,2,6,24,256,Allreduce,290.15779999781444,2.032769754955554,439.1533999978492,1.343093324571525
dma_hardened2,xilinx_u280_xdma_201920_3,3,2,6,24,256,Allreduce,318.11359999665,1.854130096940877,400.6129000003966,1.4723040620993881
dma_hardened2,xilinx_u280_xdma_201920_3,3,2,6,24,256,Allreduce,262.27829999925234,2.2488478841050954,426.2490000087382,1.3837545659647492
dma_hardened2,xilinx_u280_xdma_201920_3,3,2,6,24,256,Allreduce,309.19920000087586,1.9075857893498083,446.65490000852515,1.320536279773808
dma_hardened2,xilinx_u280_xdma_201920_3,3,2,6,24,256,Allreduce,268.92060000136553,2.1933016659824682,445.578000005753,1.3237278321469745
dma_hardened2,xilinx_u280_xdma_201920_3,3,2,6,24,256,Allreduce,282.5561000008747,2.087458030451914,470.5805999947188,1.2533963363696239
dma_hardened2,xilinx_u280_xdma_201920_3,3,2,6,24,256,Allreduce,321.8539000044984,1.8325830446415479,480.8777999983249,1.2265569340112072
dma_hardened2,xilinx_u280_xdma_201920_3,3,2,6,24,256,Allreduce,280.51780000168947,2.102625929607489,497.7951000000758,1.1848730531897766
dma_hardened2,xilinx_u280_xdma_201920_3,3,2,6,24,256,Allreduce,261.6545000023507,2.254209272130619,464.90720000065267,1.2686919023821785
dma_hardened2,xilinx_u280_xdma_201920_3,3,2,6,24,256,Allreduce,326.4677000061056,1.8066840915317783,456.96209999732673,1.2907503707713408
dma_hardened2,xilinx_u280_xdma_201920_3,3,2,6,24,256,Allreduce,255.99100000590624,2.3040810027945966,492.71620000581606,1.1970866799042486
dma_hardened2,xilinx_u280_xdma_201920_3,3,2,6,24,256,Allreduce,292.10359999751745,2.01922879418471,354.2716999959339,1.6648916636772555
dma_hardened2,xilinx_u280_xdma_201920_3,3,2,6,48,256,Allreduce,312.2719999964829,3.777629758714474,429.8839000057342,2.744108351078663
dma_hardened2,xilinx_u280_xdma_201920_3,3,2,6,48,256,Allreduce,302.90720000039073,3.8944204693664535,518.9480000012736,2.27315260873364
dma_hardened2,xilinx_u280_xdma_201920_3,3,2,6,48,256,Allreduce,323.3435999959511,3.6482800340404813,453.6044000019501,2.6006096942510446
dma_hardened2,xilinx_u280_xdma_201920_3,3,2,6,48,256,Allreduce,269.6475999982795,4.374776560249477,483.91889999948035,2.43769772166631
dma_hardened2,xilinx_u280_xdma_201920_3,3,2,6,48,256,Allreduce,274.02109999457025,4.304953158801913,473.8495000083276,2.4894993030050014
dma_hardened2,xilinx_u280_xdma_201920_3,3,2,6,48,256,Allreduce,279.83819999235493,4.2154645078199735,447.6787000044169,2.635032669609614
dma_hardened2,xilinx_u280_xdma_201920_3,3,2,6,48,256,Allreduce,286.38390000423897,4.119114237855338,403.4918000002108,2.9235984473522976
dma_hardened2,xilinx_u280_xdma_201920_3,3,2,6,48,256,Allreduce,271.20749999767213,4.349614225307652,439.8684999955549,2.681819680226979
dma_hardened2,xilinx_u280_xdma_201920_3,3,2,6,48,256,Allreduce,300.72710000013103,3.9226527971688814,492.0513000001847,2.3974085628867505
dma_hardened2,xilinx_u280_xdma_201920_3,3,2,6,48,256,Allreduce,309.0845999963676,3.8165861385972106,555.3633999966223,2.124101084095881
dma_hardened2,xilinx_u280_xdma_201920_3,3,2,6,48,256,Allreduce,276.1238999937632,4.272169124174491,438.3771999982855,2.690942868389628
dma_hardened2,xilinx_u280_xdma_201920_3,3,2,6,48,256,Allreduce,303.78290000498964,3.88319421527882,468.53650000002744,2.5177291416995917
dma_hardened2,xilinx_u280_xdma_201920_3,3,2,6,48,256,Allreduce,339.8258000061105,3.471331488011765,494.9789999955101,2.3832283794074103
dma_hardened2,xilinx_u280_xdma_201920_3,3,2,6,48,256,Allreduce,276.5127999964534,4.266160553924196,405.71480000153315,2.9075794129165176
dma_hardened2,xilinx_u280_xdma_201920_3,3,2,6,48,256,Allreduce,290.1236999946377,4.066017357498898,461.8284000002859,2.554299389122171
dma_hardened2,xilinx_u280_xdma_201920_3,3,2,6,48,256,Allreduce,265.0129000016932,4.451285201559861,433.09379999527664,2.7237702317901236
dma_hardened2,xilinx_u280_xdma_201920_3,3,2,6,48,256,Allreduce,288.9918999926522,4.0819413970771965,471.1925000037809,2.5035373016135325
dma_hardened2,xilinx_u280_xdma_201920_3,3,2,6,48,256,Allreduce,285.08030000011786,4.137949903937636,437.863499996638,2.694099873611428
dma_hardened2,xilinx_u280_xdma_201920_3,3,2,6,48,256,Allreduce,317.8273999992598,3.7115994404596564,503.26699999914126,2.3439804318622377
dma_hardened2,xilinx_u280_xdma_201920_3,3,2,6,48,256,Allreduce,342.54769999506607,3.4437481262229794,489.76650000440713,2.408592666075334
dma_hardened2,xilinx_u280_xdma_201920_3,3,2,6,96,256,Allreduce,328.5157000050276,7.181684162930093,451.99479999382675,5.219741466123554
dma_hardened2,xilinx_u280_xdma_201920_3,3,2,6,96,256,Allreduce,300.38959999956205,7.854120116020794,465.7233999978416,5.0658738642098164
dma_hardened2,xilinx_u280_xdma_201920_3,3,2,6,96,256,Allreduce,287.20889999931387,8.214564381555155,474.9015000015788,4.967969147269816
dma_hardened2,xilinx_u280_xdma_201920_3,3,2,6,96,256,Allreduce,297.4594999955116,7.931486471387196,456.11560000224927,5.172583441540622
dma_hardened2,xilinx_u280_xdma_201920_3,3,2,6,96,256,Allreduce,343.46510000204944,6.869099655207828,572.329700003138,4.122267287521622
dma_hardened2,xilinx_u280_xdma_201920_3,3,2,6,96,256,Allreduce,310.27969999968263,7.603771693740884,552.4401000002399,4.27068201602124
dma_hardened2,xilinx_u280_xdma_201920_3,3,2,6,96,256,Allreduce,311.81730000753305,7.566276790745744,457.27670000133,5.159449409937436
dma_hardened2,xilinx_u280_xdma_201920_3,3,2,6,96,256,Allreduce,347.56170000491693,6.788135746736833,475.56580000218673,4.961029577797965
dma_hardened2,xilinx_u280_xdma_201920_3,3,2,6,96,256,Allreduce,396.2668999974994,5.953805377171013,493.14919999687845,4.784142405614637
dma_hardened2,xilinx_u280_xdma_201920_3,3,2,6,96,256,Allreduce,301.6376000005039,7.821624359814754,432.25910000046497,5.458059760910672
dma_hardened2,xilinx_u280_xdma_201920_3,3,2,6,96,256,Allreduce,370.93490000188467,6.360404480646099,523.210900007598,4.509263855102672
dma_hardened2,xilinx_u280_xdma_201920_3,3,2,6,96,256,Allreduce,328.70420000108425,7.177565726243285,536.8152999949416,4.394986506573549
dma_hardened2,xilinx_u280_xdma_201920_3,3,2,6,96,256,Allreduce,383.9913999968303,6.144137603132454,510.9175000029609,4.617763141772062
dma_hardened2,xilinx_u280_xdma_201920_3,3,2,6,96,256,Allreduce,348.7593000045308,6.764826056163519,483.68440000103874,4.87775913383796
dma_hardened2,xilinx_u280_xdma_201920_3,3,2,6,96,256,Allreduce,314.31730000122116,7.506096546358836,539.5230999965861,4.372928610498659
dma_hardened2,xilinx_u280_xdma_201920_3,3,2,6,96,256,Allreduce,336.7110999988654,7.006885130926632,512.1232999954373,4.606890567215005
dma_hardened2,xilinx_u280_xdma_201920_3,3,2,6,96,256,Allreduce,349.1519000021981,6.757219422220378,465.54509999623406,5.0678140528577895
dma_hardened2,xilinx_u280_xdma_201920_3,3,2,6,96,256,Allreduce,355.1955000034468,6.642246312177675,562.295500003529,4.195829417068415
dma_hardened2,xilinx_u280_xdma_201920_3,3,2,6,96,256,Allreduce,310.47789999547604,7.598917668646875,509.91290000865774,4.626860783400345
dma_hardened2,xilinx_u280_xdma_201920_3,3,2,6,96,256,Allreduce,315.49640000321233,7.478044123406727,477.01080000024376,4.9460012226113
dma_hardened2,xilinx_u280_xdma_201920_3,3,2,6,192,256,Allreduce,364.21930000187785,12.955359586863388,615.3717999950459,7.667871683489539
dma_hardened2,xilinx_u280_xdma_201920_3,3,2,6,192,256,Allreduce,381.35030000603365,12.373379540871854,613.4493999979895,7.691900913124154
dma_hardened2,xilinx_u280_xdma_201920_3,3,2,6,192,256,Allreduce,345.0908999980129,13.67347559737788,556.1543999988317,8.484320181607684
dma_hardened2,xilinx_u280_xdma_201920_3,3,2,6,192,256,Allreduce,398.1167999995705,11.852280536779887,591.0158999995474,7.983866423904354
dma_hardened2,xilinx_u280_xdma_201920_3,3,2,6,192,256,Allreduce,415.3277000000344,11.361130018536228,561.2322000047243,8.407557513557276
dma_hardened2,xilinx_u280_xdma_201920_3,3,2,6,192,256,Allreduce,397.36769999763055,11.87462393150761,614.9402000005466,7.673253431790287
dma_hardened2,xilinx_u280_xdma_201920_3,3,2,6,192,256,Allreduce,382.96689999697264,12.321148381328257,649.2701999945893,7.267532069143667
dma_hardened2,xilinx_u280_xdma_201920_3,3,2,6,192,256,Allreduce,347.4133999930018,13.58206678295958,647.7870000026087,7.284172112100117
dma_hardened2,xilinx_u280_xdma_201920_3,3,2,6,192,256,Allreduce,418.1170000038037,11.2853387926276,589.2333000019789,8.008019913307942
dma_hardened2,xilinx_u280_xdma_201920_3,3,2,6,192,256,Allreduce,378.31449999430333,12.472670225621943,629.2670000107137,7.4985530782953225
dma_hardened2,xilinx_u280_xdma_201920_3,3,2,6,192,256,Allreduce,403.9172000034341,11.6820774157671,581.6504999984318,8.112418024247761
dma_hardened2,xilinx_u280_xdma_201920_3,3,2,6,192,256,Allreduce,378.8973999917289,12.453482130262715,658.7777999925493,7.162645735866278
dma_hardened2,xilinx_u280_xdma_201920_3,3,2,6,192,256,Allreduce,408.88439999662296,11.540161473607142,501.5769999999975,9.407512704928703
dma_hardened2,xilinx_u280_xdma_201920_3,3,2,6,192,256,Allreduce,391.0911999923883,12.065196046579,521.2575000086872,9.052324426835797
dma_hardened2,xilinx_u280_xdma_201920_3,3,2,6,192,256,Allreduce,402.1027000021604,11.734793126170624,689.9475000068378,6.839059493589347
dma_hardened2,xilinx_u280_xdma_201920_3,3,2,6,192,256,Allreduce,356.9831000049817,13.217970262273347,592.8457999971215,7.959223123488283
dma_hardened2,xilinx_u280_xdma_201920_3,3,2,6,192,256,Allreduce,374.04949999881865,12.614886532437293,612.4409999983982,7.704565827585583
dma_hardened2,xilinx_u280_xdma_201920_3,3,2,6,192,256,Allreduce,415.43500000216227,11.35819562621214,602.702000003319,7.829063119043931
dma_hardened2,xilinx_u280_xdma_201920_3,3,2,6,192,256,Allreduce,329.0207999953054,14.341318239051532,587.4024000036115,8.032980457640262
dma_hardened2,xilinx_u280_xdma_201920_3,3,2,6,192,256,Allreduce,389.5231000001331,12.113766808690901,599.3432999957804,7.872936929524732
dma_hardened2,xilinx_u280_xdma_201920_3,3,2,6,384,256,Allreduce,475.16939999923125,19.860672846389665,655.7686000064678,14.391027566594255
dma_hardened2,xilinx_u280_xdma_201920_3,3,2,6,384,256,Allreduce,455.82970000168643,20.703310907483836,783.9451999984703,12.038065926060156
dma_hardened2,xilinx_u280_xdma_201920_3,3,2,6,384,256,Allreduce,494.04559999857156,19.101848088571757,742.9619999925308,12.70210858710792
dma_hardened2,xilinx_u280_xdma_201920_3,3,2,6,384,256,Allreduce,452.82099999894854,20.84087089605366,780.7868999975653,12.086760164686968
dma_hardened2,xilinx_u280_xdma_201920_3,3,2,6,384,256,Allreduce,461.31359999890265,20.457198747278312,820.1701999951183,11.506372701734556
dma_hardened2,xilinx_u280_xdma_201920_3,3,2,6,384,256,Allreduce,468.7713999942389,20.131740119205187,768.1034000029285,12.286345822664003
dma_hardened2,xilinx_u280_xdma_201920_3,3,2,6,384,256,Allreduce,448.5229000010804,21.04058454981288,751.3436999943224,12.560408771739636
dma_hardened2,xilinx_u280_xdma_201920_3,3,2,6,384,256,Allreduce,472.67610000290006,19.965435104381413,778.2155999962015,12.126695995359208
dma_hardened2,xilinx_u280_xdma_201920_3,3,2,6,384,256,Allreduce,468.74959999740895,20.13267637999513,752.4460999889016,12.542006663519416
dma_hardened2,xilinx_u280_xdma_201920_3,3,2,6,384,256,Allreduce,479.46650000767477,19.68267647447515,673.7414999975044,14.007128846946427
dma_hardened2,xilinx_u280_xdma_201920_3,3,2,6,384,256,Allreduce,451.44250000248576,20.904509433533697,728.1350000084785,12.960761397117446
dma_hardened2,xilinx_u280_xdma_201920_3,3,2,6,384,256,Allreduce,503.2437999943796,18.752707932229665,687.0134999985567,13.736533561596426
dma_hardened2,xilinx_u280_xdma_201920_3,3,2,6,384,256,Allreduce,493.01039999818386,19.14195724884255,779.4149000005746,12.108036425776623
dma_hardened2,xilinx_u280_xdma_201920_3,3,2,6,384,256,Allreduce,475.4644000058761,19.848350370465948,734.0974999920036,12.855491266627114
dma_hardened2,xilinx_u280_xdma_201920_3,3,2,6,384,256,Allreduce,450.73879999790734,20.93714585929548,762.6776999927642,12.373751061673277
dma_hardened2,xilinx_u280_xdma_201920_3,3,2,6,384,256,Allreduce,472.7288999902157,19.963205127072463,799.8956000051294,11.798019641487569
dma_hardened2,xilinx_u280_xdma_201920_3,3,2,6,384,256,Allreduce,481.3995000063187,19.6036431277476,718.4315000017705,13.135816010262278
dma_hardened2,xilinx_u280_xdma_201920_3,3,2,6,384,256,Allreduce,466.8598999955975,20.21416703402668,826.3693999992938,11.420055002046379
dma_hardened2,xilinx_u280_xdma_201920_3,3,2,6,384,256,Allreduce,478.68629999356926,19.714756825350506,776.6017999983887,12.151895604696744
dma_hardened2,xilinx_u280_xdma_201920_3,3,2,6,384,256,Allreduce,476.0094000062054,19.825625292015186,769.2559000020083,12.267938406420233
dma_hardened2,xilinx_u280_xdma_201920_3,3,2,6,768,256,Allreduce,605.4740000081438,31.172879429581016,959.1701999966062,19.677809006229324
dma_hardened2,xilinx_u280_xdma_201920_3,3,2,6,768,256,Allreduce,627.6873999922827,30.069693927633494,979.9550000025192,19.260443591748068
dma_hardened2,xilinx_u280_xdma_201920_3,3,2,6,768,256,Allreduce,632.0264000009956,29.8632588764809,932.9426000022067,20.23100670926095
dma_hardened2,xilinx_u280_xdma_201920_3,3,2,6,768,256,Allreduce,633.5915000022396,29.78949054703746,950.2580000003036,19.862361590214416
dma_hardened2,xilinx_u280_xdma_201920_3,3,2,6,768,256,Allreduce,650.9604000029867,28.994648522265567,957.175600001392,19.718814395156492
dma_hardened2,xilinx_u280_xdma_201920_3,3,2,6,768,256,Allreduce,632.7594000026693,29.82866473405275,910.8893000075113,20.72081426342845
dma_hardened2,xilinx_u280_xdma_201920_3,3,2,6,768,256,Allreduce,605.9702000015932,31.14735345063235,943.8635999913458,19.996923284437557
dma_hardened2,xilinx_u280_xdma_201920_3,3,2,6,768,256,Allreduce,616.7297999922994,30.603950060846206,964.1133999934937,19.576916989357656
dma_hardened2,xilinx_u280_xdma_201920_3,3,2,6,768,256,Allreduce,636.1275000017486,29.670731103352896,945.1917999967918,19.96882325900845
dma_hardened2,xilinx_u280_xdma_201920_3,3,2,6,768,256,Allreduce,659.6223999963513,28.613897890830273,921.3337999995019,20.48591726474184
dma_hardened2,xilinx_u280_xdma_201920_3,3,2,6,768,256,Allreduce,660.6121999993775,28.571025482147903,917.4971999982517,20.57158103592683
dma_hardened2,xilinx_u280_xdma_201920_3,3,2,6,768,256,Allreduce,645.3423000039038,29.247064697116283,963.8858000016626,19.58153963879066
dma_hardened2,xilinx_u280_xdma_201920_3,3,2,6,768,256,Allreduce,631.8610999983321,29.871071347879813,907.1005999999215,20.807359183757164
dma_hardened2,xilinx_u280_xdma_201920_3,3,2,6,768,256,Allreduce,653.0566000037652,28.901580659151413,975.2649000006386,19.353068074107497
dma_hardened2,xilinx_u280_xdma_201920_3,3,2,6,768,256,Allreduce,613.8398999951278,30.74803055348766,918.7377999978708,20.54380259530384
dma_hardened2,xilinx_u280_xdma_201920_3,3,2,6,768,256,Allreduce,585.1542000073096,32.25537473671765,928.4157000024607,20.32965190049024
dma_hardened2,xilinx_u280_xdma_201920_3,3,2,6,768,256,Allreduce,633.2985999961238,29.803268158362457,930.3766999892105,20.286802109531425
dma_hardened2,xilinx_u280_xdma_201920_3,3,2,6,768,256,Allreduce,617.3461000003044,30.573397969130596,940.296099997795,20.072791964195385
dma_hardened2,xilinx_u280_xdma_201920_3,3,2,6,768,256,Allreduce,628.2825999960551,30.04120757143125,946.2227999961215,19.9470653212725
dma_hardened2,xilinx_u280_xdma_201920_3,3,2,6,768,256,Allreduce,641.2508000039452,29.433675560145705,926.3566999948125,20.374838331828006
dma_hardened2,xilinx_u280_xdma_201920_3,3,2,6,1536,256,Allreduce,879.4082999997954,42.9251531967674,1411.7322000060994,26.739303672351532
dma_hardened2,xilinx_u280_xdma_201920_3,3,2,6,1536,256,Allreduce,879.3155000034858,42.92968337286259,1456.1435000018719,25.92377468288769
dma_hardened2,xilinx_u280_xdma_201920_3,3,2,6,1536,256,Allreduce,879.273500004274,42.93173398244859,1513.9482999984466,24.933966371268248
dma_hardened2,xilinx_u280_xdma_201920_3,3,2,6,1536,256,Allreduce,819.1728000042531,46.08153005056322,1465.4246999953102,25.759587647267583
dma_hardened2,xilinx_u280_xdma_201920_3,3,2,6,1536,256,Allreduce,836.7668000005324,45.11261202042909,1431.9519999958175,26.3617327955897
dma_hardened2,xilinx_u280_xdma_201920_3,3,2,6,1536,256,Allreduce,846.5156999932333,44.59307252104332,1481.9095999996534,25.473035602177642
dma_hardened2,xilinx_u280_xdma_201920_3,3,2,6,1536,256,Allreduce,840.8912000049895,44.8913438501628,1422.997800000303,26.527613746129447
dma_hardened2,xilinx_u280_xdma_201920_3,3,2,6,1536,256,Allreduce,894.1607999986445,42.21694352968417,1370.0502000006054,27.552812298398496
dma_hardened2,xilinx_u280_xdma_201920_3,3,2,6,1536,256,Allreduce,886.6893999993408,42.57267088117673,1404.2065000012371,26.882610214357175
dma_hardened2,xilinx_u280_xdma_201920_3,3,2,6,1536,256,Allreduce,890.6498999976975,42.38336073478209,1452.7977999932773,25.98347547069157
dma_hardened2,xilinx_u280_xdma_201920_3,3,2,6,1536,256,Allreduce,846.715399995901,44.58255513031031,1484.92419999684,25.4213218426101
dma_hardened2,xilinx_u280_xdma_201920_3,3,2,6,1536,256,Allreduce,834.32220000077,45.244793917703696,1475.7384000063212,25.57955800285356
dma_hardened2,xilinx_u280_xdma_201920_3,3,2,6,1536,256,Allreduce,846.9068999943374,44.572474259275005,1481.180900009349,25.485567630369616
dma_hardened2,xilinx_u280_xdma_201920_3,3,2,6,1536,256,Allreduce,876.538799991522,43.06567604350784,1455.731900000501,25.931104484271458
dma_hardened2,xilinx_u280_xdma_201920_3,3,2,6,1536,256,Allreduce,872.9902000027323,43.24073282825151,1451.0935999965113,26.013991103048593
dma_hardened2,xilinx_u280_xdma_201920_3,3,2,6,1536,256,Allreduce,887.6458000031562,42.52680066741236,1426.5475999991395,26.461602823503938
dma_hardened2,xilinx_u280_xdma_201920_3,3,2,6,1536,256,Allreduce,904.2421999993167,41.746266652926096,1430.4867000078048,26.388736085273667
dma_hardened2,xilinx_u280_xdma_201920_3,3,2,6,1536,256,Allreduce,861.3547999971161,43.824839659715586,1444.1575999967426,26.138931097329785
dma_hardened2,xilinx_u280_xdma_201920_3,3,2,6,1536,256,Allreduce,892.9430999955912,42.274514468151864,1424.4327000028534,26.500891196842353
dma_hardened2,xilinx_u280_xdma_201920_3,3,2,6,1536,256,Allreduce,831.949500002338,45.373830983604066,1443.5293000019556,26.150308137111494
dma_hardened2,xilinx_u280_xdma_201920_3,3,2,6,3072,256,Allreduce,1443.2051999961004,52.31236140238685,2459.494100003212,30.696341983459686
dma_hardened2,xilinx_u280_xdma_201920_3,3,2,6,3072,256,Allreduce,1518.0253999915294,49.73399786355437,2534.265399992819,29.790673068501004
dma_hardened2,xilinx_u280_xdma_201920_3,3,2,6,3072,256,Allreduce,1437.970199992833,52.502807082077425,2496.5287000100034,30.24097900404569
dma_hardened2,xilinx_u280_xdma_201920_3,3,2,6,3072,256,Allreduce,1498.0245000060677,50.39802219502699,2324.359799990816,32.480974761436805
dma_hardened2,xilinx_u280_xdma_201920_3,3,2,6,3072,256,Allreduce,1451.0792000010042,52.028498513346314,2583.520400003181,29.2227117695324
dma_hardened2,xilinx_u280_xdma_201920_3,3,2,6,3072,256,Allreduce,1462.2868000060407,51.629729543950006,2427.9124000031516,31.09563261009829
dma_hardened2,xilinx_u280_xdma_201920_3,3,2,6,3072,256,Allreduce,1489.1927999997279,50.69690909062533,2505.409800005509,30.133781707022138
dma_hardened2,xilinx_u280_xdma_201920_3,3,2,6,3072,256,Allreduce,1482.691400008207,50.919208137028455,2466.684700004862,30.606859482223726
dma_hardened2,xilinx_u280_xdma_201920_3,3,2,6,3072,256,Allreduce,1485.1147000058518,50.836121950515015,2351.222000004327,32.109886688650015
dma_hardened2,xilinx_u280_xdma_201920_3,3,2,6,3072,256,Allreduce,1471.2832999975944,51.31402769277911,2535.4910999908498,29.77627174485939
dma_hardened2,xilinx_u280_xdma_201920_3,3,2,6,3072,256,Allreduce,1415.725599997586,53.32775786503313,2395.7504000009067,31.513079158818645
dma_hardened2,xilinx_u280_xdma_201920_3,3,2,6,3072,256,Allreduce,1491.8036000040047,50.60818461612328,2479.33829999738,30.45065370872534
dma_hardened2,xilinx_u280_xdma_201920_3,3,2,6,3072,256,Allreduce,1467.8595999953359,51.433714777789305,2411.3900999964244,31.308692857332353
dma_hardened2,xilinx_u280_xdma_201920_3,3,2,6,3072,256,Allreduce,1440.9666999995352,52.39362713935329,2403.9340000058473,31.405800658344347
dma_hardened2,xilinx_u280_xdma_201920_3,3,2,6,3072,256,Allreduce,1436.8295000053877,52.54448909889232,2400.788099998863,31.446953606624323
dma_hardened2,xilinx_u280_xdma_201920_3,3,2,6,3072,256,Allreduce,1446.970400002101,52.17623802110283,2338.4857999985798,32.28476820344424
dma_hardened2,xilinx_u280_xdma_201920_3,3,2,6,3072,256,Allreduce,1470.9203000052185,51.32669118764093,2451.07339999322,30.80179973403034
dma_hardened2,xilinx_u280_xdma_201920_3,3,2,6,3072,256,Allreduce,1490.6775000099515,50.64641547182137,2483.39219999707,30.400945931975254
dma_hardened2,xilinx_u280_xdma_201920_3,3,2,6,3072,256,Allreduce,1486.7554000034033,50.78002205327599,2426.660499997979,31.111674665682685
dma_hardened2,xilinx_u280_xdma_201920_3,3,2,6,3072,256,Allreduce,1471.249499991245,51.315206564521695,2545.4113000023426,29.660225048867552
dma_hardened2,xilinx_u280_xdma_201920_3,3,2,6,6144,256,Allreduce,2635.585699999865,57.29084962026001,4136.542699995971,36.50269197031305
dma_hardened2,xilinx_u280_xdma_201920_3,3,2,6,6144,256,Allreduce,2648.5586000035255,57.010233415186285,4124.459499996647,36.60963188027977
dma_hardened2,xilinx_u280_xdma_201920_3,3,2,6,6144,256,Allreduce,2615.6313999990743,57.727913803165634,4105.747599999177,36.776479879092
dma_hardened2,xilinx_u280_xdma_201920_3,3,2,6,6144,256,Allreduce,2567.971700000271,58.79930218856542,4191.983600003368,36.01992717716708
dma_hardened2,xilinx_u280_xdma_201920_3,3,2,6,6144,256,Allreduce,2590.822100000878,58.28070711607286,4129.373499995381,36.56606601465547
dma_hardened2,xilinx_u280_xdma_201920_3,3,2,6,6144,256,Allreduce,2589.270199996463,58.315638128537636,4212.073700000474,35.84812487967221
dma_hardened2,xilinx_u280_xdma_201920_3,3,2,6,6144,256,Allreduce,2614.400699997077,57.755088575430996,4194.1354999949,36.001446305247796
dma_hardened2,xilinx_u280_xdma_201920_3,3,2,6,6144,256,Allreduce,2609.122599994862,57.871923688176764,4186.75409999878,36.064918166568226
dma_hardened2,xilinx_u280_xdma_201920_3,3,2,6,6144,256,Allreduce,2618.9057000010507,57.65573918905878,4158.603000007588,36.30905474740543
dma_hardened2,xilinx_u280_xdma_201920_3,3,2,6,6144,256,Allreduce,2662.5543000022844,56.71055948037208,4125.2964000022985,36.60220487427664
dma_hardened2,xilinx_u280_xdma_201920_3,3,2,6,6144,256,Allreduce,2651.7450000028475,56.94172855981169,4230.463099997905,35.692296666072984
dma_hardened2,xilinx_u280_xdma_201920_3,3,2,6,6144,256,Allreduce,2628.788699996676,57.43898092691548,4209.6346999983325,35.868894752330846
dma_hardened2,xilinx_u280_xdma_201920_3,3,2,6,6144,256,Allreduce,2603.527999997368,57.99628196821875,4083.7266000039563,36.97479258279771
dma_hardened2,xilinx_u280_xdma_201920_3,3,2,6,6144,256,Allreduce,2593.584999999621,58.21862171473928,4148.804599992673,36.394807313958985
dma_hardened2,xilinx_u280_xdma_201920_3,3,2,6,6144,256,Allreduce,2586.538599996402,58.37722429512942,4183.7218999944525,36.09105662596747
dma_hardened2,xilinx_u280_xdma_201920_3,3,2,6,6144,256,Allreduce,2626.072300006399,57.49839560762744,4246.948399998018,35.5537505471153
dma_hardened2,xilinx_u280_xdma_201920_3,3,2,6,6144,256,Allreduce,2588.0872000016097,58.34229387630606,4200.344100001985,35.94823195555065
dma_hardened2,xilinx_u280_xdma_201920_3,3,2,6,6144,256,Allreduce,2622.5028999988353,57.57665472936829,4192.946600005598,36.01165442932147
dma_hardened2,xilinx_u280_xdma_201920_3,3,2,6,6144,256,Allreduce,2627.312399999937,57.47125617798767,4182.309999998779,36.10324055367586
dma_hardened2,xilinx_u280_xdma_201920_3,3,2,6,6144,256,Allreduce,2606.353700002728,57.9334048175587,4197.104800005036,35.97597658267166
dma_hardened2,xilinx_u280_xdma_201920_3,3,2,6,12288,256,Allreduce,4558.774000008725,66.24366287941056,7332.505399995171,41.18508906931032
dma_hardened2,xilinx_u280_xdma_201920_3,3,2,6,12288,256,Allreduce,4592.379199993957,65.7589181660777,7294.533300000694,41.39948034783408
dma_hardened2,xilinx_u280_xdma_201920_3,3,2,6,12288,256,Allreduce,4580.979100001059,65.92256402128754,7299.00590000625,41.37411205541585
dma_hardened2,xilinx_u280_xdma_201920_3,3,2,6,12288,256,Allreduce,4574.426900001072,66.0169884887502,7335.397600002125,41.16885061552935
dma_hardened2,xilinx_u280_xdma_201920_3,3,2,6,12288,256,Allreduce,4566.597299992736,66.13017705775816,7347.951799999919,41.098512377286326
dma_hardened2,xilinx_u280_xdma_201920_3,3,2,6,12288,256,Allreduce,4566.2700999969275,66.13491567224708,7268.4117999983755,41.54826340467769
dma_hardened2,xilinx_u280_xdma_201920_3,3,2,6,12288,256,Allreduce,4573.317599999882,66.03300151295151,7276.208700000097,41.503741914384065
dma_hardened2,xilinx_u280_xdma_201920_3,3,2,6,12288,256,Allreduce,4538.01180000255,66.54673925700904,7316.980400003104,41.27247463993096
dma_hardened2,xilinx_u280_xdma_201920_3,3,2,6,12288,256,Allreduce,4572.559899997941,66.04394356870776,7305.130700001428,41.33942298937115
dma_hardened2,xilinx_u280_xdma_201920_3,3,2,6,12288,256,Allreduce,4584.158900001967,65.87683686092785,7317.771200007428,41.268014501422705
dma_hardened2,xilinx_u280_xdma_201920_3,3,2,6,12288,256,Allreduce,4585.8055000053355,65.85318282680079,7303.734499998882,41.34732553600439
dma_hardened2,xilinx_u280_xdma_201920_3,3,2,6,12288,256,Allreduce,4606.882600000972,65.55189576568247,7323.227099993801,41.23726929078243
dma_hardened2,xilinx_u280_xdma_201920_3,3,2,6,12288,256,Allreduce,4579.663700008041,65.94149871735554,7338.529300000118,41.151281906034654
dma_hardened2,xilinx_u280_xdma_201920_3,3,2,6,12288,256,Allreduce,4559.749200006991,66.22949525371637,7315.579900000557,41.280375872865115
dma_hardened2,xilinx_u280_xdma_201920_3,3,2,6,12288,256,Allreduce,4575.053399992157,66.00794823520917,7321.558499995717,41.24666735916631
dma_hardened2,xilinx_u280_xdma_201920_3,3,2,6,12288,256,Allreduce,4558.4867000002305,66.24783790637905,7319.4768999996995,41.258397577566285
dma_hardened2,xilinx_u280_xdma_201920_3,3,2,6,12288,256,Allreduce,4593.0902000009155,65.74873883381167,7331.80419999826,41.189027933952694
dma_hardened2,xilinx_u280_xdma_201920_3,3,2,6,12288,256,Allreduce,4587.125399996239,65.83423422438977,7297.973000004276,41.37996783488005
dma_hardened2,xilinx_u280_xdma_201920_3,3,2,6,12288,256,Allreduce,4558.36090000048,66.24966619031157,7316.110299996126,41.27738314718409
dma_hardened2,xilinx_u280_xdma_201920_3,3,2,6,12288,256,Allreduce,4562.615699990147,66.1878860410383,7292.085699998552,41.41337614834394
dma_hardened2,xilinx_u280_xdma_201920_3,3,2,6,24576,256,Allreduce,8464.206700000432,71.35692657410756,13268.544700008533,45.519669990606545
dma_hardened2,xilinx_u280_xdma_201920_3,3,2,6,24576,256,Allreduce,8442.889399998421,71.53709439805205,13324.08089999717,45.32993911798661
dma_hardened2,xilinx_u280_xdma_201920_3,3,2,6,24576,256,Allreduce,8458.408299998155,71.40584310645441,13240.555800007314,45.61589295214227
dma_hardened2,xilinx_u280_xdma_201920_3,3,2,6,24576,256,Allreduce,8464.605999995456,71.35356046109226,13307.645700001558,45.385922470112746
dma_hardened2,xilinx_u280_xdma_201920_3,3,2,6,24576,256,Allreduce,8439.272099997197,71.56775712921979,13304.473899995628,45.39674251983752
dma_hardened2,xilinx_u280_xdma_201920_3,3,2,6,24576,256,Allreduce,8464.322000008906,71.35595455836446,13301.251600000796,45.407740125746045
dma_hardened2,xilinx_u280_xdma_201920_3,3,2,6,24576,256,Allreduce,8429.473600006077,71.65094816828949,13323.505800008206,45.33189575371581
dma_hardened2,xilinx_u280_xdma_201920_3,3,2,6,24576,256,Allreduce,8459.373000005144,71.39770004226467,13330.879000000095,45.30682305345324
dma_hardened2,xilinx_u280_xdma_201920_3,3,2,6,24576,256,Allreduce,8462.381899994398,71.37231374542431,13277.204700000311,45.489979980498894
dma_hardened2,xilinx_u280_xdma_201920_3,3,2,6,24576,256,Allreduce,8455.67830000391,71.42889719441203,13298.615300004712,45.41674169639195
dma_hardened2,xilinx_u280_xdma_201920_3,3,2,6,24576,256,Allreduce,8446.421199994347,71.50718176360944,13314.847400010876,45.36137425048571
dma_hardened2,xilinx_u280_xdma_201920_3,3,2,6,24576,256,Allreduce,8484.163499997521,71.18907786255846,13262.535399996978,45.5402951082896
dma_hardened2,xilinx_u280_xdma_201920_3,3,2,6,24576,256,Allreduce,8446.244499998556,71.50867773246479,13264.427899991915,45.53379765442942
dma_hardened2,xilinx_u280_xdma_201920_3,3,2,6,24576,256,Allreduce,8447.005599998647,71.50223459069291,13315.544499994303,45.35899947615799
dma_hardened2,xilinx_u280_xdma_201920_3,3,2,6,24576,256,Allreduce,8446.793400003116,71.50403086688223,13330.323000002409,45.308712774618506
dma_hardened2,xilinx_u280_xdma_201920_3,3,2,6,24576,256,Allreduce,8448.139699999047,71.49263594683077,13335.188199994263,45.292182378067956
dma_hardened2,xilinx_u280_xdma_201920_3,3,2,6,24576,256,Allreduce,8438.864800007195,71.57121133158633,13300.692899997557,45.409647492884446
dma_hardened2,xilinx_u280_xdma_201920_3,3,2,6,24576,256,Allreduce,8446.011800003816,71.51064790126472,13300.738399993861,45.40949215272731
dma_hardened2,xilinx_u280_xdma_201920_3,3,2,6,24576,256,Allreduce,8449.833100007709,71.47830837030958,13318.634099994142,45.34847728869327
dma_hardened2,xilinx_u280_xdma_201920_3,3,2,6,24576,256,Allreduce,8462.059000009958,71.3750372101269,13333.239199994296,45.29880300956863
experiment,board_instance,number of nodes,rank id,number of banks,buffer size[KB],segment_size[KB],collective name,execution_time[us],throughput[Gbps],execution_time_fullpath[us],throughput_fullpath[Gbps]
dma_hardened2,xilinx_u280_xdma_201920_3,3,2,6,24,512,Allreduce,261.3567000025796,2.2567778059417587,438.3522000011908,1.3455481687975965
dma_hardened2,xilinx_u280_xdma_201920_3,3,2,6,24,512,Allreduce,287.89039999992383,2.0487796744877773,396.14370000435883,1.488914250039847
dma_hardened2,xilinx_u280_xdma_201920_3,3,2,6,24,512,Allreduce,265.09410000699063,2.224960872325888,398.3855000001313,1.480535812673417
dma_hardened2,xilinx_u280_xdma_201920_3,3,2,6,24,512,Allreduce,263.54630000469115,2.2380280049065426,417.8367999998045,1.4116133380312026
dma_hardened2,xilinx_u280_xdma_201920_3,3,2,6,24,512,Allreduce,279.8380000058387,2.1077337602030233,389.93840000784985,1.5126081452560873
dma_hardened2,xilinx_u280_xdma_201920_3,3,2,6,24,512,Allreduce,255.17590000845303,2.311440853076099,400.0975000053586,1.474200663568506
dma_hardened2,xilinx_u280_xdma_201920_3,3,2,6,24,512,Allreduce,241.14159999726326,2.445965358141001,410.61209999497805,1.4364506063197207
dma_hardened2,xilinx_u280_xdma_201920_3,3,2,6,24,512,Allreduce,239.82300000398027,2.4594138176497284,399.5130000021163,1.4763574652060774
dma_hardened2,xilinx_u280_xdma_201920_3,3,2,6,24,512,Allreduce,250.3575999980967,2.3559260833483147,410.2701999954661,1.437647677083342
dma_hardened2,xilinx_u280_xdma_201920_3,3,2,6,24,512,Allreduce,241.71989999786092,2.440113536391582,473.4503000008772,1.2457991894796714
dma_hardened2,xilinx_u280_xdma_201920_3,3,2,6,24,512,Allreduce,254.73499999861815,2.3154415372964046,396.37070000253516,1.488061554489844
dma_hardened2,xilinx_u280_xdma_201920_3,3,2,6,24,512,Allreduce,244.27780000451094,2.414562436656577,436.9051999901785,1.3500045319059124
dma_hardened2,xilinx_u280_xdma_201920_3,3,2,6,24,512,Allreduce,242.25290000003952,2.43474484722331,393.49290000245674,1.4989444536262726
dma_hardened2,xilinx_u280_xdma_201920_3,3,2,6,24,512,Allreduce,259.2597999978352,2.2750306835264276,495.1151000000209,1.191286632138618
dma_hardened2,xilinx_u280_xdma_201920_3,3,2,6,24,512,Allreduce,253.21790000134573,2.329314001880852,411.7323999935252,1.432542107469015
dma_hardened2,xilinx_u280_xdma_201920_3,3,2,6,24,512,Allreduce,242.91600000196922,2.428098601966188,423.03530000253886,1.3942666250226876
dma_hardened2,xilinx_u280_xdma_201920_3,3,2,6,24,512,Allreduce,245.70990000256643,2.4004893575465998,412.31260000813563,1.4305262560211882
dma_hardened2,xilinx_u280_xdma_201920_3,3,2,6,24,512,Allreduce,316.9704000015372,1.8608172876620013,443.9027999978862,1.3287233151104447
dma_hardened2,xilinx_u280_xdma_201920_3,3,2,6,24,512,Allreduce,249.8593000041183,2.360624559463179,429.02889999822946,1.3747885049292345
dma_hardened2,xilinx_u280_xdma_201920_3,3,2,6,24,512,Allreduce,264.25559999552206,2.232020816247583,415.38839999475385,1.4199337295106198
dma_hardened2,xilinx_u280_xdma_201920_3,3,2,6,48,512,Allreduce,273.63000000377724,4.311106238291547,498.48349999592756,2.366473514187806
dma_hardened2,xilinx_u280_xdma_201920_3,3,2,6,48,512,Allreduce,280.9190999983002,4.199244551214702,432.8660999931344,2.725203013168992
dma_hardened2,xilinx_u280_xdma_201920_3,3,2,6,48,512,Allreduce,255.84250000747488,4.610836745128485,450.7353000008152,2.617163554746803
dma_hardened2,xilinx_u280_xdma_201920_3,3,2,6,48,512,Allreduce,243.37629999990895,4.847012630237378,432.99399999341404,2.7243980286515352
dma_hardened2,xilinx_u280_xdma_201920_3,3,2,6,48,512,Allreduce,317.28989999919577,3.7178870175287333,440.4232999945634,2.6784413994776424
dma_hardened2,xilinx_u280_xdma_201920_3,3,2,6,48,512,Allreduce,315.20100000079765,3.742526197559699,471.6075999908753,2.5013337359763157
dma_hardened2,xilinx_u280_xdma_201920_3,3,2,6,48,512,Allreduce,271.6886000030172,4.3419120271770675,389.83069999858344,3.0260520785158445
dma_hardened2,xilinx_u280_xdma_201920_3,3,2,6,48,512,Allreduce,264.56859999370863,4.458760412339377,419.93669999556005,2.8091090871849786
dma_hardened2,xilinx_u280_xdma_201920_3,3,2,6,48,512,Allreduce,322.8033000027608,3.6543864328211972,511.2790999987737,2.3072486240936296
dma_hardened2,xilinx_u280_xdma_201920_3,3,2,6,48,512,Allreduce,314.9744999973336,3.74521747001737,524.6058000011544,2.248636976559169
dma_hardened2,xilinx_u280_xdma_201920_3,3,2,6,48,512,Allreduce,260.71369999272065,4.524687425451508,425.8977000063169,2.76979190069001
dma_hardened2,xilinx_u280_xdma_201920_3,3,2,6,48,512,Allreduce,272.12859999963257,4.334891665196502,628.7412000006043,1.8762059810918488
dma_hardened2,xilinx_u280_xdma_201920_3,3,2,6,48,512,Allreduce,343.96970000898364,3.4295113783835918,461.6134000002603,2.55548907375595
dma_hardened2,xilinx_u280_xdma_201920_3,3,2,6,48,512,Allreduce,301.99439999023525,3.906191638116942,490.95979999265177,2.4027384727174317
dma_hardened2,xilinx_u280_xdma_201920_3,3,2,6,48,512,Allreduce,324.193800008743,3.6387123997071718,426.4972999976635,2.7658979318426224
dma_hardened2,xilinx_u280_xdma_201920_3,3,2,6,48,512,Allreduce,344.76700000141136,3.4215803716572957,481.38449999441946,2.450531747519239
dma_hardened2,xilinx_u280_xdma_201920_3,3,2,6,48,512,Allreduce,303.7339000002248,3.8838206732904257,458.9941000062936,2.5700722514381447
dma_hardened2,xilinx_u280_xdma_201920_3,3,2,6,48,512,Allreduce,288.17300000127943,4.093541032625412,460.5814999990798,2.561214464763254
dma_hardened2,xilinx_u280_xdma_201920_3,3,2,6,48,512,Allreduce,266.711500000838,4.422936393804894,496.96789999416063,2.373690534165005
dma_hardened2,xilinx_u280_xdma_201920_3,3,2,6,48,512,Allreduce,350.9900000040034,3.3609162653823326,461.3757000015539,2.5568056575065112
dma_hardened2,xilinx_u280_xdma_201920_3,3,2,6,96,512,Allreduce,341.5915000005043,6.9067760760924,445.31110000889385,5.298084866855731
dma_hardened2,xilinx_u280_xdma_201920_3,3,2,6,96,512,Allreduce,343.7165000036657,6.864075480737289,528.5079999907794,4.464068661290201
dma_hardened2,xilinx_u280_xdma_201920_3,3,2,6,96,512,Allreduce,349.13540000616194,6.757538765643244,528.1658000058087,4.466960942897198
dma_hardened2,xilinx_u280_xdma_201920_3,3,2,6,96,512,Allreduce,337.057400008689,6.999686106696306,459.6619999915674,5.1326757487964665
dma_hardened2,xilinx_u280_xdma_201920_3,3,2,6,96,512,Allreduce,285.8809000031215,8.252723424244989,498.690299991722,4.7309843404597265
dma_hardened2,xilinx_u280_xdma_201920_3,3,2,6,96,512,Allreduce,344.24389999685445,6.853559351441109,492.8276999976334,4.787263378278716
dma_hardened2,xilinx_u280_xdma_201920_3,3,2,6,96,512,Allreduce,307.5799000043844,7.670514230501959,460.7555000006869,5.120494492190507
dma_hardened2,xilinx_u280_xdma_201920_3,3,2,6,96,512,Allreduce,305.67299999120223,7.718365704749534,442.7975999988121,5.328158960225461
dma_hardened2,xilinx_u280_xdma_201920_3,3,2,6,96,512,Allreduce,354.17199999301374,6.66144133372073,546.94789999985,4.313566246438914
dma_hardened2,xilinx_u280_xdma_201920_3,3,2,6,96,512,Allreduce,386.6301000016392,6.102204665363605,448.58779999685794,5.259385119293314
dma_hardened2,xilinx_u280_xdma_201920_3,3,2,6,96,512,Allreduce,292.03139999935956,8.07891206221377,438.5643000091477,5.379589720254907
dma_hardened2,xilinx_u280_xdma_201920_3,3,2,6,96,512,Allreduce,347.7843000041503,6.78379098760883,491.80319999777566,4.797235967579452
dma_hardened2,xilinx_u280_xdma_201920_3,3,2,6,96,512,Allreduce,400.21379999188866,5.89508907500895,516.1611999938032,4.570851121758715
dma_hardened2,xilinx_u280_xdma_201920_3,3,2,6,96,512,Allreduce,337.63290000479174,6.987755043914608,548.931600008018,4.2979781086851965
dma_hardened2,xilinx_u280_xdma_201920_3,3,2,6,96,512,Allreduce,304.4086000045354,7.750424922176472,489.4521000096575,4.820279655462604
dma_hardened2,xilinx_u280_xdma_201920_3,3,2,6,96,512,Allreduce,373.2578000040121,6.320821694749957,514.416299995446,4.586355447953119
dma_hardened2,xilinx_u280_xdma_201920_3,3,2,6,96,512,Allreduce,391.5339000059248,6.025777078215445,499.60180000425675,4.7223528817948575
dma_hardened2,xilinx_u280_xdma_201920_3,3,2,6,96,512,Allreduce,346.2799999965682,6.813260944967603,514.7878999991917,4.583044784082346
dma_hardened2,xilinx_u280_xdma_201920_3,3,2,6,96,512,Allreduce,393.59369999374394,5.994242285985524,452.72070000237363,5.211372044590914
dma_hardened2,xilinx_u280_xdma_201920_3,3,2,6,96,512,Allreduce,337.7279999995153,6.9857873792027485,512.0344999909321,4.607689521002554
dma_hardened2,xilinx_u280_xdma_201920_3,3,2,6,192,512,Allreduce,406.15130000105637,11.61781828591396,551.8600999948831,8.55034092887627
dma_hardened2,xilinx_u280_xdma_201920_3,3,2,6,192,512,Allreduce,427.8279000004659,11.02918252875715,572.5345999962883,8.241584002138195
dma_hardened2,xilinx_u280_xdma_201920_3,3,2,6,192,512,Allreduce,431.76689999882,10.928563537438594,562.1124000072086,8.39439229581039
dma_hardened2,xilinx_u280_xdma_201920_3,3,2,6,192,512,Allreduce,409.6792000041205,11.5177729305089,577.0465999944463,8.17714201945807
dma_hardened2,xilinx_u280_xdma_201920_3,3,2,6,192,512,Allreduce,413.91470000462505,11.399914040132606,590.9602999963681,7.984617579267168
dma_hardened2,xilinx_u280_xdma_201920_3,3,2,6,192,512,Allreduce,423.0669000094167,11.153299867928624,562.7795000009428,8.384441863984199
dma_hardened2,xilinx_u280_xdma_201920_3,3,2,6,192,512,Allreduce,396.6674000025705,11.895588092112996,516.6574000099899,9.132922512885255
dma_hardened2,xilinx_u280_xdma_201920_3,3,2,6,192,512,Allreduce,415.6094999984816,11.353426714300898,533.0737000008412,8.851669103151316
dma_hardened2,xilinx_u280_xdma_201920_3,3,2,6,192,512,Allreduce,371.61390000619576,12.697565941212988,588.6164000003191,8.016412726518395
dma_hardened2,xilinx_u280_xdma_201920_3,3,2,6,192,512,Allreduce,391.4923999900566,12.052831677242896,551.6370999998799,8.553797415005313
dma_hardened2,xilinx_u280_xdma_201920_3,3,2,6,192,512,Allreduce,410.7620000013412,11.487411201582894,552.3099000015463,8.543377549427937
dma_hardened2,xilinx_u280_xdma_201920_3,3,2,6,192,512,Allreduce,378.0071999926804,12.482809851482642,537.9995999987841,8.770623621301324
dma_hardened2,xilinx_u280_xdma_201920_3,3,2,6,192,512,Allreduce,366.31189999525304,12.881350565081688,557.8711999987718,8.458210425650918
dma_hardened2,xilinx_u280_xdma_201920_3,3,2,6,192,512,Allreduce,416.3295000012113,11.333792104538043,563.131700005215,8.379197974392675
dma_hardened2,xilinx_u280_xdma_201920_3,3,2,6,192,512,Allreduce,429.8814999970091,10.976494685239606,584.1020000048047,8.078369873688475
dma_hardened2,xilinx_u280_xdma_201920_3,3,2,6,192,512,Allreduce,405.25539999407556,11.643501851101753,574.7557000063352,8.209735022981048
dma_hardened2,xilinx_u280_xdma_201920_3,3,2,6,192,512,Allreduce,425.06849999881524,11.100780227217852,647.0750999937991,7.292186022990559
dma_hardened2,xilinx_u280_xdma_201920_3,3,2,6,192,512,Allreduce,329.98689999885755,14.299331276533513,621.6763999987052,7.590109581141938
dma_hardened2,xilinx_u280_xdma_201920_3,3,2,6,192,512,Allreduce,383.637299989914,12.299617373295176,569.1594000040823,8.29045782247672
dma_hardened2,xilinx_u280_xdma_201920_3,3,2,6,192,512,Allreduce,403.2462000054693,11.701516343950672,607.6424000070801,7.765409392012505
dma_hardened2,xilinx_u280_xdma_201920_3,3,2,6,384,512,Allreduce,472.436299992296,19.975569193463524,710.8187999961046,13.276497470314117
dma_hardened2,xilinx_u280_xdma_201920_3,3,2,6,384,512,Allreduce,451.43390000248473,20.904907672968417,717.4319999990075,13.154116348327165
dma_hardened2,xilinx_u280_xdma_201920_3,3,2,6,384,512,Allreduce,511.4366000043447,18.45230474299225,692.4668999999994,13.628353932873914
dma_hardened2,xilinx_u280_xdma_201920_3,3,2,6,384,512,Allreduce,499.3397000021104,18.899326450430667,732.4565999965671,12.884291028361584
dma_hardened2,xilinx_u280_xdma_201920_3,3,2,6,384,512,Allreduce,501.2358000044514,18.827833127474513,753.1064999966475,12.531008562589767
dma_hardened2,xilinx_u280_xdma_201920_3,3,2,6,384,512,Allreduce,493.2671999995364,19.13199174810097,738.0161000014596,12.787233232420453
dma_hardened2,xilinx_u280_xdma_201920_3,3,2,6,384,512,Allreduce,524.163199997929,18.004285688192695,749.4930999996541,12.591422122504337
dma_hardened2,xilinx_u280_xdma_201920_3,3,2,6,384,512,Allreduce,494.2353000046751,19.094516316237897,731.0004000032677,12.909957367954675
dma_hardened2,xilinx_u280_xdma_201920_3,3,2,6,384,512,Allreduce,547.1473999932641,17.24797376377221,698.9766999936364,13.501428588515063
dma_hardened2,xilinx_u280_xdma_201920_3,3,2,6,384,512,Allreduce,487.54289999806133,19.35662277111927,715.1294999971469,13.196468611681732
dma_hardened2,xilinx_u280_xdma_201920_3,3,2,6,384,512,Allreduce,471.8789000094148,19.99916503961443,742.6798999972561,12.706933363936288
dma_hardened2,xilinx_u280_xdma_201920_3,3,2,6,384,512,Allreduce,490.01119999729787,19.259118975345952,729.007500001444,12.945249534444168
dma_hardened2,xilinx_u280_xdma_201920_3,3,2,6,384,512,Allreduce,501.6514999965693,18.81223120047391,732.4579000055564,12.884268160570608
dma_hardened2,xilinx_u280_xdma_201920_3,3,2,6,384,512,Allreduce,474.62029999678634,19.883650151634683,778.6343000020679,12.1201750295035
dma_hardened2,xilinx_u280_xdma_201920_3,3,2,6,384,512,Allreduce,479.0152000055059,19.701220336831746,742.4050000054194,12.711638526048601
dma_hardened2,xilinx_u280_xdma_201920_3,3,2,6,384,512,Allreduce,483.97729999578587,19.499228579692005,754.6024000021134,12.506167486312751
dma_hardened2,xilinx_u280_xdma_201920_3,3,2,6,384,512,Allreduce,475.9703999980047,19.827249761833006,756.0102000070401,12.482879199132658
dma_hardened2,xilinx_u280_xdma_201920_3,3,2,6,384,512,Allreduce,480.0191000072118,19.660017694833844,693.5118000001239,13.60782037161922
dma_hardened2,xilinx_u280_xdma_201920_3,3,2,6,384,512,Allreduce,472.44840000075783,19.975057593559132,694.4900000007692,13.58865354431244
dma_hardened2,xilinx_u280_xdma_201920_3,3,2,6,384,512,Allreduce,470.47609999708584,20.058795760418974,724.6314999974857,13.023425009860523
dma_hardened2,xilinx_u280_xdma_201920_3,3,2,6,768,512,Allreduce,650.6820000026892,29.00705413692402,944.4822000091335,19.983826058148555
dma_hardened2,xilinx_u280_xdma_201920_3,3,2,6,768,512,Allreduce,583.691900010308,32.33618283835475,959.6895000072436,19.667161097269002
dma_hardened2,xilinx_u280_xdma_201920_3,3,2,6,768,512,Allreduce,603.4892999991825,31.275397923418964,940.4829999994035,20.068802944882545
dma_hardened2,xilinx_u280_xdma_201920_3,3,2,6,768,512,Allreduce,635.3451999984827,29.70726464927267,985.0550999999541,19.16072309051634
dma_hardened2,xilinx_u280_xdma_201920_3,3,2,6,768,512,Allreduce,650.5875000016204,29.011267508141472,917.2750999937307,20.576562036982146
dma_hardened2,xilinx_u280_xdma_201920_3,3,2,6,768,512,Allreduce,635.506899993743,29.699705857144636,955.5555000019922,19.752246729740605
dma_hardened2,xilinx_u280_xdma_201920_3,3,2,6,768,512,Allreduce,660.1886999987983,28.589353316762853,953.3555999951204,19.797825701235304
dma_hardened2,xilinx_u280_xdma_201920_3,3,2,6,768,512,Allreduce,638.4045000004335,29.56490438270279,922.7201000044261,20.455139104382212
dma_hardened2,xilinx_u280_xdma_201920_3,3,2,6,768,512,Allreduce,609.8135999991428,30.951044712722922,930.8643000053962,20.276175592823343
dma_hardened2,xilinx_u280_xdma_201920_3,3,2,6,768,512,Allreduce,627.1786000070279,30.09408803136539,951.4840999941043,19.836766584031146
dma_hardened2,xilinx_u280_xdma_201920_3,3,2,6,768,512,Allreduce,651.3335999898118,28.97803521927202,1005.2614000073845,18.775582151927203
dma_hardened2,xilinx_u280_xdma_201920_3,3,2,6,768,512,Allreduce,627.9574000018329,30.056764997028317,911.7945999946642,20.700241041250358
dma_hardened2,xilinx_u280_xdma_201920_3,3,2,6,768,512,Allreduce,656.5119000015329,28.749468212161776,964.905400007865,19.56084814101585
dma_hardened2,xilinx_u280_xdma_201920_3,3,2,6,768,512,Allreduce,627.4265000001833,30.082197675734907,920.4791000001933,20.50493922132076
dma_hardened2,xilinx_u280_xdma_201920_3,3,2,6,768,512,Allreduce,635.6426999900577,29.69336075171668,987.5994000026367,19.111360334918803
dma_hardened2,xilinx_u280_xdma_201920_3,3,2,6,768,512,Allreduce,646.9013000014456,29.176580724073084,949.9745999960396,19.868287004809062
dma_hardened2,xilinx_u280_xdma_201920_3,3,2,6,768,512,Allreduce,643.9067999963299,29.31226693072286,944.7587999943607,19.9779753309656
dma_hardened2,xilinx_u280_xdma_201920_3,3,2,6,768,512,Allreduce,632.1096999954534,29.859323468910155,974.057099995207,19.377065266597693
dma_hardened2,xilinx_u280_xdma_201920_3,3,2,6,768,512,Allreduce,615.5524000064361,30.662487872360916,963.9958999969167,19.57930319004507
dma_hardened2,xilinx_u280_xdma_201920_3,3,2,6,768,512,Allreduce,639.8876000048404,29.496380301567378,949.4108000012602,19.880085627817742
dma_hardened2,xilinx_u280_xdma_201920_3,3,2,6,1536,512,Allreduce,860.73510000233,43.856392053603734,1428.3298999998806,26.428583480611273
dma_hardened2,xilinx_u280_xdma_201920_3,3,2,6,1536,512,Allreduce,904.6199999943383,41.72883199601629,1413.3648999973047,26.70841479088096
dma_hardened2,xilinx_u280_xdma_201920_3,3,2,6,1536,512,Allreduce,881.294999999227,42.83325787623112,1442.6857999978893,26.165597526540587
dma_hardened2,xilinx_u280_xdma_201920_3,3,2,6,1536,512,Allreduce,868.9506999985497,43.4417464650906,1437.132000000929,26.26671453977477
dma_hardened2,xilinx_u280_xdma_201920_3,3,2,6,1536,512,Allreduce,913.8070000062726,41.30930929588073,1441.627199994855,26.184811163478827
dma_hardened2,xilinx_u280_xdma_201920_3,3,2,6,1536,512,Allreduce,881.4013000005616,42.8280920393196,1395.6301999996867,27.047806790085563
dma_hardened2,xilinx_u280_xdma_201920_3,3,2,6,1536,512,Allreduce,849.7694999960004,44.422323936288215,1441.5076000091176,26.186983682750782
dma_hardened2,xilinx_u280_xdma_201920_3,3,2,6,1536,512,Allreduce,869.4033999972817,43.41912626534245,1397.0708999977433,27.019914307900176
dma_hardened2,xilinx_u280_xdma_201920_3,3,2,6,1536,512,Allreduce,920.9377000047425,40.98945672416887,1424.6129999946788,26.497537225998215
dma_hardened2,xilinx_u280_xdma_201920_3,3,2,6,1536,512,Allreduce,866.285400002198,43.57540367170475,1364.7316000060528,27.660190472494797
dma_hardened2,xilinx_u280_xdma_201920_3,3,2,6,1536,512,Allreduce,868.3197000095788,43.47331518516,1405.0501999918197,26.866467831697243
dma_hardened2,xilinx_u280_xdma_201920_3,3,2,6,1536,512,Allreduce,888.4487999921475,42.488363989386485,1433.3740999973088,26.335578409063533
dma_hardened2,xilinx_u280_xdma_201920_3,3,2,6,1536,512,Allreduce,868.7102999942908,43.453768189749894,1424.9371999994764,26.49150853807022
dma_hardened2,xilinx_u280_xdma_201920_3,3,2,6,1536,512,Allreduce,869.199299995671,43.429321675924044,1424.480000002859,26.500011232115746
dma_hardened2,xilinx_u280_xdma_201920_3,3,2,6,1536,512,Allreduce,915.5658000054245,41.229954198569175,1405.8125000019572,26.851899524259064
dma_hardened2,xilinx_u280_xdma_201920_3,3,2,6,1536,512,Allreduce,870.3770000010991,43.37055781569634,1408.4304999983033,26.801987034536296
dma_hardened2,xilinx_u280_xdma_201920_3,3,2,6,1536,512,Allreduce,878.4191000017927,42.973491810370426,1408.9643000033902,26.791832837715738
dma_hardened2,xilinx_u280_xdma_201920_3,3,2,6,1536,512,Allreduce,846.8085000004066,44.577653625326,1419.1515999982585,26.59950917156865
dma_hardened2,xilinx_u280_xdma_201920_3,3,2,6,1536,512,Allreduce,864.3854999945688,43.67118143494678,1387.1356000095147,27.21344329980506
dma_hardened2,xilinx_u280_xdma_201920_3,3,2,6,1536,512,Allreduce,884.7780999985844,42.66463647784727,1391.93750000004,27.11956248035484
dma_hardened2,xilinx_u280_xdma_201920_3,3,2,6,3072,512,Allreduce,1395.3887000070608,54.104975910739405,2471.1002000003646,30.552169434484636
dma_hardened2,xilinx_u280_xdma_201920_3,3,2,6,3072,512,Allreduce,1380.4917000015848,54.688827176514955,2442.0059000021865,30.916171005128366
dma_hardened2,xilinx_u280_xdma_201920_3,3,2,6,3072,512,Allreduce,1406.9596000013007,53.6600141183373,2409.4240999943395,31.334239580394904
dma_hardened2,xilinx_u280_xdma_201920_3,3,2,6,3072,512,Allreduce,1422.3639999954685,53.07886870044555,2403.734600000007,31.40840590304761
dma_hardened2,xilinx_u280_xdma_201920_3,3,2,6,3072,512,Allreduce,1412.4831000003724,53.45017720918579,2413.4812999932365,31.281564932867543
dma_hardened2,xilinx_u280_xdma_201920_3,3,2,6,3072,512,Allreduce,1388.8436999991427,54.3599484953178,2367.5710000020445,31.888155413263135
dma_hardened2,xilinx_u280_xdma_201920_3,3,2,6,3072,512,Allreduce,1401.3508000061847,53.87478424365034,2424.9913000062406,31.13308983822157
dma_hardened2,xilinx_u280_xdma_201920_3,3,2,6,3072,512,Allreduce,1378.8488000045618,54.753988979611265,2389.8648999988836,31.590686151353268
dma_hardened2,xilinx_u280_xdma_201920_3,3,2,6,3072,512,Allreduce,1412.1896999995442,53.46128214929224,2366.014599999744,31.909131921674604
dma_hardened2,xilinx_u280_xdma_201920_3,3,2,6,3072,512,Allreduce,1400.304700007382,53.91503149250445,2389.4327999983034,31.596398944575302
dma_hardened2,xilinx_u280_xdma_201920_3,3,2,6,3072,512,Allreduce,1422.2237000012683,53.08410484224998,2410.848200008786,31.315730289333377
dma_hardened2,xilinx_u280_xdma_201920_3,3,2,6,3072,512,Allreduce,1365.6943000000865,55.2813847139841,2326.5720000040346,32.450090519386066
dma_hardened2,xilinx_u280_xdma_201920_3,3,2,6,3072,512,Allreduce,1377.4843000078363,54.808226852074114,2433.499699998265,31.024237233336756
dma_hardened2,xilinx_u280_xdma_201920_3,3,2,6,3072,512,Allreduce,1394.8536000043532,54.12573190459872,2472.511600001326,30.53472913937371
dma_hardened2,xilinx_u280_xdma_201920_3,3,2,6,3072,512,Allreduce,1373.1220999943616,54.98234425060234,2445.077400000173,30.877334189909348
dma_hardened2,xilinx_u280_xdma_201920_3,3,2,6,3072,512,Allreduce,1407.110399998146,53.65426337556703,2488.8768999971944,30.33395183188253
dma_hardened2,xilinx_u280_xdma_201920_3,3,2,6,3072,512,Allreduce,1432.2313999969083,52.71318028648371,2426.69389999719,31.11124645761356
dma_hardened2,xilinx_u280_xdma_201920_3,3,2,6,3072,512,Allreduce,1404.7275999928388,53.74527559676687,2423.4674000013,31.152666629623116
dma_hardened2,xilinx_u280_xdma_201920_3,3,2,6,3072,512,Allreduce,1433.74719999656,52.65745035120636,2401.9901000087884,31.43121697284421
dma_hardened2,xilinx_u280_xdma_201920_3,3,2,6,3072,512,Allreduce,1412.7293000001373,53.440862308152504,2518.4513999988667,29.977736318451086
dma_hardened2,xilinx_u280_xdma_201920_3,3,2,6,6144,512,Allreduce,2570.3866999947422,58.7440574604237,4020.1344000024615,37.559675616792205
dma_hardened2,xilinx_u280_xdma_201920_3,3,2,6,6144,512,Allreduce,2537.494900002457,59.50551624748242,4078.0556999948203,37.02620932818348
dma_hardened2,xilinx_u280_xdma_201920_3,3,2,6,6144,512,Allreduce,2598.158199998579,58.116147046043075,4043.442900001537,37.34316218486543
dma_hardened2,xilinx_u280_xdma_201920_3,3,2,6,6144,512,Allreduce,2555.3919999993013,59.0887597675978,4065.411800002039,37.1413651133507
dma_hardened2,xilinx_u280_xdma_201920_3,3,2,6,6144,512,Allreduce,2598.536799996509,58.107679675809415,4211.0802000024705,35.856582356211455
dma_hardened2,xilinx_u280_xdma_201920_3,3,2,6,6144,512,Allreduce,2585.251100003916,58.40629716771856,4120.329999989281,36.64632298878799
dma_hardened2,xilinx_u280_xdma_201920_3,3,2,6,6144,512,Allreduce,2610.572300000058,57.83978631811754,4149.589600001491,36.387922314039386
dma_hardened2,xilinx_u280_xdma_201920_3,3,2,6,6144,512,Allreduce,2596.2901999946553,58.1579609245187,4201.509300003181,35.938262471508914
dma_hardened2,xilinx_u280_xdma_201920_3,3,2,6,6144,512,Allreduce,2580.2569999996194,58.51934284066365,4207.404600003883,35.88790676320044
dma_hardened2,xilinx_u280_xdma_201920_3,3,2,6,6144,512,Allreduce,2611.275399999613,57.82421264337817,4177.871900003538,36.14159256531349
dma_hardened2,xilinx_u280_xdma_201920_3,3,2,6,6144,512,Allreduce,2575.139099997159,58.63564574052197,4098.943300004976,36.83752932123182
dma_hardened2,xilinx_u280_xdma_201920_3,3,2,6,6144,512,Allreduce,2565.8137000050374,58.84875585460611,4124.841899999865,36.606237926356634
dma_hardened2,xilinx_u280_xdma_201920_3,3,2,6,6144,512,Allreduce,2567.394899995179,58.81251224744722,4189.3036000033135,36.04297000577389
dma_hardened2,xilinx_u280_xdma_201920_3,3,2,6,6144,512,Allreduce,2606.332199991357,57.933882718596166,4140.69839999911,36.46605703038706
dma_hardened2,xilinx_u280_xdma_201920_3,3,2,6,6144,512,Allreduce,2573.2576999985213,58.67851634140132,4222.389899996415,35.76054025710137
dma_hardened2,xilinx_u280_xdma_201920_3,3,2,6,6144,512,Allreduce,2570.743699993727,58.73589965439512,4202.247499995337,35.931949272423275
dma_hardened2,xilinx_u280_xdma_201920_3,3,2,6,6144,512,Allreduce,2594.6060000023863,58.195712181295015,4145.0655999938135,36.42763675446424
dma_hardened2,xilinx_u280_xdma_201920_3,3,2,6,6144,512,Allreduce,2587.6951999975972,58.35113192625631,4036.077600005683,37.41130844456197
dma_hardened2,xilinx_u280_xdma_201920_3,3,2,6,6144,512,Allreduce,2550.8776999913607,59.19332941775742,4023.3082999975527,37.53004560950297
dma_hardened2,xilinx_u280_xdma_201920_3,3,2,6,6144,512,Allreduce,2552.5270999992244,59.15507968555785,4066.4862000085127,37.13155205092886
dma_hardened2,xilinx_u280_xdma_201920_3,3,2,6,12288,512,Allreduce,4501.536999998734,67.08595042095287,7194.293800000651,41.97630738961101
dma_hardened2,xilinx_u280_xdma_201920_3,3,2,6,12288,512,Allreduce,4484.303499998532,67.34376654035545,7246.770400001878,41.672341102447746
dma_hardened2,xilinx_u280_xdma_201920_3,3,2,6,12288,512,Allreduce,4526.841400002013,66.71094949336323,7212.021499992716,41.87312641820397
dma_hardened2,xilinx_u280_xdma_201920_3,3,2,6,12288,512,Allreduce,4533.0379999995785,66.61975655179333,7196.285099996658,41.96469203257946
dma_hardened2,xilinx_u280_xdma_201920_3,3,2,6,12288,512,Allreduce,4520.8983999941665,66.79864515433252,7200.344000000314,41.941036150493204
dma_hardened2,xilinx_u280_xdma_201920_3,3,2,6,12288,512,Allreduce,4490.988999998535,67.24351540386728,7239.743000002363,41.71279118608235
dma_hardened2,xilinx_u280_xdma_201920_3,3,2,6,12288,512,Allreduce,4515.788699995937,66.87422907991059,7230.033500002264,41.7688089550215
dma_hardened2,xilinx_u280_xdma_201920_3,3,2,6,12288,512,Allreduce,4555.543100002524,66.29064446779851,7303.230699994856,41.35017780558578
dma_hardened2,xilinx_u280_xdma_201920_3,3,2,6,12288,512,Allreduce,4489.878399999725,67.26014851538486,7226.169199998367,41.79114543845282
dma_hardened2,xilinx_u280_xdma_201920_3,3,2,6,12288,512,Allreduce,4527.070699998603,66.70757052680736,7256.462600003033,41.61668083287218
dma_hardened2,xilinx_u280_xdma_201920_3,3,2,6,12288,512,Allreduce,4519.520700000612,66.81900759962424,7229.0441000063765,41.77452562500395
dma_hardened2,xilinx_u280_xdma_201920_3,3,2,6,12288,512,Allreduce,4517.526699999053,66.84850097290256,7222.408699999505,41.81290488310647
dma_hardened2,xilinx_u280_xdma_201920_3,3,2,6,12288,512,Allreduce,4502.302299999883,67.0745471711235,7248.438099998111,41.662753248879746
dma_hardened2,xilinx_u280_xdma_201920_3,3,2,6,12288,512,Allreduce,4521.584499991604,66.7885092052489,7252.360799998314,41.640218451358656
dma_hardened2,xilinx_u280_xdma_201920_3,3,2,6,12288,512,Allreduce,4539.706599996407,66.52189548995061,7245.151400002214,41.68165319497778
dma_hardened2,xilinx_u280_xdma_201920_3,3,2,6,12288,512,Allreduce,4501.134499992077,67.09194937421479,7262.147100004768,41.58410506443772
dma_hardened2,xilinx_u280_xdma_201920_3,3,2,6,12288,512,Allreduce,4527.382100002342,66.7029822819337,7206.086899998354,41.90761118910029
dma_hardened2,xilinx_u280_xdma_201920_3,3,2,6,12288,512,Allreduce,4514.943599997423,66.88674649228672,7249.483300006432,41.6567464883645
dma_hardened2,xilinx_u280_xdma_201920_3,3,2,6,12288,512,Allreduce,4516.379099993628,66.86548700051021,7213.728100009575,41.863220211973214
dma_hardened2,xilinx_u280_xdma_201920_3,3,2,6,12288,512,Allreduce,4514.290600002369,66.89642177662233,7205.23239999693,41.912581195872136
dma_hardened2,xilinx_u280_xdma_201920_3,3,2,6,24576,512,Allreduce,8356.578300004003,72.27596682720136,13220.063599999321,45.686601386700666
dma_hardened2,xilinx_u280_xdma_201920_3,3,2,6,24576,512,Allreduce,8387.963200004833,72.00553478818934,13234.99659999925,45.63505335543753
dma_hardened2,xilinx_u280_xdma_201920_3,3,2,6,24576,512,Allreduce,8414.962800009107,71.7745033881013,13167.400899999393,45.86932383899907
dma_hardened2,xilinx_u280_xdma_201920_3,3,2,6,24576,512,Allreduce,8421.735399997488,71.71678369284555,13206.087300000036,45.73495254722406
dma_hardened2,xilinx_u280_xdma_201920_3,3,2,6,24576,512,Allreduce,8409.472299990739,71.82136458201606,13201.204799997868,45.7518677386247
dma_hardened2,xilinx_u280_xdma_201920_3,3,2,6,24576,512,Allreduce,8385.326400002668,72.02817722155787,13239.297500001612,45.620228414681854
dma_hardened2,xilinx_u280_xdma_201920_3,3,2,6,24576,512,Allreduce,8404.328200003874,71.86532482152727,13171.85600000812,45.85380951626162
dma_hardened2,xilinx_u280_xdma_201920_3,3,2,6,24576,512,Allreduce,8416.130000000521,71.76454926432488,13220.937900007357,45.683580133877186
dma_hardened2,xilinx_u280_xdma_201920_3,3,2,6,24576,512,Allreduce,8407.408699997632,71.83899314900323,13188.041600005818,45.79753342601934
dma_hardened2,xilinx_u280_xdma_201920_3,3,2,6,24576,512,Allreduce,8412.274900001648,71.7974368621598,13156.95449999339,45.90574330862841
dma_hardened2,xilinx_u280_xdma_201920_3,3,2,6,24576,512,Allreduce,8388.772800003608,71.99858553801103,13185.397800009468,45.806716275148425
dma_hardened2,xilinx_u280_xdma_201920_3,3,2,6,24576,512,Allreduce,8394.161199998962,71.95236803411336,13297.309199992924,45.421202659581795
dma_hardened2,xilinx_u280_xdma_201920_3,3,2,6,24576,512,Allreduce,8409.310800004732,71.82274390425195,13228.689499999291,45.65681097889798
dma_hardened2,xilinx_u280_xdma_201920_3,3,2,6,24576,512,Allreduce,8423.678799999834,71.70023814298473,13227.488300003643,45.66095711457433
dma_hardened2,xilinx_u280_xdma_201920_3,3,2,6,24576,512,Allreduce,8426.830799999152,71.67341914590962,13231.799100003627,45.646081189355
dma_hardened2,xilinx_u280_xdma_201920_3,3,2,6,24576,512,Allreduce,8394.103299997369,71.95286433992173,13203.386099996806,45.74430918142628
dma_hardened2,xilinx_u280_xdma_201920_3,3,2,6,24576,512,Allreduce,8396.748300003765,71.93019897949414,13195.374199995058,45.77208397774928
dma_hardened2,xilinx_u280_xdma_201920_3,3,2,6,24576,512,Allreduce,8416.834799993467,71.75853992054932,13210.789400000067,45.71867416189353
dma_hardened2,xilinx_u280_xdma_201920_3,3,2,6,24576,512,Allreduce,8440.233100009209,71.55960846618574,13293.688400005976,45.43357402598127
dma_hardened2,xilinx_u280_xdma_201920_3,3,2,6,24576,512,Allreduce,8461.88020000227,71.37654536870399,13244.741599999088,45.60147674002501
experiment,board_instance,number of nodes,rank id,number of banks,buffer size[KB],segment_size[KB],collective name,execution_time[us],throughput[Gbps],execution_time_fullpath[us],throughput_fullpath[Gbps]
dma_hardened2,xilinx_u280_xdma_201920_3,3,2,6,24,1024,Allreduce,317.6546000076996,1.856809251261286,431.59699999932855,1.3666082016346677
dma_hardened2,xilinx_u280_xdma_201920_3,3,2,6,24,1024,Allreduce,275.8973000027254,2.137838971219267,476.03380000964535,1.2390380682801285
dma_hardened2,xilinx_u280_xdma_201920_3,3,2,6,24,1024,Allreduce,317.4966999949902,1.857732694573855,452.43880000498393,1.3036547705314017
dma_hardened2,xilinx_u280_xdma_201920_3,3,2,6,24,1024,Allreduce,259.4506000036745,2.2733576256583974,430.01550000099087,1.37163427829611
dma_hardened2,xilinx_u280_xdma_201920_3,3,2,6,24,1024,Allreduce,337.0299999915005,1.750063792584858,448.57039999897097,1.3148972825700338
dma_hardened2,xilinx_u280_xdma_201920_3,3,2,6,24,1024,Allreduce,261.71260000182883,2.253708839375247,440.25059999057703,1.339746044667797
dma_hardened2,xilinx_u280_xdma_201920_3,3,2,6,24,1024,Allreduce,269.0912000048229,2.1919111438405587,456.9125999978496,1.2908902052663374
dma_hardened2,xilinx_u280_xdma_201920_3,3,2,6,24,1024,Allreduce,298.9116999970065,1.9732382506469532,472.0501000065269,1.2494944921986981
dma_hardened2,xilinx_u280_xdma_201920_3,3,2,6,24,1024,Allreduce,296.3085999908799,1.9905733415032647,430.8651999963331,1.3689293078322866
dma_hardened2,xilinx_u280_xdma_201920_3,3,2,6,24,1024,Allreduce,243.63070000390508,2.420975681597376,379.8387999950137,1.552827146694184
dma_hardened2,xilinx_u280_xdma_201920_3,3,2,6,24,1024,Allreduce,290.49830000076327,2.0303870969243203,422.094099997139,1.3973756089080562
dma_hardened2,xilinx_u280_xdma_201920_3,3,2,6,24,1024,Allreduce,280.6175000046096,2.101878892051676,541.1413000047105,1.0899630096517596
dma_hardened2,xilinx_u280_xdma_201920_3,3,2,6,24,1024,Allreduce,282.13680000135355,2.0905603239179373,414.00060000569283,1.4246935873810074
dma_hardened2,xilinx_u280_xdma_201920_3,3,2,6,24,1024,Allreduce,300.71810000436017,1.9613850978422913,502.3778000008861,1.1740646182991359
dma_hardened2,xilinx_u280_xdma_201920_3,3,2,6,24,1024,Allreduce,266.3645999973596,2.214348303062219,433.3498000050895,1.3610805866140305
dma_hardened2,xilinx_u280_xdma_201920_3,3,2,6,24,1024,Allreduce,264.8664000048484,2.226873623793744,404.1488999973808,1.4594225049327674
dma_hardened2,xilinx_u280_xdma_201920_3,3,2,6,24,1024,Allreduce,254.2942999980369,2.3194542701293472,456.4317999893319,1.292250014161559
dma_hardened2,xilinx_u280_xdma_201920_3,3,2,6,24,1024,Allreduce,246.29250000316458,2.394811047808689,460.3309999993144,1.281304105091507
dma_hardened2,xilinx_u280_xdma_201920_3,3,2,6,24,1024,Allreduce,262.84080000777976,2.244035172555182,480.99000000547676,1.2262708164271274
dma_hardened2,xilinx_u280_xdma_201920_3,3,2,6,24,1024,Allreduce,280.25780000007217,2.1045765719985248,442.2061000013855,1.333821491829606
dma_hardened2,xilinx_u280_xdma_201920_3,3,2,6,48,1024,Allreduce,294.4422999917151,4.006380876773454,410.7373000010739,2.872025501450479
dma_hardened2,xilinx_u280_xdma_201920_3,3,2,6,48,1024,Allreduce,254.91249999731735,4.627658510321833,454.1052000035961,2.5977416686500354
dma_hardened2,xilinx_u280_xdma_201920_3,3,2,6,48,1024,Allreduce,342.4208999945222,3.445023361654826,415.34580000188726,2.8401587303751232
dma_hardened2,xilinx_u280_xdma_201920_3,3,2,6,48,1024,Allreduce,353.02490000503894,3.3415433301819846,465.7200999986344,2.5329548799879134
dma_hardened2,xilinx_u280_xdma_201920_3,3,2,6,48,1024,Allreduce,249.53700000196477,4.727347046693324,416.12420000092243,2.8348459426233443
dma_hardened2,xilinx_u280_xdma_201920_3,3,2,6,48,1024,Allreduce,256.32800000039424,4.602103554813308,454.93150000766036,2.5930233452291973
dma_hardened2,xilinx_u280_xdma_201920_3,3,2,6,48,1024,Allreduce,289.54009999324626,4.074212863874524,468.51769999420867,2.5178301695209844
dma_hardened2,xilinx_u280_xdma_201920_3,3,2,6,48,1024,Allreduce,254.57240000150708,4.633840903385506,494.03350000147844,2.3877894920009877
dma_hardened2,xilinx_u280_xdma_201920_3,3,2,6,48,1024,Allreduce,288.9371999913237,4.082714167768715,419.68320000478343,2.8108058649632737
dma_hardened2,xilinx_u280_xdma_201920_3,3,2,6,48,1024,Allreduce,330.1075999956993,3.5735257231744098,461.34409999467607,2.556980787255355
dma_hardened2,xilinx_u280_xdma_201920_3,3,2,6,48,1024,Allreduce,246.1347000007663,4.7926927816205005,419.2260999957398,2.813870605890205
dma_hardened2,xilinx_u280_xdma_201920_3,3,2,6,48,1024,Allreduce,261.7383999904632,4.506973375106527,462.88639999829684,2.548461134317924
dma_hardened2,xilinx_u280_xdma_201920_3,3,2,6,48,1024,Allreduce,264.09349999312326,4.466781651311816,452.0078000041394,2.6097956716437127
dma_hardened2,xilinx_u280_xdma_201920_3,3,2,6,48,1024,Allreduce,302.17790000506284,3.9038195711209713,415.56009999794696,2.838694090231059
dma_hardened2,xilinx_u280_xdma_201920_3,3,2,6,48,1024,Allreduce,299.0334000060102,3.9448703722603913,415.8883999934915,2.8364532408657253
dma_hardened2,xilinx_u280_xdma_201920_3,3,2,6,48,1024,Allreduce,261.82269999708296,4.505522248503063,398.9138999941133,2.9571493999517386
dma_hardened2,xilinx_u280_xdma_201920_3,3,2,6,48,1024,Allreduce,259.84750000134227,4.539770442255193,461.97070000744134,2.5535125928570763
dma_hardened2,xilinx_u280_xdma_201920_3,3,2,6,48,1024,Allreduce,257.3560000087127,4.583720604765629,462.1449999945071,2.5525495245302254
dma_hardened2,xilinx_u280_xdma_201920_3,3,2,6,48,1024,Allreduce,249.12880001011217,4.73509285137695,446.45309999395977,2.6422663433537807
dma_hardened2,xilinx_u280_xdma_201920_3,3,2,6,48,1024,Allreduce,276.7683999991277,4.2622206870571855,456.1825999985558,2.585911869509566
dma_hardened2,xilinx_u280_xdma_201920_3,3,2,6,96,1024,Allreduce,325.1782000006642,7.255394119271159,462.74709999352126,5.098456586833351
dma_hardened2,xilinx_u280_xdma_201920_3,3,2,6,96,1024,Allreduce,340.02099999952407,6.938677316998956,820.3431999959321,2.875986538331395
dma_hardened2,xilinx_u280_xdma_201920_3,3,2,6,96,1024,Allreduce,341.46919999784586,6.909249794754207,504.98100000595514,4.672049047334806
dma_hardened2,xilinx_u280_xdma_201920_3,3,2,6,96,1024,Allreduce,330.827400000544,7.131501199707522,489.4302000025164,4.820495343335719
dma_hardened2,xilinx_u280_xdma_201920_3,3,2,6,96,1024,Allreduce,302.68390000856016,7.7945870260469,545.2707000017654,4.326834359506868
dma_hardened2,xilinx_u280_xdma_201920_3,3,2,6,96,1024,Allreduce,268.11139999836087,8.799685503915251,524.2202000090401,4.500582007254422
dma_hardened2,xilinx_u280_xdma_201920_3,3,2,6,96,1024,Allreduce,342.35699999953795,6.891332731631555,456.0161999961565,5.173710933997269
dma_hardened2,xilinx_u280_xdma_201920_3,3,2,6,96,1024,Allreduce,332.8357999976106,7.0884682477574135,499.24359999522494,4.725741101183001
dma_hardened2,xilinx_u280_xdma_201920_3,3,2,6,96,1024,Allreduce,269.5660000085809,8.752201686877791,520.7294999991063,4.530751570640897
dma_hardened2,xilinx_u280_xdma_201920_3,3,2,6,96,1024,Allreduce,336.2964000075408,7.015525589768719,444.5756999984951,5.306848754909425
dma_hardened2,xilinx_u280_xdma_201920_3,3,2,6,96,1024,Allreduce,342.7895000072567,6.882637886954106,491.308100004062,4.802070228397403
dma_hardened2,xilinx_u280_xdma_201920_3,3,2,6,96,1024,Allreduce,284.0759999912734,8.305157774935143,505.323600009433,4.668881484965196
dma_hardened2,xilinx_u280_xdma_201920_3,3,2,6,96,1024,Allreduce,267.97360000045956,8.80421056401061,431.7549000006693,5.464433640466716
dma_hardened2,xilinx_u280_xdma_201920_3,3,2,6,96,1024,Allreduce,330.7900999971025,7.13230535019236,475.779999999304,4.958796082230131
dma_hardened2,xilinx_u280_xdma_201920_3,3,2,6,96,1024,Allreduce,264.1508000010617,8.931625419989327,496.6976999980944,4.74996360967456
dma_hardened2,xilinx_u280_xdma_201920_3,3,2,6,96,1024,Allreduce,338.8947999951597,6.9617356183502865,482.94690000147966,4.885207876875846
dma_hardened2,xilinx_u280_xdma_201920_3,3,2,6,96,1024,Allreduce,333.47279999134116,7.074927850371186,556.3448999964749,4.240707517971225
dma_hardened2,xilinx_u280_xdma_201920_3,3,2,6,96,1024,Allreduce,296.00609999533845,7.970430339230017,483.0403999903865,4.8842622688432575
dma_hardened2,xilinx_u280_xdma_201920_3,3,2,6,96,1024,Allreduce,283.9776000087113,8.30803556311352,510.9559000061381,4.61741610180381
dma_hardened2,xilinx_u280_xdma_201920_3,3,2,6,96,1024,Allreduce,335.9700000032717,7.022341280403086,524.7134999990521,4.496350865766293
dma_hardened2,xilinx_u280_xdma_201920_3,3,2,6,192,1024,Allreduce,378.4422000080667,12.468461497949807,619.2048000002615,7.620406043360786
dma_hardened2,xilinx_u280_xdma_201920_3,3,2,6,192,1024,Allreduce,360.87720000068657,13.075339755437646,629.5719999911853,7.494920358697759
dma_hardened2,xilinx_u280_xdma_201920_3,3,2,6,192,1024,Allreduce,354.92619999786257,13.294572223826858,642.2214999929565,7.347296843926512
dma_hardened2,xilinx_u280_xdma_201920_3,3,2,6,192,1024,Allreduce,369.2079000074955,12.78031158028906,642.3231000098895,7.346134678835855
dma_hardened2,xilinx_u280_xdma_201920_3,3,2,6,192,1024,Allreduce,364.9309000024914,12.930097177212962,633.0115999958252,7.454195152239105
dma_hardened2,xilinx_u280_xdma_201920_3,3,2,6,192,1024,Allreduce,405.32729999540607,11.641436439276308,628.6760999955732,7.505601055986105
dma_hardened2,xilinx_u280_xdma_201920_3,3,2,6,192,1024,Allreduce,378.7487000067813,12.458371474055268,582.3555999995733,8.102595733609254
dma_hardened2,xilinx_u280_xdma_201920_3,3,2,6,192,1024,Allreduce,399.32920000183003,11.816295928217562,645.1644999970085,7.313781213972372
dma_hardened2,xilinx_u280_xdma_201920_3,3,2,6,192,1024,Allreduce,368.11149999493864,12.818377040828333,633.4960000003775,7.448495333825609
dma_hardened2,xilinx_u280_xdma_201920_3,3,2,6,192,1024,Allreduce,383.6969000076351,12.297706861603796,660.7268999914595,7.141516411789792
dma_hardened2,xilinx_u280_xdma_201920_3,3,2,6,192,1024,Allreduce,387.6982999940992,12.170783312879674,570.9645000024466,8.26424760204843
dma_hardened2,xilinx_u280_xdma_201920_3,3,2,6,192,1024,Allreduce,368.8603000000512,12.792355262952789,663.8077000047815,7.108371897412476
dma_hardened2,xilinx_u280_xdma_201920_3,3,2,6,192,1024,Allreduce,363.2423999988532,12.990201584437546,654.9987000084911,7.203971549773809
dma_hardened2,xilinx_u280_xdma_201920_3,3,2,6,192,1024,Allreduce,403.57829999493333,11.691887299340028,590.3680999949756,7.9926269729684885
dma_hardened2,xilinx_u280_xdma_201920_3,3,2,6,192,1024,Allreduce,383.0908000054478,12.317163450369724,624.1107000050761,7.560504891138097
dma_hardened2,xilinx_u280_xdma_201920_3,3,2,6,192,1024,Allreduce,328.6504000016066,14.357481384404014,590.5729000005522,7.989855274421817
dma_hardened2,xilinx_u280_xdma_201920_3,3,2,6,192,1024,Allreduce,371.81210000198917,12.690797313951741,535.388800005876,8.813393182577245
dma_hardened2,xilinx_u280_xdma_201920_3,3,2,6,192,1024,Allreduce,360.2301000000807,13.098827665980558,600.9248999930605,7.852215809420596
dma_hardened2,xilinx_u280_xdma_201920_3,3,2,6,192,1024,Allreduce,366.31180000767927,12.88135408114366,678.1791999969755,6.957736244374708
dma_hardened2,xilinx_u280_xdma_201920_3,3,2,6,192,1024,Allreduce,410.9295000034763,11.482728789147732,620.9592999994129,7.598874837697836
dma_hardened2,xilinx_u280_xdma_201920_3,3,2,6,384,1024,Allreduce,488.91510000430577,19.302296042639895,695.6443000035506,13.566105551287967
dma_hardened2,xilinx_u280_xdma_201920_3,3,2,6,384,1024,Allreduce,455.9222000011687,20.699110506081542,756.8150999986756,12.469603209577235
dma_hardened2,xilinx_u280_xdma_201920_3,3,2,6,384,1024,Allreduce,454.76099999177677,20.751964218942803,760.3696999922249,12.411309919499027
dma_hardened2,xilinx_u280_xdma_201920_3,3,2,6,384,1024,Allreduce,465.147199997773,20.288596814180938,812.0139999959974,11.621947404904986
dma_hardened2,xilinx_u280_xdma_201920_3,3,2,6,384,1024,Allreduce,469.05599999718106,20.11952517408735,761.5653000016209,12.391825100198124
dma_hardened2,xilinx_u280_xdma_201920_3,3,2,6,384,1024,Allreduce,474.68089999256335,19.881111711357775,725.9901999987051,12.99905150237129
dma_hardened2,xilinx_u280_xdma_201920_3,3,2,6,384,1024,Allreduce,486.48380000031466,19.39876312426826,794.2536999962613,11.88182566860491
dma_hardened2,xilinx_u280_xdma_201920_3,3,2,6,384,1024,Allreduce,468.1380000079116,20.158978762331856,774.7903999984374,12.180305796276041
dma_hardened2,xilinx_u280_xdma_201920_3,3,2,6,384,1024,Allreduce,455.5858999992779,20.714389975666407,731.5738999977839,12.899836913302385
dma_hardened2,xilinx_u280_xdma_201920_3,3,2,6,384,1024,Allreduce,480.230899995604,19.65134688352288,730.8105999982217,12.913310233900498
dma_hardened2,xilinx_u280_xdma_201920_3,3,2,6,384,1024,Allreduce,435.3000000037355,21.67972432786358,691.0803999971904,13.655696211379121
dma_hardened2,xilinx_u280_xdma_201920_3,3,2,6,384,1024,Allreduce,468.8723000072059,20.12740782480638,729.0123000075255,12.94516429956337
dma_hardened2,xilinx_u280_xdma_201920_3,3,2,6,384,1024,Allreduce,495.8778000059283,19.03126939719257,718.5386000060134,13.133858083505912
dma_hardened2,xilinx_u280_xdma_201920_3,3,2,6,384,1024,Allreduce,468.7396000008448,20.133105886472983,745.1603000049545,12.664636052051154
dma_hardened2,xilinx_u280_xdma_201920_3,3,2,6,384,1024,Allreduce,478.9628000025914,19.70337571090895,766.6308000011668,12.309946326165916
dma_hardened2,xilinx_u280_xdma_201920_3,3,2,6,384,1024,Allreduce,460.0497999945219,20.513396593395704,710.0241999978607,13.29135542144681
dma_hardened2,xilinx_u280_xdma_201920_3,3,2,6,384,1024,Allreduce,473.01859999606677,19.95097867204053,754.1833999994196,12.513115510109692
dma_hardened2,xilinx_u280_xdma_201920_3,3,2,6,384,1024,Allreduce,451.6767000041,20.89367018470144,742.0633000037924,12.717491890451624
dma_hardened2,xilinx_u280_xdma_201920_3,3,2,6,384,1024,Allreduce,448.5085000055733,21.04126008734,749.1669999922124,12.596902960352097
dma_hardened2,xilinx_u280_xdma_201920_3,3,2,6,384,1024,Allreduce,444.16939999791794,21.2468125900709,779.725999996117,12.10320548506398
dma_hardened2,xilinx_u280_xdma_201920_3,3,2,6,768,1024,Allreduce,607.0872000009331,31.090044395551395,1001.9020000072488,18.83853710229488
dma_hardened2,xilinx_u280_xdma_201920_3,3,2,6,768,1024,Allreduce,621.2657999981275,30.380503803777525,969.1998999983298,19.4741745227507
dma_hardened2,xilinx_u280_xdma_201920_3,3,2,6,768,1024,Allreduce,596.1577999983092,31.660020216213777,1002.9816000042048,18.81825947746287
dma_hardened2,xilinx_u280_xdma_201920_3,3,2,6,768,1024,Allreduce,627.8689000055238,30.061001587805908,992.9023000040614,19.009290239253946
dma_hardened2,xilinx_u280_xdma_201920_3,3,2,6,768,1024,Allreduce,617.724599999292,30.5546646515642,1000.4151000089223,18.866536500530298
dma_hardened2,xilinx_u280_xdma_201920_3,3,2,6,768,1024,Allreduce,624.1884000019127,30.23825498830508,1029.7417000060705,18.32922566881455
dma_hardened2,xilinx_u280_xdma_201920_3,3,2,6,768,1024,Allreduce,632.0061999986137,29.864213357466117,1078.4809000028872,17.500882954857587
dma_hardened2,xilinx_u280_xdma_201920_3,3,2,6,768,1024,Allreduce,570.0781999962601,33.10838407805073,1033.043000006728,18.270650882758098
dma_hardened2,xilinx_u280_xdma_201920_3,3,2,6,768,1024,Allreduce,594.8690999957762,31.728607184562144,1026.1270000000877,18.393793360859217
dma_hardened2,xilinx_u280_xdma_201920_3,3,2,6,768,1024,Allreduce,615.5984999963948,30.66019166731325,956.4902999954938,19.732942404213528
dma_hardened2,xilinx_u280_xdma_201920_3,3,2,6,768,1024,Allreduce,623.3769000004941,30.277618564282765,968.9890999993622,19.478411057474663
dma_hardened2,xilinx_u280_xdma_201920_3,3,2,6,768,1024,Allreduce,580.9220000060122,32.49036531548927,996.3073999983862,18.94432180271929
dma_hardened2,xilinx_u280_xdma_201920_3,3,2,6,768,1024,Allreduce,614.8123999992094,30.69939383139356,961.4139999939653,19.631883871171496
dma_hardened2,xilinx_u280_xdma_201920_3,3,2,6,768,1024,Allreduce,592.4141000036798,31.860092458776325,1003.1136999941737,18.815781301869997
dma_hardened2,xilinx_u280_xdma_201920_3,3,2,6,768,1024,Allreduce,593.9952999938214,31.775281723940115,969.3198000036318,19.471765664880962
dma_hardened2,xilinx_u280_xdma_201920_3,3,2,6,768,1024,Allreduce,619.3462999931398,30.474660137969764,972.333400000025,19.41141587854486
dma_hardened2,xilinx_u280_xdma_201920_3,3,2,6,768,1024,Allreduce,586.3467000040146,32.18977441140331,1061.8394999937664,17.77516093544345
dma_hardened2,xilinx_u280_xdma_201920_3,3,2,6,768,1024,Allreduce,584.126399996876,32.312129703606864,996.2997999991784,18.944466314271633
dma_hardened2,xilinx_u280_xdma_201920_3,3,2,6,768,1024,Allreduce,600.3625000062129,31.43828603519486,969.5691999922929,19.466756988722448
dma_hardened2,xilinx_u280_xdma_201920_3,3,2,6,768,1024,Allreduce,579.814399998213,32.55243057098646,979.2026000013722,19.27524293744068
dma_hardened2,xilinx_u280_xdma_201920_3,3,2,6,1536,1024,Allreduce,829.4705000025715,45.50943764712907,1516.1385000055816,24.897946988260657
dma_hardened2,xilinx_u280_xdma_201920_3,3,2,6,1536,1024,Allreduce,855.9036999940872,44.10395234914953,1483.159400004297,25.451570478460127
dma_hardened2,xilinx_u280_xdma_201920_3,3,2,6,1536,1024,Allreduce,846.1270999987391,44.613552739365346,1502.3094999946807,25.12713658545969
dma_hardened2,xilinx_u280_xdma_201920_3,3,2,6,1536,1024,Allreduce,842.2089000077904,44.8211079218598,1432.2080000056303,26.357020767829535
dma_hardened2,xilinx_u280_xdma_201920_3,3,2,6,1536,1024,Allreduce,865.7900000002883,43.60033726421815,1402.618400004485,26.913047768287722
dma_hardened2,xilinx_u280_xdma_201920_3,3,2,6,1536,1024,Allreduce,887.5131999957375,42.533154436667864,1487.1711999944637,25.38291220280525
dma_hardened2,xilinx_u280_xdma_201920_3,3,2,6,1536,1024,Allreduce,856.0252999927798,44.0976873000347,1501.8148999956793,25.135411827455304
dma_hardened2,xilinx_u280_xdma_201920_3,3,2,6,1536,1024,Allreduce,876.0300999938408,43.090683756488964,1502.263200006837,25.127911007756964
dma_hardened2,xilinx_u280_xdma_201920_3,3,2,6,1536,1024,Allreduce,839.4840000050863,44.966593764468755,1496.803399993496,25.219568582062298
dma_hardened2,xilinx_u280_xdma_201920_3,3,2,6,1536,1024,Allreduce,849.3166000107522,44.44601224033783,1500.234700006331,25.161887003307353
dma_hardened2,xilinx_u280_xdma_201920_3,3,2,6,1536,1024,Allreduce,853.4757999996145,44.22941576084178,1457.80499999546,25.894228652060843
dma_hardened2,xilinx_u280_xdma_201920_3,3,2,6,1536,1024,Allreduce,861.8957000066985,43.79733649872789,1454.1438000037488,25.959424370480196
dma_hardened2,xilinx_u280_xdma_201920_3,3,2,6,1536,1024,Allreduce,841.9894999974531,44.832787107338255,1494.0554999952838,25.265952971706312
dma_hardened2,xilinx_u280_xdma_201920_3,3,2,6,1536,1024,Allreduce,906.7145000017263,41.63243887676676,1482.3790000036752,25.464969484798697
dma_hardened2,xilinx_u280_xdma_201920_3,3,2,6,1536,1024,Allreduce,915.2832999916427,41.24267972587796,1525.4745999982333,24.745568362818833
dma_hardened2,xilinx_u280_xdma_201920_3,3,2,6,1536,1024,Allreduce,838.7904999949569,45.003771502212956,1512.3842999969384,24.959751301356686
dma_hardened2,xilinx_u280_xdma_201920_3,3,2,6,1536,1024,Allreduce,837.0631000047979,45.096643251606274,1518.5643999984677,24.858172626750694
dma_hardened2,xilinx_u280_xdma_201920_3,3,2,6,1536,1024,Allreduce,853.9240999994036,44.20619584343195,1507.5646000013876,25.03954789066104
dma_hardened2,xilinx_u280_xdma_201920_3,3,2,6,1536,1024,Allreduce,891.794399990431,42.328967305025735,1450.8352999996532,26.01862251353343
dma_hardened2,xilinx_u280_xdma_201920_3,3,2,6,1536,1024,Allreduce,857.7281000043513,44.01014260790628,1512.901800003874,24.951213621335725
dma_hardened2,xilinx_u280_xdma_201920_3,3,2,6,3072,1024,Allreduce,1589.8647000085475,47.48672764392725,2655.7840999998916,28.42756382192479
dma_hardened2,xilinx_u280_xdma_201920_3,3,2,6,3072,1024,Allreduce,1505.6726000011622,50.14202423550892,2528.573300003245,29.85773518999948
dma_hardened2,xilinx_u280_xdma_201920_3,3,2,6,3072,1024,Allreduce,1569.1161000063403,48.114650024746375,2487.7961000015603,30.34713013657054
dma_hardened2,xilinx_u280_xdma_201920_3,3,2,6,3072,1024,Allreduce,1567.5140999974246,48.163823215449256,2509.6144000031018,30.083295664826714
dma_hardened2,xilinx_u280_xdma_201920_3,3,2,6,3072,1024,Allreduce,1545.8609000006618,48.838464055833015,2509.819299996252,30.080839684399884
dma_hardened2,xilinx_u280_xdma_201920_3,3,2,6,3072,1024,Allreduce,1540.7193999976698,49.00144179408281,2571.816099998614,29.355703932345975
dma_hardened2,xilinx_u280_xdma_201920_3,3,2,6,3072,1024,Allreduce,1566.744000001563,48.187497127753275,2483.4146999978657,30.40067049617806
dma_hardened2,xilinx_u280_xdma_201920_3,3,2,6,3072,1024,Allreduce,1549.4897000053243,48.72408767850511,2571.5644000001703,29.35857721470829
dma_hardened2,xilinx_u280_xdma_201920_3,3,2,6,3072,1024,Allreduce,1519.2307000006622,49.694540796185265,2467.430499996226,30.597608321740157
dma_hardened2,xilinx_u280_xdma_201920_3,3,2,6,3072,1024,Allreduce,1550.171799999589,48.702648312928936,2535.1511000053506,29.780265168352553
dma_hardened2,xilinx_u280_xdma_201920_3,3,2,6,3072,1024,Allreduce,1505.9450999956425,50.13295106190688,2559.867899992696,29.492721870615046
dma_hardened2,xilinx_u280_xdma_201920_3,3,2,6,3072,1024,Allreduce,1571.758900001896,48.03374868747931,2521.5042000013455,29.941442096332704
dma_hardened2,xilinx_u280_xdma_201920_3,3,2,6,3072,1024,Allreduce,1531.0820000081549,49.30988150836982,2585.381400001552,29.201676781597747
dma_hardened2,xilinx_u280_xdma_201920_3,3,2,6,3072,1024,Allreduce,1534.504799997194,49.199893020952466,2573.4597999985453,29.33695408805013
dma_hardened2,xilinx_u280_xdma_201920_3,3,2,6,3072,1024,Allreduce,1567.4895000074685,48.16457909264482,2607.3064000001978,28.956118084163133
dma_hardened2,xilinx_u280_xdma_201920_3,3,2,6,3072,1024,Allreduce,1546.8716999976095,48.80655066617139,2546.403199994529,29.648671506602806
dma_hardened2,xilinx_u280_xdma_201920_3,3,2,6,3072,1024,Allreduce,1556.1024000021462,48.51703332627459,2565.7427000055577,29.425192167490707
dma_hardened2,xilinx_u280_xdma_201920_3,3,2,6,3072,1024,Allreduce,1544.6280999981354,48.877443055769305,2522.424799997225,29.93051447959244
dma_hardened2,xilinx_u280_xdma_201920_3,3,2,6,3072,1024,Allreduce,1547.07619999499,48.80009918079309,2566.888299998027,29.41205973008566
dma_hardened2,xilinx_u280_xdma_201920_3,3,2,6,3072,1024,Allreduce,1552.9345000004469,48.61600537561518,2543.8632000032158,29.678275152494273
dma_hardened2,xilinx_u280_xdma_201920_3,3,2,6,6144,1024,Allreduce,2639.002899991283,57.21666467304707,4245.152599992252,35.56879062492962
dma_hardened2,xilinx_u280_xdma_201920_3,3,2,6,6144,1024,Allreduce,2575.086799993187,58.63683663028348,4198.633199996493,35.962880491710045
dma_hardened2,xilinx_u280_xdma_201920_3,3,2,6,6144,1024,Allreduce,2578.426699994907,58.56088288268899,4122.980700003609,36.62276275022772
dma_hardened2,xilinx_u280_xdma_201920_3,3,2,6,6144,1024,Allreduce,2580.7523000025867,58.5081117625464,4183.725400002913,36.091026433019444
dma_hardened2,xilinx_u280_xdma_201920_3,3,2,6,6144,1024,Allreduce,2588.2851000005758,58.33783303082277,4215.22859999186,35.82129424731355
dma_hardened2,xilinx_u280_xdma_201920_3,3,2,6,6144,1024,Allreduce,2609.9588999954904,57.8533799901067,4183.927400003995,36.08928395838222
dma_hardened2,xilinx_u280_xdma_201920_3,3,2,6,6144,1024,Allreduce,2591.2588999972286,58.270882928819454,4120.213500004866,36.647359171999625
dma_hardened2,xilinx_u280_xdma_201920_3,3,2,6,6144,1024,Allreduce,2568.0044999944585,58.798551170890015,4203.318500003661,35.92279385915402
dma_hardened2,xilinx_u280_xdma_201920_3,3,2,6,6144,1024,Allreduce,2586.614599999848,58.3755090534202,4174.572700003409,36.17015557062324
dma_hardened2,xilinx_u280_xdma_201920_3,3,2,6,6144,1024,Allreduce,2610.5508000000555,57.84026267559964,4203.725599995778,35.91931500004464
dma_hardened2,xilinx_u280_xdma_201920_3,3,2,6,6144,1024,Allreduce,2593.9506000099755,58.21041618888938,4147.272600005181,36.40825153374567
dma_hardened2,xilinx_u280_xdma_201920_3,3,2,6,6144,1024,Allreduce,2594.8742999958085,58.189694969133534,4191.547000004903,36.0236790855079
dma_hardened2,xilinx_u280_xdma_201920_3,3,2,6,6144,1024,Allreduce,2562.6913999985845,58.92045526827123,4193.8592000065,36.003818153877454
dma_hardened2,xilinx_u280_xdma_201920_3,3,2,6,6144,1024,Allreduce,2546.1468999992576,59.30331199666603,4141.265600003408,36.46106253119233
dma_hardened2,xilinx_u280_xdma_201920_3,3,2,6,6144,1024,Allreduce,2605.907599991042,57.94332231907188,4125.159499994879,36.60341957691271
dma_hardened2,xilinx_u280_xdma_201920_3,3,2,6,6144,1024,Allreduce,2606.567999998788,57.92864180027922,4172.000400001252,36.19245674088494
dma_hardened2,xilinx_u280_xdma_201920_3,3,2,6,6144,1024,Allreduce,2598.1081000054473,58.11726771479732,4157.2856000016145,36.320560704307
dma_hardened2,xilinx_u280_xdma_201920_3,3,2,6,6144,1024,Allreduce,2590.554800008249,58.286720666754164,4225.451000002067,35.734633770436844
dma_hardened2,xilinx_u280_xdma_201920_3,3,2,6,6144,1024,Allreduce,2615.889500009416,57.722218006324994,4088.7601999997964,36.929273572954344
dma_hardened2,xilinx_u280_xdma_201920_3,3,2,6,6144,1024,Allreduce,2598.039899999094,58.11879332571169,4215.460800003257,35.81932110479674
dma_hardened2,xilinx_u280_xdma_201920_3,3,2,6,12288,1024,Allreduce,4620.364499999141,65.36061992512845,7347.024599994256,41.10369904032118
dma_hardened2,xilinx_u280_xdma_201920_3,3,2,6,12288,1024,Allreduce,4619.262699998217,65.37620993067067,7455.899699994006,40.5034804854259
dma_hardened2,xilinx_u280_xdma_201920_3,3,2,6,12288,1024,Allreduce,4607.159900001534,65.5479502675606,7303.169299996171,41.350525449294786
dma_hardened2,xilinx_u280_xdma_201920_3,3,2,6,12288,1024,Allreduce,4583.172399998148,65.89101644968058,7321.935900006338,41.24454135138476
dma_hardened2,xilinx_u280_xdma_201920_3,3,2,6,12288,1024,Allreduce,4578.926300007424,65.9521180761329,7358.4729999993215,41.039749415405595
dma_hardened2,xilinx_u280_xdma_201920_3,3,2,6,12288,1024,Allreduce,4581.058500002655,65.92142143564091,7313.587200007987,41.29162334998483
dma_hardened2,xilinx_u280_xdma_201920_3,3,2,6,12288,1024,Allreduce,4598.649399997612,65.66925671701715,7318.069600000854,41.26633176595708
dma_hardened2,xilinx_u280_xdma_201920_3,3,2,6,12288,1024,Allreduce,4605.022900000222,65.5783683507818,7307.682800001203,41.324985808079994
dma_hardened2,xilinx_u280_xdma_201920_3,3,2,6,12288,1024,Allreduce,4599.504400005117,65.65704948551937,7346.974999995837,41.10397653458343
dma_hardened2,xilinx_u280_xdma_201920_3,3,2,6,12288,1024,Allreduce,4635.66120000678,65.14494372443748,7320.458399999552,41.252865804143966
dma_hardened2,xilinx_u280_xdma_201920_3,3,2,6,12288,1024,Allreduce,4606.040800001665,65.56387602990638,7311.711299996659,41.30221717043697
dma_hardened2,xilinx_u280_xdma_201920_3,3,2,6,12288,1024,Allreduce,4602.482100006,65.61457088548075,7328.025300000718,41.21026820144445
dma_hardened2,xilinx_u280_xdma_201920_3,3,2,6,12288,1024,Allreduce,4637.0929000090655,65.12483025720913,7340.72620000461,41.13896633276015
dma_hardened2,xilinx_u280_xdma_201920_3,3,2,6,12288,1024,Allreduce,4605.688599997393,65.56888974217036,7375.368200007415,40.94573719040852
dma_hardened2,xilinx_u280_xdma_201920_3,3,2,6,12288,1024,Allreduce,4573.12199999933,66.03582585376996,7347.8092999948785,41.09930942277047
dma_hardened2,xilinx_u280_xdma_201920_3,3,2,6,12288,1024,Allreduce,4600.781999999981,65.63881705327512,7325.765199993839,41.22298213983899
dma_hardened2,xilinx_u280_xdma_201920_3,3,2,6,12288,1024,Allreduce,4610.4528000000755,65.50113429205805,7301.030199994329,41.3626405764264
dma_hardened2,xilinx_u280_xdma_201920_3,3,2,6,12288,1024,Allreduce,4565.636899997116,66.14408780518458,7289.081099997929,41.43044697363647
dma_hardened2,xilinx_u280_xdma_201920_3,3,2,6,12288,1024,Allreduce,4618.3626000015465,65.38895148681026,7307.072199989761,41.328439042989494
dma_hardened2,xilinx_u280_xdma_201920_3,3,2,6,12288,1024,Allreduce,4574.746299999788,66.01237930943057,7371.951899995111,40.964712208743556
dma_hardened2,xilinx_u280_xdma_201920_3,3,2,6,24576,1024,Allreduce,8432.923500004108,71.62163584191244,13352.26789999524,45.23424638598026
dma_hardened2,xilinx_u280_xdma_201920_3,3,2,6,24576,1024,Allreduce,8452.080100005332,71.45930573937875,13376.051099999131,45.15381793061775
dma_hardened2,xilinx_u280_xdma_201920_3,3,2,6,24576,1024,Allreduce,8391.304700001001,71.97686147661018,13355.830900002275,45.22217902593369
dma_hardened2,xilinx_u280_xdma_201920_3,3,2,6,24576,1024,Allreduce,8392.747099992448,71.96449134045079,13336.201200002051,45.28874204446669
dma_hardened2,xilinx_u280_xdma_201920_3,3,2,6,24576,1024,Allreduce,8383.703700008027,72.04211856860134,13344.576099996175,45.26031935927684
dma_hardened2,xilinx_u280_xdma_201920_3,3,2,6,24576,1024,Allreduce,8449.759199993423,71.47893350623177,13286.345299991353,45.45868426288703
dma_hardened2,xilinx_u280_xdma_201920_3,3,2,6,24576,1024,Allreduce,8395.914799996262,71.9373398120082,13323.363699998936,45.332379239939854
dma_hardened2,xilinx_u280_xdma_201920_3,3,2,6,24576,1024,Allreduce,8357.858400006535,72.26489695010001,13330.920400005652,45.306682350285726
dma_hardened2,xilinx_u280_xdma_201920_3,3,2,6,24576,1024,Allreduce,8407.965499998227,71.83423576132982,13331.128699996952,45.30597442961736
dma_hardened2,xilinx_u280_xdma_201920_3,3,2,6,24576,1024,Allreduce,8361.814199997752,72.23070993375605,13309.599000001526,45.37926168924629
dma_hardened2,xilinx_u280_xdma_201920_3,3,2,6,24576,1024,Allreduce,8392.066199996862,71.97033026267428,13360.532800004421,45.206264229207996
dma_hardened2,xilinx_u280_xdma_201920_3,3,2,6,24576,1024,Allreduce,8431.185500000993,71.63639988705371,13236.502300003394,45.62986220308707
dma_hardened2,xilinx_u280_xdma_201920_3,3,2,6,24576,1024,Allreduce,8411.057900002561,71.80782526771289,13354.464500002905,45.22680606173827
dma_hardened2,xilinx_u280_xdma_201920_3,3,2,6,24576,1024,Allreduce,8365.471800004798,72.19912880462445,13338.332400007857,45.28150580500185
dma_hardened2,xilinx_u280_xdma_201920_3,3,2,6,24576,1024,Allreduce,8439.324800008308,71.56731021887029,13374.903600004018,45.15769190290228
dma_hardened2,xilinx_u280_xdma_201920_3,3,2,6,24576,1024,Allreduce,8385.96899999402,72.02265784674744,13324.73329999857,45.32771969252584
dma_hardened2,xilinx_u280_xdma_201920_3,3,2,6,24576,1024,Allreduce,8389.793100002407,71.98982964190459,13357.438200000615,45.21673744296059
dma_hardened2,xilinx_u280_xdma_201920_3,3,2,6,24576,1024,Allreduce,8419.98110000759,71.7317258585599,13383.276900003693,45.12943881478185
dma_hardened2,xilinx_u280_xdma_201920_3,3,2,6,24576,1024,Allreduce,8396.796099998483,71.92978950627479,13370.06129999736,45.17404688339905
dma_hardened2,xilinx_u280_xdma_201920_3,3,2,6,24576,1024,Allreduce,8369.929499997397,72.16067662220904,13388.3112000035,45.112469151437274
experiment,board_instance,number of nodes,rank id,number of banks,buffer size[KB],segment_size[KB],collective name,execution_time[us],throughput[Gbps],execution_time_fullpath[us],throughput_fullpath[Gbps]
dma_hardened2,xilinx_u280_xdma_201920_3,3,2,6,24,256,Reduce,386.2370000433657,1.5271038246821926,583.7759999849368,1.0103601381612455
dma_hardened2,xilinx_u280_xdma_201920_3,3,2,6,24,256,Reduce,199.7479999999996,2.9528405791297097,320.77900004878757,1.8387238563319082
dma_hardened2,xilinx_u280_xdma_201920_3,3,2,6,24,256,Reduce,333.87299993137276,1.7666118557692227,313.4190000082526,1.8819025010751402
dma_hardened2,xilinx_u280_xdma_201920_3,3,2,6,24,256,Reduce,200.0009999392205,2.949105255369949,266.61200001854013,2.2122935200177927
dma_hardened2,xilinx_u280_xdma_201920_3,3,2,6,24,256,Reduce,209.2889999403269,2.8182274279497364,296.7679999983375,1.9874919128858377
dma_hardened2,xilinx_u280_xdma_201920_3,3,2,6,24,256,Reduce,168.30300000947318,3.504536460828392,275.1060000036887,2.143988135453576
dma_hardened2,xilinx_u280_xdma_201920_3,3,2,6,24,256,Reduce,185.31300008817198,3.182852793486488,292.042999944897,2.0196477919734033
dma_hardened2,xilinx_u280_xdma_201920_3,3,2,6,24,256,Reduce,187.89599994306627,3.1390982255009185,280.6280000413608,2.101800247705389
dma_hardened2,xilinx_u280_xdma_201920_3,3,2,6,24,256,Reduce,182.09500001376,3.23910046929037,272.2059999769044,2.166829533698905
dma_hardened2,xilinx_u280_xdma_201920_3,3,2,6,24,256,Reduce,221.4849999973012,2.6630426440038244,240.893000068354,2.4484895776657516
dma_hardened2,xilinx_u280_xdma_201920_3,3,2,6,24,256,Reduce,188.40000007003255,3.130700635778923,269.9280000797444,2.1851160302960393
dma_hardened2,xilinx_u280_xdma_201920_3,3,2,6,24,256,Reduce,149.93999991474993,3.9337334956339274,321.9630000330653,1.8319620575638367
dma_hardened2,xilinx_u280_xdma_201920_3,3,2,6,24,256,Reduce,153.91299996281305,3.832190913974177,275.17299997725786,2.143466110587692
dma_hardened2,xilinx_u280_xdma_201920_3,3,2,6,24,256,Reduce,161.64499993465142,3.648884903575424,285.0409999837211,2.0692602118070216
dma_hardened2,xilinx_u280_xdma_201920_3,3,2,6,24,256,Reduce,258.88799996209855,2.2782979515711457,289.0020000450022,2.0408993706208087
dma_hardened2,xilinx_u280_xdma_201920_3,3,2,6,24,256,Reduce,163.36000010142016,3.6105778625968084,265.299000034247,2.223242454452752
dma_hardened2,xilinx_u280_xdma_201920_3,3,2,6,24,256,Reduce,165.494000043509,3.564020446934227,262.51199994931085,2.2468458589088907
dma_hardened2,xilinx_u280_xdma_201920_3,3,2,6,24,256,Reduce,257.12199999361474,2.2939460645710885,273.876000051132,2.1536169649399044
dma_hardened2,xilinx_u280_xdma_201920_3,3,2,6,24,256,Reduce,226.03700006129657,2.609413502391431,259.02799995947134,2.277066572309891
dma_hardened2,xilinx_u280_xdma_201920_3,3,2,6,24,256,Reduce,170.36799999914365,3.4620586025718723,304.39199997545074,1.937711897972251
dma_hardened2,xilinx_u280_xdma_201920_3,3,2,6,48,256,Reduce,192.2900000863592,6.134733992772423,265.4479999364412,4.443989030930558
dma_hardened2,xilinx_u280_xdma_201920_3,3,2,6,48,256,Reduce,190.09699997241114,6.2055056111943,295.47399992679857,3.992391886569542
dma_hardened2,xilinx_u280_xdma_201920_3,3,2,6,48,256,Reduce,166.49400004098425,7.0852282947710865,324.6580000677568,3.633509723320556
dma_hardened2,xilinx_u280_xdma_201920_3,3,2,6,48,256,Reduce,189.16700003046572,6.236013680028839,269.525000021531,4.3767665333670855
dma_hardened2,xilinx_u280_xdma_201920_3,3,2,6,48,256,Reduce,230.64499998781685,5.114561339124245,314.93300002694014,3.7457109921763996
dma_hardened2,xilinx_u280_xdma_201920_3,3,2,6,48,256,Reduce,231.65599998264952,5.09224021863605,263.75099992037576,4.4725820958257065
dma_hardened2,xilinx_u280_xdma_201920_3,3,2,6,48,256,Reduce,212.8250000623666,5.542807469302544,270.86700004019804,4.355082013774045
dma_hardened2,xilinx_u280_xdma_201920_3,3,2,6,48,256,Reduce,213.09199996721873,5.535862445241833,301.22900000151276,3.9161169741096504
dma_hardened2,xilinx_u280_xdma_201920_3,3,2,6,48,256,Reduce,230.78100002749125,5.111547310478233,285.33199997582415,4.134299693339514
dma_hardened2,xilinx_u280_xdma_201920_3,3,2,6,48,256,Reduce,238.3900000495487,4.948395485359342,272.5770000324701,4.327760595572911
dma_hardened2,xilinx_u280_xdma_201920_3,3,2,6,48,256,Reduce,185.01500005640992,6.37595870410687,299.3710000964711,3.9404217496680145
dma_hardened2,xilinx_u280_xdma_201920_3,3,2,6,48,256,Reduce,171.76500000459782,6.867801938511472,345.90099994602497,3.410363081298043
dma_hardened2,xilinx_u280_xdma_201920_3,3,2,6,48,256,Reduce,223.32699995786243,5.282155763622747,298.44200003026344,3.9526876239952085
dma_hardened2,xilinx_u280_xdma_201920_3,3,2,6,48,256,Reduce,191.88700002814585,6.14761812851819,282.9930000416425,4.168470597599285
dma_hardened2,xilinx_u280_xdma_201920_3,3,2,6,48,256,Reduce,200.83799995518348,5.873629493737418,330.62700003938517,3.5679118761004913
dma_hardened2,xilinx_u280_xdma_201920_3,3,2,6,48,256,Reduce,215.71799993580498,5.468472729911499,292.8129999872908,4.028673590486765
dma_hardened2,xilinx_u280_xdma_201920_3,3,2,6,48,256,Reduce,242.84699998133874,4.857576993294743,287.09599996545876,4.108897372801873
dma_hardened2,xilinx_u280_xdma_201920_3,3,2,6,48,256,Reduce,205.1620000429466,5.749836713197688,319.7710000222287,3.6890399689715374
dma_hardened2,xilinx_u280_xdma_201920_3,3,2,6,48,256,Reduce,231.79700008313375,5.089142653170319,262.23099996514065,4.49850704209958
dma_hardened2,xilinx_u280_xdma_201920_3,3,2,6,48,256,Reduce,180.64000005324488,6.530380866099926,269.22999995804275,4.381562233717782
dma_hardened2,xilinx_u280_xdma_201920_3,3,2,6,96,256,Reduce,189.53300002522155,12.447943100600126,329.4330000471746,7.161686897372609
dma_hardened2,xilinx_u280_xdma_201920_3,3,2,6,96,256,Reduce,213.4029999751874,11.055589660287428,311.63599999217695,7.570678612417134
dma_hardened2,xilinx_u280_xdma_201920_3,3,2,6,96,256,Reduce,188.17599993781187,12.537709382597658,352.4129999732395,6.69469060499798
dma_hardened2,xilinx_u280_xdma_201920_3,3,2,6,96,256,Reduce,229.0700000457946,10.299454313215788,283.9029999677223,8.310218631956108
dma_hardened2,xilinx_u280_xdma_201920_3,3,2,6,96,256,Reduce,206.1090000324839,11.446836380886628,384.463999921536,6.136584961092589
dma_hardened2,xilinx_u280_xdma_201920_3,3,2,6,96,256,Reduce,182.9839999345495,12.893455170090736,343.8979999828007,6.860452809024754
dma_hardened2,xilinx_u280_xdma_201920_3,3,2,6,96,256,Reduce,210.31899996160064,11.21770263471561,347.64500003348076,6.786509225712386
dma_hardened2,xilinx_u280_xdma_201920_3,3,2,6,96,256,Reduce,194.3729999993593,12.137982127187298,314.72300008772436,7.496420659889431
dma_hardened2,xilinx_u280_xdma_201920_3,3,2,6,96,256,Reduce,186.6310000195881,12.641501142641774,349.3880000178251,6.752653210412588
dma_hardened2,xilinx_u280_xdma_201920_3,3,2,6,96,256,Reduce,237.15300005733297,9.94841304739821,329.95499998378364,7.150356867196899
dma_hardened2,xilinx_u280_xdma_201920_3,3,2,6,96,256,Reduce,218.02599997045036,10.821168119030581,349.04200003893493,6.7593470119264305
dma_hardened2,xilinx_u280_xdma_201920_3,3,2,6,96,256,Reduce,206.23700004307466,11.43973195647356,312.9890000082014,7.537951812805492
dma_hardened2,xilinx_u280_xdma_201920_3,3,2,6,96,256,Reduce,254.82300009116443,9.258567708393466,314.84199996612006,7.493587260447724
dma_hardened2,xilinx_u280_xdma_201920_3,3,2,6,96,256,Reduce,239.29200006023166,9.859485479690699,291.6439999580689,8.089643539175185
dma_hardened2,xilinx_u280_xdma_201920_3,3,2,6,96,256,Reduce,212.55900003325223,11.099487669921844,295.1899999743546,7.992465870134389
dma_hardened2,xilinx_u280_xdma_201920_3,3,2,6,96,256,Reduce,193.86600001780607,12.169725479368765,329.2799999599083,7.165014578131856
dma_hardened2,xilinx_u280_xdma_201920_3,3,2,6,96,256,Reduce,191.7789999197339,12.302160304243147,346.5540000888723,6.8078740957973904
dma_hardened2,xilinx_u280_xdma_201920_3,3,2,6,96,256,Reduce,225.6660000057309,10.454813751030658,347.40299997793045,6.791236690960871
dma_hardened2,xilinx_u280_xdma_201920_3,3,2,6,96,256,Reduce,196.9429999917338,11.97958800312286,342.8040000699184,6.882346762344656
dma_hardened2,xilinx_u280_xdma_201920_3,3,2,6,96,256,Reduce,221.47499998936837,10.652651541317327,307.66999998377287,7.668267949830773
dma_hardened2,xilinx_u280_xdma_201920_3,3,2,6,192,256,Reduce,276.0249999482767,17.094799387317092,422.1800001005249,11.176730301948126
dma_hardened2,xilinx_u280_xdma_201920_3,3,2,6,192,256,Reduce,300.30200002784113,15.71282242396833,438.3589999861215,10.764218369303222
dma_hardened2,xilinx_u280_xdma_201920_3,3,2,6,192,256,Reduce,250.3349999187776,18.849110198457947,385.1149999718473,12.25242330302621
dma_hardened2,xilinx_u280_xdma_201920_3,3,2,6,192,256,Reduce,223.29300009005237,21.131840219339736,373.0870000708819,12.647430757714758
dma_hardened2,xilinx_u280_xdma_201920_3,3,2,6,192,256,Reduce,239.74700002327154,19.68154762955107,408.1979999455143,11.559566682418412
dma_hardened2,xilinx_u280_xdma_201920_3,3,2,6,192,256,Reduce,247.0110000558634,19.102760601482746,408.4260000354334,11.553113659734283
dma_hardened2,xilinx_u280_xdma_201920_3,3,2,6,192,256,Reduce,261.6470000020854,18.034191104665414,373.9689999520124,12.617601995367233
dma_hardened2,xilinx_u280_xdma_201920_3,3,2,6,192,256,Reduce,220.31299999980547,21.417673945723433,397.87899993370957,11.859364281065757
dma_hardened2,xilinx_u280_xdma_201920_3,3,2,6,192,256,Reduce,224.5069999844418,21.017571836633138,391.91100006519264,12.03995804969772
dma_hardened2,xilinx_u280_xdma_201920_3,3,2,6,192,256,Reduce,242.91199997605872,19.425108683247686,424.34800002411066,11.119628229028764
dma_hardened2,xilinx_u280_xdma_201920_3,3,2,6,192,256,Reduce,315.2780000164057,14.966448657230966,364.52500000905275,12.9444948902896
dma_hardened2,xilinx_u280_xdma_201920_3,3,2,6,192,256,Reduce,263.03100003133295,17.939299928289476,384.18200006162806,12.28217875705544
dma_hardened2,xilinx_u280_xdma_201920_3,3,2,6,192,256,Reduce,234.12500001995795,20.154156965713888,372.22600008135487,12.676685666688222
dma_hardened2,xilinx_u280_xdma_201920_3,3,2,6,192,256,Reduce,230.69099995609577,20.454165966153965,420.4550000395102,11.222585055610216
dma_hardened2,xilinx_u280_xdma_201920_3,3,2,6,192,256,Reduce,238.42600000989478,19.790593306955518,366.2960000383464,12.881909711015204
dma_hardened2,xilinx_u280_xdma_201920_3,3,2,6,192,256,Reduce,215.49899997808097,21.896120169838102,355.3359999841632,13.279239931249016
dma_hardened2,xilinx_u280_xdma_201920_3,3,2,6,192,256,Reduce,269.8370000189243,17.486823525569413,375.31300006321544,12.572418219473423
dma_hardened2,xilinx_u280_xdma_201920_3,3,2,6,192,256,Reduce,254.89199992989597,18.512122786504772,359.3330000057904,13.131529806402316
dma_hardened2,xilinx_u280_xdma_201920_3,3,2,6,192,256,Reduce,256.28399998822715,18.41157466020804,407.60800004591147,11.576298795579369
dma_hardened2,xilinx_u280_xdma_201920_3,3,2,6,192,256,Reduce,226.76500009310985,20.80829051248007,407.4959999798011,11.57948053535223
dma_hardened2,xilinx_u280_xdma_201920_3,3,2,6,384,256,Reduce,313.49500000033004,30.10314040093164,454.022999974768,20.78569587999829
dma_hardened2,xilinx_u280_xdma_201920_3,3,2,6,384,256,Reduce,318.78299989784864,29.60378691154819,450.49900006688404,20.948290670121118
dma_hardened2,xilinx_u280_xdma_201920_3,3,2,6,384,256,Reduce,289.01500002120883,32.65292112626497,471.0290000957684,20.03525047944236
dma_hardened2,xilinx_u280_xdma_201920_3,3,2,6,384,256,Reduce,275.26999997462553,34.28337269179323,454.1219999509849,20.78116453512182
dma_hardened2,xilinx_u280_xdma_201920_3,3,2,6,384,256,Reduce,305.4709999332772,30.893878640071648,450.9269999743992,20.928407481778166
dma_hardened2,xilinx_u280_xdma_201920_3,3,2,6,384,256,Reduce,272.63300000868185,34.61497324131517,445.94999997116247,21.161977801570263
dma_hardened2,xilinx_u280_xdma_201920_3,3,2,6,384,256,Reduce,288.50199998942117,32.71098294065914,469.0240000400081,20.120897862785274
dma_hardened2,xilinx_u280_xdma_201920_3,3,2,6,384,256,Reduce,260.1280000362749,36.27900110208814,441.68800002353237,21.36617702880133
dma_hardened2,xilinx_u280_xdma_201920_3,3,2,6,384,256,Reduce,307.39399994672567,30.700612248890852,434.3999999036896,21.72464088879445
dma_hardened2,xilinx_u280_xdma_201920_3,3,2,6,384,256,Reduce,255.97699993795686,36.86731230652505,437.1719999198831,21.586890289701707
dma_hardened2,xilinx_u280_xdma_201920_3,3,2,6,384,256,Reduce,284.33200009203574,33.19072069603586,475.6660000566626,19.83993810546858
dma_hardened2,xilinx_u280_xdma_201920_3,3,2,6,384,256,Reduce,299.11399997217814,31.550459025247207,432.2810000303434,21.831132988351484
dma_hardened2,xilinx_u280_xdma_201920_3,3,2,6,384,256,Reduce,304.66000009710115,30.976117629462955,469.25200001624034,20.111121528887224
dma_hardened2,xilinx_u280_xdma_201920_3,3,2,6,384,256,Reduce,286.1190000658098,32.983422973760455,511.5769999974873,18.447240591438536
dma_hardened2,xilinx_u280_xdma_201920_3,3,2,6,384,256,Reduce,322.9519999194963,29.22163046629979,491.08600001090963,19.216968106992155
dma_hardened2,xilinx_u280_xdma_201920_3,3,2,6,384,256,Reduce,331.11100003679894,28.50157197722568,593.8119999200353,15.892545117429158
dma_hardened2,xilinx_u280_xdma_201920_3,3,2,6,384,256,Reduce,303.38199997004267,31.1066048774544,528.2119999492352,17.866280964663765
dma_hardened2,xilinx_u280_xdma_201920_3,3,2,6,384,256,Reduce,288.34800002641714,32.72845311614926,561.2219999875379,16.815420636057667
dma_hardened2,xilinx_u280_xdma_201920_3,3,2,6,384,256,Reduce,293.09500007457245,32.19837935686002,459.0700000335346,20.557178642278135
dma_hardened2,xilinx_u280_xdma_201920_3,3,2,6,384,256,Reduce,324.11500001217064,29.1167764517089,461.24699997562857,20.46015258743936
dma_hardened2,xilinx_u280_xdma_201920_3,3,2,6,768,256,Reduce,387.77899999331567,48.67300189109092,634.7400000095149,29.735589374731497
dma_hardened2,xilinx_u280_xdma_201920_3,3,2,6,768,256,Reduce,355.8600000133083,53.03874557211866,624.8049999157956,30.208413829184593
dma_hardened2,xilinx_u280_xdma_201920_3,3,2,6,768,256,Reduce,402.2690000056173,46.91976761753065,739.4940000722272,25.523355156575334
dma_hardened2,xilinx_u280_xdma_201920_3,3,2,6,768,256,Reduce,403.55999999519554,46.76966993811256,814.1710000018065,23.182314280363855
dma_hardened2,xilinx_u280_xdma_201920_3,3,2,6,768,256,Reduce,378.263000015977,49.89747344890404,658.7330000229485,28.65253144952882
dma_hardened2,xilinx_u280_xdma_201920_3,3,2,6,768,256,Reduce,371.5340000098877,50.8011864311145,757.4699999395307,24.917644265128327
dma_hardened2,xilinx_u280_xdma_201920_3,3,2,6,768,256,Reduce,365.18800004614604,51.68397646586139,661.3629999492332,28.538590760972134
dma_hardened2,xilinx_u280_xdma_201920_3,3,2,6,768,256,Reduce,358.0119999924136,52.719931176608476,605.8189999293973,31.155127195085722
dma_hardened2,xilinx_u280_xdma_201920_3,3,2,6,768,256,Reduce,362.4190001119132,52.07885898413629,656.4340000068114,28.752879954122047
dma_hardened2,xilinx_u280_xdma_201920_3,3,2,6,768,256,Reduce,383.2520000059958,49.24793086456096,730.3270000420525,25.843722057260937
dma_hardened2,xilinx_u280_xdma_201920_3,3,2,6,768,256,Reduce,387.063999937709,48.76291260111374,820.4900000237103,23.00377579184947
dma_hardened2,xilinx_u280_xdma_201920_3,3,2,6,768,256,Reduce,360.2539999292276,52.3918346602894,783.087000058913,24.102517343002823
dma_hardened2,xilinx_u280_xdma_201920_3,3,2,6,768,256,Reduce,348.13500008112896,54.21565770635397,588.7500000198997,32.058374521209416
dma_hardened2,xilinx_u280_xdma_201920_3,3,2,6,768,256,Reduce,346.67499994611717,54.44398356654964,616.5710000232139,30.611832212817955
dma_hardened2,xilinx_u280_xdma_201920_3,3,2,6,768,256,Reduce,379.5960000161358,49.722252076412005,779.6520000056262,24.20870850054101
dma_hardened2,xilinx_u280_xdma_201920_3,3,2,6,768,256,Reduce,427.9949999954624,44.09950583581608,622.5019999419601,30.320172468136295
dma_hardened2,xilinx_u280_xdma_201920_3,3,2,6,768,256,Reduce,339.7479999875941,55.55402239509636,745.5539999909888,25.315896635559767
dma_hardened2,xilinx_u280_xdma_201920_3,3,2,6,768,256,Reduce,398.9809999893623,47.30643313968142,721.1769999457829,26.171616678594784
dma_hardened2,xilinx_u280_xdma_201920_3,3,2,6,768,256,Reduce,433.6460000331499,43.524829004665456,785.3690000274582,24.03248409262412
dma_hardened2,xilinx_u280_xdma_201920_3,3,2,6,768,256,Reduce,378.73400003718416,49.83542010526362,683.2479999729912,27.624476033220887
dma_hardened2,xilinx_u280_xdma_201920_3,3,2,6,1536,256,Reduce,589.3260000675582,64.05408211358845,1162.0600000696868,32.48432610857983
dma_hardened2,xilinx_u280_xdma_201920_3,3,2,6,1536,256,Reduce,535.1549999659255,70.53794882305789,987.4200000012934,38.229665188015794
dma_hardened2,xilinx_u280_xdma_201920_3,3,2,6,1536,256,Reduce,499.49699996432173,75.57349894533166,1000.8950000610639,37.714981089621766
dma_hardened2,xilinx_u280_xdma_201920_3,3,2,6,1536,256,Reduce,521.614999911435,72.36896179444486,1032.5399999828733,36.55910279565551
dma_hardened2,xilinx_u280_xdma_201920_3,3,2,6,1536,256,Reduce,514.2599999317099,73.40399020925751,1042.4729999840565,36.2107565381332
dma_hardened2,xilinx_u280_xdma_201920_3,3,2,6,1536,256,Reduce,513.8400000532783,73.46398878266768,1017.8380000525067,37.08717497092138
dma_hardened2,xilinx_u280_xdma_201920_3,3,2,6,1536,256,Reduce,597.9630000183533,63.12888255434095,1051.4220000459318,35.90255482418185
dma_hardened2,xilinx_u280_xdma_201920_3,3,2,6,1536,256,Reduce,564.1699999614502,66.91021501068715,1045.9960000162027,36.088795750093944
dma_hardened2,xilinx_u280_xdma_201920_3,3,2,6,1536,256,Reduce,509.4540000527559,74.09645619838292,858.515000004445,43.96980367239309
dma_hardened2,xilinx_u280_xdma_201920_3,3,2,6,1536,256,Reduce,538.9789999981076,70.03748940150274,1011.252000012064,37.328713317303375
dma_hardened2,xilinx_u280_xdma_201920_3,3,2,6,1536,256,Reduce,514.204000069185,73.41198433874686,984.9860000485933,38.32413455433651
dma_hardened2,xilinx_u280_xdma_201920_3,3,2,6,1536,256,Reduce,516.7589999928168,73.04901511250839,940.6589999798598,40.130096029281844
dma_hardened2,xilinx_u280_xdma_201920_3,3,2,6,1536,256,Reduce,522.1310000251833,72.29744259233662,895.2539999427245,42.16539217073037
dma_hardened2,xilinx_u280_xdma_201920_3,3,2,6,1536,256,Reduce,584.0230001012969,64.63570098001723,985.4280000354265,38.30694479824291
dma_hardened2,xilinx_u280_xdma_201920_3,3,2,6,1536,256,Reduce,569.1809999461839,66.32114565238324,949.6720000470305,39.74923552356032
dma_hardened2,xilinx_u280_xdma_201920_3,3,2,6,1536,256,Reduce,550.4609999888999,68.57658580855177,978.637000002891,38.57276599994532
dma_hardened2,xilinx_u280_xdma_201920_3,3,2,6,1536,256,Reduce,584.208000077524,64.6152329221626,1024.3409999475261,36.85172808853083
dma_hardened2,xilinx_u280_xdma_201920_3,3,2,6,1536,256,Reduce,584.1649999638321,64.61998921937666,949.3860000020504,39.761209876613385
dma_hardened2,xilinx_u280_xdma_201920_3,3,2,6,1536,256,Reduce,488.9030000185812,77.21109504045859,1068.8119999713308,35.31840585716903
dma_hardened2,xilinx_u280_xdma_201920_3,3,2,6,1536,256,Reduce,554.2850000210819,68.10347745034458,1068.3999998946092,35.332025462115006
dma_hardened2,xilinx_u280_xdma_201920_3,3,2,6,3072,256,Reduce,839.8659999784286,89.89228281885337,1475.836000054187,51.155732748915206
dma_hardened2,xilinx_u280_xdma_201920_3,3,2,6,3072,256,Reduce,838.0460000125822,90.08750354857192,1642.0749999497275,45.97687194696428
dma_hardened2,xilinx_u280_xdma_201920_3,3,2,6,3072,256,Reduce,849.3840000483033,88.884970750222,1608.999000040967,46.92201300192091
dma_hardened2,xilinx_u280_xdma_201920_3,3,2,6,3072,256,Reduce,834.5720000306756,90.46250293231142,1462.9029999468912,51.60798221258746
dma_hardened2,xilinx_u280_xdma_201920_3,3,2,6,3072,256,Reduce,862.4239999335259,87.54101463528289,1597.132000028978,47.27065264400826
dma_hardened2,xilinx_u280_xdma_201920_3,3,2,6,3072,256,Reduce,814.3720000362009,92.70637005771802,1466.4869999023722,51.4818556216496
dma_hardened2,xilinx_u280_xdma_201920_3,3,2,6,3072,256,Reduce,861.0929999122163,87.67632765299051,1503.2019999807744,50.22443557217566
dma_hardened2,xilinx_u280_xdma_201920_3,3,2,6,3072,256,Reduce,869.4440000454051,86.83419748259494,1624.6710000586972,46.46939103195193
dma_hardened2,xilinx_u280_xdma_201920_3,3,2,6,3072,256,Reduce,817.0309999968595,92.4046602886429,1605.572000016764,47.02216530881937
dma_hardened2,xilinx_u280_xdma_201920_3,3,2,6,3072,256,Reduce,833.4650000278998,90.58265433758197,1714.333999984774,44.03895156992193
dma_hardened2,xilinx_u280_xdma_201920_3,3,2,6,3072,256,Reduce,754.1960000025938,100.10325167428674,1673.7750000856977,45.10610565705337
dma_hardened2,xilinx_u280_xdma_201920_3,3,2,6,3072,256,Reduce,864.8639999364605,87.29403930045258,1764.9679999749424,42.77554720599572
dma_hardened2,xilinx_u280_xdma_201920_3,3,2,6,3072,256,Reduce,839.2439999624912,89.95890587644863,1766.5190000570874,42.73799036271911
dma_hardened2,xilinx_u280_xdma_201920_3,3,2,6,3072,256,Reduce,833.3409999750074,90.59613291829422,1537.6179999293527,49.10027848494802
dma_hardened2,xilinx_u280_xdma_201920_3,3,2,6,3072,256,Reduce,757.7110000056564,99.63887550720051,1713.5399999688161,44.0593578214538
dma_hardened2,xilinx_u280_xdma_201920_3,3,2,6,3072,256,Reduce,751.0140000022147,100.52738297791701,1535.729000011088,49.16067352993589
dma_hardened2,xilinx_u280_xdma_201920_3,3,2,6,3072,256,Reduce,763.7979999799427,98.84481499294651,1859.407999972973,40.60296180348658
dma_hardened2,xilinx_u280_xdma_201920_3,3,2,6,3072,256,Reduce,851.8280000089362,88.62994876807052,1674.774999969486,45.07917302406326
dma_hardened2,xilinx_u280_xdma_201920_3,3,2,6,3072,256,Reduce,859.8300000812742,87.80511495628637,1715.8579998977075,43.99983681895638
dma_hardened2,xilinx_u280_xdma_201920_3,3,2,6,3072,256,Reduce,835.3289999831759,90.38052312504483,1642.3920000079306,45.96799789553008
dma_hardened2,xilinx_u280_xdma_201920_3,3,2,6,6144,256,Reduce,1302.8840000970376,115.89285307729162,2816.4880000076664,53.61107308093945
dma_hardened2,xilinx_u280_xdma_201920_3,3,2,6,6144,256,Reduce,1305.25999998099,115.68189019980628,2875.5559999353864,52.509825579259406
dma_hardened2,xilinx_u280_xdma_201920_3,3,2,6,6144,256,Reduce,1259.389999972882,119.89530169625876,2798.2759999076734,53.95998965255105
dma_hardened2,xilinx_u280_xdma_201920_3,3,2,6,6144,256,Reduce,1490.2240000083111,101.32365604040594,2927.955000018301,51.57010404840792
dma_hardened2,xilinx_u280_xdma_201920_3,3,2,6,6144,256,Reduce,1587.0580000409973,95.14141511910684,2890.632999992704,52.23594416876204
dma_hardened2,xilinx_u280_xdma_201920_3,3,2,6,6144,256,Reduce,1415.68600008668,106.65849912392638,2783.4479999455652,54.247445615277506
dma_hardened2,xilinx_u280_xdma_201920_3,3,2,6,6144,256,Reduce,1356.4220000716887,111.31856014722537,2851.819000056821,52.946888984536365
dma_hardened2,xilinx_u280_xdma_201920_3,3,2,6,6144,256,Reduce,1336.525000056099,112.97577224044605,2754.3050000531366,54.82143190281649
dma_hardened2,xilinx_u280_xdma_201920_3,3,2,6,6144,256,Reduce,1333.9239999368147,113.19606214983187,2578.1709999819213,58.56669088321093
dma_hardened2,xilinx_u280_xdma_201920_3,3,2,6,6144,256,Reduce,1260.7089998937226,119.7698628412495,2825.2910000219345,53.44403249039753
dma_hardened2,xilinx_u280_xdma_201920_3,3,2,6,6144,256,Reduce,1452.4679999112777,103.9575013075836,2972.3630000262347,50.79963113477974
dma_hardened2,xilinx_u280_xdma_201920_3,3,2,6,6144,256,Reduce,1617.9549999151277,93.32456341982359,2583.6549999667113,58.44237872391843
dma_hardened2,xilinx_u280_xdma_201920_3,3,2,6,6144,256,Reduce,1345.0429999011249,112.2603099016907,2814.620000094692,53.646653542901035
dma_hardened2,xilinx_u280_xdma_201920_3,3,2,6,6144,256,Reduce,1582.9980000034993,95.3854294191567,3189.262999967468,47.344776520951775
dma_hardened2,xilinx_u280_xdma_201920_3,3,2,6,6144,256,Reduce,1338.8219999797002,112.78194114101012,2702.9859999174732,55.86227379816623
dma_hardened2,xilinx_u280_xdma_201920_3,3,2,6,6144,256,Reduce,1245.2740000981066,121.25439380257207,2784.709000025032,54.22288073857724
dma_hardened2,xilinx_u280_xdma_201920_3,3,2,6,6144,256,Reduce,1487.7459999524945,101.49242142463933,2863.0169999814825,52.73980000851431
dma_hardened2,xilinx_u280_xdma_201920_3,3,2,6,6144,256,Reduce,1364.8330000251008,110.63254185473464,2845.4490000058286,53.065419200868014
dma_hardened2,xilinx_u280_xdma_201920_3,3,2,6,6144,256,Reduce,1444.1439999473005,104.55670903006217,2818.5370000528565,53.572099283127514
dma_hardened2,xilinx_u280_xdma_201920_3,3,2,6,6144,256,Reduce,1544.0229999512667,97.79319608889621,2837.666999994326,53.21094547045229
dma_hardened2,xilinx_u280_xdma_201920_3,3,2,6,12288,256,Reduce,2379.768999958287,126.89882421583495,5058.299999973315,59.70185398287827
dma_hardened2,xilinx_u280_xdma_201920_3,3,2,6,12288,256,Reduce,2413.328999978148,125.13415618124772,5057.170999975824,59.715182263254235
dma_hardened2,xilinx_u280_xdma_201920_3,3,2,6,12288,256,Reduce,2473.2619999667804,122.1018590040425,5184.875999930227,58.244380001385544
dma_hardened2,xilinx_u280_xdma_201920_3,3,2,6,12288,256,Reduce,2488.1360000108543,121.37193786781854,5196.348999902511,58.11578244757341
dma_hardened2,xilinx_u280_xdma_201920_3,3,2,6,12288,256,Reduce,2512.9379999953017,120.17403055728579,5050.955999990947,59.78865941428539
dma_hardened2,xilinx_u280_xdma_201920_3,3,2,6,12288,256,Reduce,2530.278999984148,119.35043052639331,5270.864000067377,57.29419085678168
dma_hardened2,xilinx_u280_xdma_201920_3,3,2,6,12288,256,Reduce,2378.3010000215654,126.97715217597003,5244.100000027174,57.586599797569676
dma_hardened2,xilinx_u280_xdma_201920_3,3,2,6,12288,256,Reduce,2450.04099997459,123.25911607321349,5184.816999985742,58.24504278566254
dma_hardened2,xilinx_u280_xdma_201920_3,3,2,6,12288,256,Reduce,2480.9540000205743,121.72329192620889,4871.190000017123,61.99509524344944
dma_hardened2,xilinx_u280_xdma_201920_3,3,2,6,12288,256,Reduce,2370.7509999439935,127.38152931587256,5167.922999930852,58.43544650414503
dma_hardened2,xilinx_u280_xdma_201920_3,3,2,6,12288,256,Reduce,2491.903999953138,121.18841175489874,5244.467000011355,57.5825699731443
dma_hardened2,xilinx_u280_xdma_201920_3,3,2,6,12288,256,Reduce,2459.2879999545403,122.7956579325326,5086.92800008248,59.36586639227123
dma_hardened2,xilinx_u280_xdma_201920_3,3,2,6,12288,256,Reduce,2578.5910000877266,117.11430311737146,5270.827000003919,57.29459304958699
dma_hardened2,xilinx_u280_xdma_201920_3,3,2,6,12288,256,Reduce,2373.940999973456,127.21035948381895,5220.328000064001,57.8488340189156
dma_hardened2,xilinx_u280_xdma_201920_3,3,2,6,12288,256,Reduce,2485.39200003961,121.50593869908133,5190.687999970578,58.17916391848475
dma_hardened2,xilinx_u280_xdma_201920_3,3,2,6,12288,256,Reduce,2395.7559999416844,126.05202199529118,5138.166000051569,58.77386756227204
dma_hardened2,xilinx_u280_xdma_201920_3,3,2,6,12288,256,Reduce,2424.316999963594,124.56699680963135,5034.94600002341,59.978773952808204
dma_hardened2,xilinx_u280_xdma_201920_3,3,2,6,12288,256,Reduce,2451.9469999404464,123.16330165673843,5266.297999924063,57.34386622336117
dma_hardened2,xilinx_u280_xdma_201920_3,3,2,6,12288,256,Reduce,2558.0530000297586,118.05458604512371,5193.994000023849,58.14213262445304
dma_hardened2,xilinx_u280_xdma_201920_3,3,2,6,12288,256,Reduce,2528.924999978699,119.41433138687137,5011.902999967788,60.254535652813104
dma_hardened2,xilinx_u280_xdma_201920_3,3,2,6,24576,256,Reduce,4416.915999968296,136.74241846671643,9372.086999974272,64.44453364567124
dma_hardened2,xilinx_u280_xdma_201920_3,3,2,6,24576,256,Reduce,4487.1810000586265,134.60116184127824,9158.530999911818,65.94723280467308
dma_hardened2,xilinx_u280_xdma_201920_3,3,2,6,24576,256,Reduce,4402.392999963922,137.19351634553064,9313.348000091537,64.85098334069163
dma_hardened2,xilinx_u280_xdma_201920_3,3,2,6,24576,256,Reduce,4537.4530000117375,133.1098693470627,9137.882999993963,66.0962474569218
dma_hardened2,xilinx_u280_xdma_201920_3,3,2,6,24576,256,Reduce,4548.309000028894,132.79215989858275,9198.57199994567,65.66016725243519
dma_hardened2,xilinx_u280_xdma_201920_3,3,2,6,24576,256,Reduce,4557.233000014094,132.53212552400373,9137.341000041488,66.10016809017608
dma_hardened2,xilinx_u280_xdma_201920_3,3,2,6,24576,256,Reduce,4376.084000000446,138.01832323144126,9225.308999930348,65.4698694650293
dma_hardened2,xilinx_u280_xdma_201920_3,3,2,6,24576,256,Reduce,4609.374999972715,131.03290055670786,9080.370000106086,66.51488606664086
dma_hardened2,xilinx_u280_xdma_201920_3,3,2,6,24576,256,Reduce,4413.922000026105,136.83517198455883,9372.54399991616,64.44139136667725
dma_hardened2,xilinx_u280_xdma_201920_3,3,2,6,24576,256,Reduce,4528.798000023926,133.36425603367806,9236.206999958085,65.39262015270347
dma_hardened2,xilinx_u280_xdma_201920_3,3,2,6,24576,256,Reduce,4381.470999987869,137.84863028915913,9350.469999958477,64.59352053989608
dma_hardened2,xilinx_u280_xdma_201920_3,3,2,6,24576,256,Reduce,4363.512999930208,138.41594513632947,9297.670000023572,64.96033694446767
dma_hardened2,xilinx_u280_xdma_201920_3,3,2,6,24576,256,Reduce,4535.168999950656,133.17690608807996,9129.357999995591,66.15796817260224
dma_hardened2,xilinx_u280_xdma_201920_3,3,2,6,24576,256,Reduce,4409.9519999463155,136.95835601098437,9282.756000061454,65.06470449034764
dma_hardened2,xilinx_u280_xdma_201920_3,3,2,6,24576,256,Reduce,4358.001000014156,138.59101363171743,9259.316999987277,65.22940903749488
dma_hardened2,xilinx_u280_xdma_201920_3,3,2,6,24576,256,Reduce,4522.99200003381,133.5354508686916,9316.843999954472,64.82664902438546
dma_hardened2,xilinx_u280_xdma_201920_3,3,2,6,24576,256,Reduce,4526.162000047407,133.44192629288875,9239.944000000833,65.36617278199365
dma_hardened2,xilinx_u280_xdma_201920_3,3,2,6,24576,256,Reduce,4438.2229999655465,136.08594611056915,9219.466999979886,65.51135504919294
dma_hardened2,xilinx_u280_xdma_201920_3,3,2,6,24576,256,Reduce,4360.703999964244,138.50510743333012,9298.545999968155,64.95421714341882
dma_hardened2,xilinx_u280_xdma_201920_3,3,2,6,24576,256,Reduce,4424.009999979717,136.5231489085172,9336.380000036115,64.69100186556928
experiment,board_instance,number of nodes,rank id,number of banks,buffer size[KB],segment_size[KB],collective name,execution_time[us],throughput[Gbps],execution_time_fullpath[us],throughput_fullpath[Gbps]
dma_hardened2,xilinx_u280_xdma_201920_3,3,2,6,24,256,Allreduce,291.25819999080704,2.0250897657769515,390.4272999989189,1.5107140305035873
dma_hardened2,xilinx_u280_xdma_201920_3,3,2,6,24,256,Allreduce,257.38150000051974,2.2916332370384387,428.7767000050735,1.3755971348093796
dma_hardened2,xilinx_u280_xdma_201920_3,3,2,6,24,256,Allreduce,257.528099996307,2.290328705909989,402.7957000062088,1.4643254632333669
dma_hardened2,xilinx_u280_xdma_201920_3,3,2,6,24,256,Allreduce,273.04989999947793,2.1601326351012315,372.43049999915456,1.5837156194278903
dma_hardened2,xilinx_u280_xdma_201920_3,3,2,6,24,256,Allreduce,252.39440000177635,2.3369139727182886,376.76599999940663,1.5654915783295968
dma_hardened2,xilinx_u280_xdma_201920_3,3,2,6,24,256,Allreduce,337.7182000008361,1.7464975236707405,377.76479999820367,1.5613524605860702
dma_hardened2,xilinx_u280_xdma_201920_3,3,2,6,24,256,Allreduce,252.2029000033399,2.338688413147466,442.9457000014736,1.331594369237669
dma_hardened2,xilinx_u280_xdma_201920_3,3,2,6,24,256,Allreduce,286.26590000158103,2.060406076996046,389.1270000053737,1.5157622061482618
dma_hardened2,xilinx_u280_xdma_201920_3,3,2,6,24,256,Allreduce,276.19150000646187,2.1355617388160035,459.1536000020824,1.2845897320576927
dma_hardened2,xilinx_u280_xdma_201920_3,3,2,6,24,256,Allreduce,246.1526000047343,2.396172130575325,436.6726999933235,1.3507233220877288
dma_hardened2,xilinx_u280_xdma_201920_3,3,2,6,24,256,Allreduce,254.1834999988168,2.320465333126444,397.21490001056736,1.4848989803361063
dma_hardened2,xilinx_u280_xdma_201920_3,3,2,6,24,256,Allreduce,238.82039999989502,2.469738766036148,408.0218000012792,1.445569820039397
dma_hardened2,xilinx_u280_xdma_201920_3,3,2,6,24,256,Allreduce,287.91510000019116,2.04860391136001,379.13439999783805,1.5557121696247118
dma_hardened2,xilinx_u280_xdma_201920_3,3,2,6,24,256,Allreduce,307.78909999753523,1.9163251720243613,425.35299999144627,1.386669425187694
dma_hardened2,xilinx_u280_xdma_201920_3,3,2,6,24,256,Allreduce,270.59679999865693,2.179715355107405,548.7238999990041,1.0749012390403816
dma_hardened2,xilinx_u280_xdma_201920_3,3,2,6,24,256,Allreduce,251.58509999982925,2.344431367359992,415.3492999989794,1.4200673986965893
dma_hardened2,xilinx_u280_xdma_201920_3,3,2,6,24,256,Allreduce,263.8379000018176,2.2355544824907136,362.0894000050612,1.6289457796658935
dma_hardened2,xilinx_u280_xdma_201920_3,3,2,6,24,256,Allreduce,262.30900000427937,2.2485846844384962,384.79969999798413,1.5328078478311962
dma_hardened2,xilinx_u280_xdma_201920_3,3,2,6,24,256,Allreduce,254.8665000063011,2.3142468703631813,403.1384999962029,1.4630803061616677
dma_hardened2,xilinx_u280_xdma_201920_3,3,2,6,24,256,Allreduce,253.3048000032068,2.3285148958587953,402.12879999899087,1.4667539355586572
dma_hardened2,xilinx_u280_xdma_201920_3,3,2,6,48,256,Allreduce,281.8712000021151,4.185060410539098,429.6538999938093,2.745577312383286
dma_hardened2,xilinx_u280_xdma_201920_3,3,2,6,48,256,Allreduce,257.3371000039515,4.584057254013844,444.5734999990236,2.653437508089418
dma_hardened2,xilinx_u280_xdma_201920_3,3,2,6,48,256,Allreduce,281.4330999967751,4.19157519145231,397.33060000344267,2.968933175521289
dma_hardened2,xilinx_u280_xdma_201920_3,3,2,6,48,256,Allreduce,262.8082000001086,4.488627067190112,412.02730000122756,2.8630335902414368
dma_hardened2,xilinx_u280_xdma_201920_3,3,2,6,48,256,Allreduce,249.0310999974099,4.736950525505726,460.14759999479793,2.563629583232285
dma_hardened2,xilinx_u280_xdma_201920_3,3,2,6,48,256,Allreduce,297.12599999811573,3.970194462980288,375.3395999979148,3.142881806253733
dma_hardened2,xilinx_u280_xdma_201920_3,3,2,6,48,256,Allreduce,269.09009999371847,4.383840208270529,453.1896000003144,2.602990006829772
dma_hardened2,xilinx_u280_xdma_201920_3,3,2,6,48,256,Allreduce,258.9052999951491,4.5562914317401075,464.21649999501824,2.5411591359046035
dma_hardened2,xilinx_u280_xdma_201920_3,3,2,6,48,256,Allreduce,268.10609999756707,4.399929729352315,392.6482999986547,3.004337469445409
dma_hardened2,xilinx_u280_xdma_201920_3,3,2,6,48,256,Allreduce,314.6324999988792,3.7492884555924837,386.8927999974403,3.04903063589657
dma_hardened2,xilinx_u280_xdma_201920_3,3,2,6,48,256,Allreduce,278.5829999993439,4.23445795329499,425.02569999669504,2.775474518386001
dma_hardened2,xilinx_u280_xdma_201920_3,3,2,6,48,256,Allreduce,297.9821000053562,3.9587881284775026,437.51429999474567,2.696250156884397
dma_hardened2,xilinx_u280_xdma_201920_3,3,2,6,48,256,Allreduce,261.1361000049328,4.517368529198823,531.3042000011592,2.22028736079524
dma_hardened2,xilinx_u280_xdma_201920_3,3,2,6,48,256,Allreduce,315.66740000243954,3.7369965982894766,393.29060000454774,2.9994309550911193
dma_hardened2,xilinx_u280_xdma_201920_3,3,2,6,48,256,Allreduce,275.9502000003522,4.2748582896424585,416.3772999959292,2.8331227471130944
dma_hardened2,xilinx_u280_xdma_201920_3,3,2,6,48,256,Allreduce,265.47649999884015,4.443511949287993,367.6632000065183,3.2085016938847457
dma_hardened2,xilinx_u280_xdma_201920_3,3,2,6,48,256,Allreduce,255.5065000024115,4.616900157095285,422.5127999916367,2.7919816867639278
dma_hardened2,xilinx_u280_xdma_201920_3,3,2,6,48,256,Allreduce,309.2686000059075,3.8143154525789784,437.0757999936359,2.6989551927083966
dma_hardened2,xilinx_u280_xdma_201920_3,3,2,6,48,256,Allreduce,332.42460000337815,3.548618243018153,539.9038999939876,2.184922168580625
dma_hardened2,xilinx_u280_xdma_201920_3,3,2,6,48,256,Allreduce,273.11860000054367,4.319178554655933,542.4220000008972,2.1747790465689976
dma_hardened2,xilinx_u280_xdma_201920_3,3,2,6,96,256,Allreduce,277.58659999790325,8.499315168735887,416.04259999985516,5.670803903256112
dma_hardened2,xilinx_u280_xdma_201920_3,3,2,6,96,256,Allreduce,277.12259999361777,8.513545990310194,486.55790000111665,4.8489522007444235
dma_hardened2,xilinx_u280_xdma_201920_3,3,2,6,96,256,Allreduce,332.36739999438214,7.09845791145545,456.1558999967019,5.172126459434281
dma_hardened2,xilinx_u280_xdma_201920_3,3,2,6,96,256,Allreduce,272.1567000094183,8.668888180663396,570.5767999984346,4.1349315289483775
dma_hardened2,xilinx_u280_xdma_201920_3,3,2,6,96,256,Allreduce,317.5358000021333,7.430015765101602,545.0150000001486,4.328864343182035
dma_hardened2,xilinx_u280_xdma_201920_3,3,2,6,96,256,Allreduce,284.8127999982353,8.283672643977441,519.9230000016541,4.537779632738874
dma_hardened2,xilinx_u280_xdma_201920_3,3,2,6,96,256,Allreduce,279.99089999184434,8.426330998860044,431.7310999908841,5.464734877913164
dma_hardened2,xilinx_u280_xdma_201920_3,3,2,6,96,256,Allreduce,349.1922000080194,6.756439576673869,425.1279999948565,5.549613293004799
dma_hardened2,xilinx_u280_xdma_201920_3,3,2,6,96,256,Allreduce,277.6526000047852,8.49729482079166,421.26079999889043,5.600559083603825
dma_hardened2,xilinx_u280_xdma_201920_3,3,2,6,96,256,Allreduce,315.83600000431034,7.470003419394248,447.57779999144987,5.2712534000682565
dma_hardened2,xilinx_u280_xdma_201920_3,3,2,6,96,256,Allreduce,296.72499999833235,7.951119723694531,549.6512000036091,4.292351221983157
dma_hardened2,xilinx_u280_xdma_201920_3,3,2,6,96,256,Allreduce,268.3401000012964,8.792185737385513,532.4107999967964,4.431345119246635
dma_hardened2,xilinx_u280_xdma_201920_3,3,2,6,96,256,Allreduce,304.28560000927973,7.7535578414754065,475.44410000455173,4.962299458500827
dma_hardened2,xilinx_u280_xdma_201920_3,3,2,6,96,256,Allreduce,313.412800005608,7.527758917178189,505.48119999120905,4.667425811367527
dma_hardened2,xilinx_u280_xdma_201920_3,3,2,6,96,256,Allreduce,310.56809999654433,7.596710673202598,390.88990000664126,6.035704682980848
dma_hardened2,xilinx_u280_xdma_201920_3,3,2,6,96,256,Allreduce,329.8158000006879,7.153374701864129,424.2739000005713,5.560785143740454
dma_hardened2,xilinx_u280_xdma_201920_3,3,2,6,96,256,Allreduce,309.9028999940856,7.6130168515526195,444.9740999916685,5.302097358125281
dma_hardened2,xilinx_u280_xdma_201920_3,3,2,6,96,256,Allreduce,270.8136000023842,8.711881530245266,433.80500000012034,5.438609513489576
dma_hardened2,xilinx_u280_xdma_201920_3,3,2,6,96,256,Allreduce,306.4193999989584,7.6995647142707675,462.219799999275,5.10427290220735
dma_hardened2,xilinx_u280_xdma_201920_3,3,2,6,96,256,Allreduce,290.26169999042395,8.128168477197768,453.48570000669497,5.202580808976267
dma_hardened2,xilinx_u280_xdma_201920_3,3,2,6,192,256,Allreduce,391.5834999929757,12.050027644384002,681.6512999989754,6.922295901155168
dma_hardened2,xilinx_u280_xdma_201920_3,3,2,6,192,256,Allreduce,346.7817999990075,13.606804048002244,513.3723000085411,9.191364629376178
dma_hardened2,xilinx_u280_xdma_201920_3,3,2,6,192,256,Allreduce,343.3348999919872,13.74340913233733,600.1311999966674,7.862600711354788
dma_hardened2,xilinx_u280_xdma_201920_3,3,2,6,192,256,Allreduce,371.53240000407095,12.700351301658475,518.5267000001659,9.09999812931232
dma_hardened2,xilinx_u280_xdma_201920_3,3,2,6,192,256,Allreduce,405.55919999860635,11.634779829963701,614.7240000018428,7.6759521345935
dma_hardened2,xilinx_u280_xdma_201920_3,3,2,6,192,256,Allreduce,353.3935000064048,13.35223200176144,583.713200001057,8.083750718660218
dma_hardened2,xilinx_u280_xdma_201920_3,3,2,6,192,256,Allreduce,401.6279000097711,11.748665866801591,569.0318999995725,8.292315422041446
dma_hardened2,xilinx_u280_xdma_201920_3,3,2,6,192,256,Allreduce,348.4585000023799,13.541331320566934,529.1804000080447,8.916792836485001
dma_hardened2,xilinx_u280_xdma_201920_3,3,2,6,192,256,Allreduce,419.11650000656664,11.258425759725684,536.983099993904,8.787226264762461
dma_hardened2,xilinx_u280_xdma_201920_3,3,2,6,192,256,Allreduce,404.7807000006287,11.657156578840521,575.1837000047999,8.20362607626159
dma_hardened2,xilinx_u280_xdma_201920_3,3,2,6,192,256,Allreduce,370.8394000000226,12.724084873397251,586.2292000074376,8.049056580498096
dma_hardened2,xilinx_u280_xdma_201920_3,3,2,6,192,256,Allreduce,399.0998000062973,11.823087859040637,601.114599999164,7.849737803750836
dma_hardened2,xilinx_u280_xdma_201920_3,3,2,6,192,256,Allreduce,370.4277999986516,12.738223211155253,574.0013000036015,8.220524936041771
dma_hardened2,xilinx_u280_xdma_201920_3,3,2,6,192,256,Allreduce,375.46229999634306,12.567418886119746,579.5047999981762,8.142455420584696
dma_hardened2,xilinx_u280_xdma_201920_3,3,2,6,192,256,Allreduce,384.93920000064463,12.258018928683017,569.0614999934951,8.291884093466063
dma_hardened2,xilinx_u280_xdma_201920_3,3,2,6,192,256,Allreduce,410.9385999981896,11.48247451084125,570.8799000103681,8.265472299715409
dma_hardened2,xilinx_u280_xdma_201920_3,3,2,6,192,256,Allreduce,369.87619999990784,12.757219848157776,455.7487000056426,10.353495248459467
dma_hardened2,xilinx_u280_xdma_201920_3,3,2,6,192,256,Allreduce,396.37380000385747,11.904399332029714,619.7814000074686,7.613316566039476
dma_hardened2,xilinx_u280_xdma_201920_3,3,2,6,192,256,Allreduce,330.6506000058107,14.270628875063517,588.3209999979044,8.020437822237874
dma_hardened2,xilinx_u280_xdma_201920_3,3,2,6,192,256,Allreduce,374.3446999919797,12.604938710501564,601.0175000028539,7.851006002283784
dma_hardened2,xilinx_u280_xdma_201920_3,3,2,6,384,256,Allreduce,467.52360000255067,20.185470850987016,718.2779000004302,13.138625036346445
dma_hardened2,xilinx_u280_xdma_201920_3,3,2,6,384,256,Allreduce,436.1218999974881,21.638867481899798,738.5402000068098,12.778158859751958
dma_hardened2,xilinx_u280_xdma_201920_3,3,2,6,384,256,Allreduce,478.6750999983269,19.715218109387735,674.2978000033872,13.995572875890435
dma_hardened2,xilinx_u280_xdma_201920_3,3,2,6,384,256,Allreduce,487.9576000007546,19.340172178864325,718.5995999975603,13.132743185540377
dma_hardened2,xilinx_u280_xdma_201920_3,3,2,6,384,256,Allreduce,490.4102000068633,19.243449666968438,782.4647000006735,12.06084312812051
dma_hardened2,xilinx_u280_xdma_201920_3,3,2,6,384,256,Allreduce,490.84880000691555,19.22625460196101,626.0610000026645,15.07390493891144
dma_hardened2,xilinx_u280_xdma_201920_3,3,2,6,384,256,Allreduce,505.092500009141,18.68407073917987,644.1601999995328,14.650368029578427
dma_hardened2,xilinx_u280_xdma_201920_3,3,2,6,384,256,Allreduce,498.88589999227406,18.916517785221327,728.8258000016867,12.9484768513658
dma_hardened2,xilinx_u280_xdma_201920_3,3,2,6,384,256,Allreduce,470.2805999954762,20.067134387620456,715.6449000035536,13.186964652375973
dma_hardened2,xilinx_u280_xdma_201920_3,3,2,6,384,256,Allreduce,483.3705999999438,19.523702931045243,745.4227000039282,12.660177909728626
dma_hardened2,xilinx_u280_xdma_201920_3,3,2,6,384,256,Allreduce,470.50880000369943,20.057401689247467,672.9119999931754,14.024395463442042
dma_hardened2,xilinx_u280_xdma_201920_3,3,2,6,384,256,Allreduce,443.8294000010501,21.263088925559398,691.3578999956371,13.650215033428495
dma_hardened2,xilinx_u280_xdma_201920_3,3,2,6,384,256,Allreduce,457.2510000002694,20.638957596581395,794.7745000024042,11.874039743312666
dma_hardened2,xilinx_u280_xdma_201920_3,3,2,6,384,256,Allreduce,468.8033000093128,20.130370242301044,677.7760999966631,13.923748565413359
dma_hardened2,xilinx_u280_xdma_201920_3,3,2,6,384,256,Allreduce,504.81910000144126,18.69418966115398,733.6608000059641,12.863143294453353
dma_hardened2,xilinx_u280_xdma_201920_3,3,2,6,384,256,Allreduce,487.39709999381375,19.362413112675025,700.572400000965,13.470676264133445
dma_hardened2,xilinx_u280_xdma_201920_3,3,2,6,384,256,Allreduce,455.5568000000676,20.715713166829254,650.6540000032146,14.50415120778997
dma_hardened2,xilinx_u280_xdma_201920_3,3,2,6,384,256,Allreduce,528.721199998472,17.849074332610975,733.2173999998304,12.870922048497734
dma_hardened2,xilinx_u280_xdma_201920_3,3,2,6,384,256,Allreduce,496.3394000014887,19.013570149723545,694.2713000057665,13.592934058950176
dma_hardened2,xilinx_u280_xdma_201920_3,3,2,6,384,256,Allreduce,478.89200000099663,19.70628868300235,780.5009999970025,12.091187583406354
dma_hardened2,xilinx_u280_xdma_201920_3,3,2,6,768,256,Allreduce,636.7752999949516,29.640546673449233,960.0011000088671,19.660777471844217
dma_hardened2,xilinx_u280_xdma_201920_3,3,2,6,768,256,Allreduce,617.7188000037859,30.55495154086993,968.354700000873,19.491171984793368
dma_hardened2,xilinx_u280_xdma_201920_3,3,2,6,768,256,Allreduce,591.6608999996242,31.90065120073337,981.6189000048324,19.22779604172972
dma_hardened2,xilinx_u280_xdma_201920_3,3,2,6,768,256,Allreduce,619.6756999997888,30.458460772314346,969.0856000020176,19.476471428283222
dma_hardened2,xilinx_u280_xdma_201920_3,3,2,6,768,256,Allreduce,631.5332999974999,29.886576052402493,1053.5678999985976,17.914714372016388
dma_hardened2,xilinx_u280_xdma_201920_3,3,2,6,768,256,Allreduce,646.7864999990525,29.181759359584113,935.8016000078351,20.16919825723954
dma_hardened2,xilinx_u280_xdma_201920_3,3,2,6,768,256,Allreduce,627.9845999983991,30.055463143599567,951.8992000039361,19.828116254244097
dma_hardened2,xilinx_u280_xdma_201920_3,3,2,6,768,256,Allreduce,608.0114000042158,31.042786368592974,891.5782000030958,21.169615856393147
dma_hardened2,xilinx_u280_xdma_201920_3,3,2,6,768,256,Allreduce,650.6035000029442,29.010554046995733,927.5948999970751,20.34764097997899
dma_hardened2,xilinx_u280_xdma_201920_3,3,2,6,768,256,Allreduce,674.6059999954923,27.97835773788866,942.5888999999188,20.023965909211988
dma_hardened2,xilinx_u280_xdma_201920_3,3,2,6,768,256,Allreduce,590.5341000016051,31.96152093494465,964.8899000012534,19.561162366789706
dma_hardened2,xilinx_u280_xdma_201920_3,3,2,6,768,256,Allreduce,597.1721000037178,31.60624550256533,955.3586000038194,19.756317680004702
dma_hardened2,xilinx_u280_xdma_201920_3,3,2,6,768,256,Allreduce,549.6770000036122,34.33719802697942,969.4024000054924,19.47010653150133
dma_hardened2,xilinx_u280_xdma_201920_3,3,2,6,768,256,Allreduce,636.6329999991649,29.647171918553955,882.3087999985546,21.3920205715175
dma_hardened2,xilinx_u280_xdma_201920_3,3,2,6,768,256,Allreduce,638.1018000070071,29.578929255163892,950.1967000005607,19.8636429699123
dma_hardened2,xilinx_u280_xdma_201920_3,3,2,6,768,256,Allreduce,654.8543999997491,28.822235904664044,915.0123999916104,20.627445049021254
dma_hardened2,xilinx_u280_xdma_201920_3,3,2,6,768,256,Allreduce,620.5964000059794,30.413273425076504,927.131699995698,20.35780677123604
dma_hardened2,xilinx_u280_xdma_201920_3,3,2,6,768,256,Allreduce,636.7742000065846,29.640597875675283,979.8079999995934,19.263333224476458
dma_hardened2,xilinx_u280_xdma_201920_3,3,2,6,768,256,Allreduce,621.6782000024068,30.36035041911865,936.2050000049749,20.160507581031617
dma_hardened2,xilinx_u280_xdma_201920_3,3,2,6,768,256,Allreduce,639.5170000018879,29.51347344940679,980.1369000001614,19.256869116953858
dma_hardened2,xilinx_u280_xdma_201920_3,3,2,6,1536,256,Allreduce,880.72869999678,42.860799245145536,1455.474800002321,25.935685042392905
dma_hardened2,xilinx_u280_xdma_201920_3,3,2,6,1536,256,Allreduce,872.1959000013157,43.28011172712811,1491.260099999181,25.313314558621084
dma_hardened2,xilinx_u280_xdma_201920_3,3,2,6,1536,256,Allreduce,905.7450000000244,41.67700180514271,1438.3447999989585,26.244566671376244
dma_hardened2,xilinx_u280_xdma_201920_3,3,2,6,1536,256,Allreduce,860.5217999956949,43.86726286328697,1542.3936000047433,24.474126448582197
dma_hardened2,xilinx_u280_xdma_201920_3,3,2,6,1536,256,Allreduce,817.6809000019603,46.16560812403653,1517.5173999978142,24.875323340644645
dma_hardened2,xilinx_u280_xdma_201920_3,3,2,6,1536,256,Allreduce,896.5863000071295,42.10273567608587,1468.3020999996188,25.709107138108568
dma_hardened2,xilinx_u280_xdma_201920_3,3,2,6,1536,256,Allreduce,880.5854000002,42.867774096630974,1419.9986999983594,26.58364123857551
dma_hardened2,xilinx_u280_xdma_201920_3,3,2,6,1536,256,Allreduce,878.2153000083781,42.98346430498294,1483.0325999923843,25.453746600171733
dma_hardened2,xilinx_u280_xdma_201920_3,3,2,6,1536,256,Allreduce,842.1214999998483,44.82575970332879,1441.674399995918,26.18395388036777
dma_hardened2,xilinx_u280_xdma_201920_3,3,2,6,1536,256,Allreduce,872.8437999934613,43.247985493260984,1415.7220999891251,26.66394485209348
dma_hardened2,xilinx_u280_xdma_201920_3,3,2,6,1536,256,Allreduce,901.3130999960595,41.881934258100806,1439.7400999996535,26.219132189211848
dma_hardened2,xilinx_u280_xdma_201920_3,3,2,6,1536,256,Allreduce,899.7862000001078,41.953006169682844,1485.770700003286,25.406838349899154
dma_hardened2,xilinx_u280_xdma_201920_3,3,2,6,1536,256,Allreduce,816.6460999973424,46.22410613376204,1449.4891000026655,26.042787075756955
dma_hardened2,xilinx_u280_xdma_201920_3,3,2,6,1536,256,Allreduce,848.2819000050767,44.50022569121666,1454.777199990076,25.948121815668756
dma_hardened2,xilinx_u280_xdma_201920_3,3,2,6,1536,256,Allreduce,875.0254000005953,43.140160274175265,1474.263600005088,25.605146867812326
dma_hardened2,xilinx_u280_xdma_201920_3,3,2,6,1536,256,Allreduce,876.8576999955258,43.050013702557,1464.6143999925698,25.773839175820957
dma_hardened2,xilinx_u280_xdma_201920_3,3,2,6,1536,256,Allreduce,864.5653000030507,43.66209932305495,1409.2356999981348,26.786673088149815
dma_hardened2,xilinx_u280_xdma_201920_3,3,2,6,1536,256,Allreduce,848.5869999958595,44.48422613142104,1470.4144000006636,25.67217513646695
dma_hardened2,xilinx_u280_xdma_201920_3,3,2,6,1536,256,Allreduce,888.8782999974865,42.4678338981914,1453.6028999941664,25.969084128926472
dma_hardened2,xilinx_u280_xdma_201920_3,3,2,6,1536,256,Allreduce,910.6216000077438,41.45381133028141,1510.2266000099007,24.995411946626106
dma_hardened2,xilinx_u280_xdma_201920_3,3,2,6,3072,256,Allreduce,1422.089599998344,53.0891105596215,2515.0465999900007,30.01831934259197
dma_hardened2,xilinx_u280_xdma_201920_3,3,2,6,3072,256,Allreduce,1478.7944999966385,51.053389771311444,2348.4682000002977,32.14753855299826
dma_hardened2,xilinx_u280_xdma_201920_3,3,2,6,3072,256,Allreduce,1462.3292000010224,51.62823254842153,2350.436599999739,32.12061622934581
dma_hardened2,xilinx_u280_xdma_201920_3,3,2,6,3072,256,Allreduce,1463.8486999956513,51.57464155976248,2416.468499995972,31.242895158834408
dma_hardened2,xilinx_u280_xdma_201920_3,3,2,6,3072,256,Allreduce,1510.7375000070533,49.973918036487156,2447.832899997593,30.84257589644875
dma_hardened2,xilinx_u280_xdma_201920_3,3,2,6,3072,256,Allreduce,1445.958099998279,52.21276605462486,2451.045000009344,30.80215663103377
dma_hardened2,xilinx_u280_xdma_201920_3,3,2,6,3072,256,Allreduce,1468.3042000001478,51.418140736771306,2378.389800003333,31.74310283364577
dma_hardened2,xilinx_u280_xdma_201920_3,3,2,6,3072,256,Allreduce,1463.2117000019207,51.59709425498778,2384.187200004817,31.66591616625048
dma_hardened2,xilinx_u280_xdma_201920_3,3,2,6,3072,256,Allreduce,1457.6949999991484,51.792365343946514,2429.7793000073398,31.07174054852305
dma_hardened2,xilinx_u280_xdma_201920_3,3,2,6,3072,256,Allreduce,1472.9153000075712,51.2571714066735,2428.7976000096023,31.08429949029162
dma_hardened2,xilinx_u280_xdma_201920_3,3,2,6,3072,256,Allreduce,1448.9174999994248,52.10612198419163,2481.0744999967937,30.429345027768235
dma_hardened2,xilinx_u280_xdma_201920_3,3,2,6,3072,256,Allreduce,1492.1648000040477,50.59593417549804,2359.8088999960964,31.993044860592267
dma_hardened2,xilinx_u280_xdma_201920_3,3,2,6,3072,256,Allreduce,1506.9196000013108,50.10053091082917,2454.09929999596,30.763821170612083
dma_hardened2,xilinx_u280_xdma_201920_3,3,2,6,3072,256,Allreduce,1448.9759999946727,52.10401828620872,2478.9896000015688,30.45493696300792
dma_hardened2,xilinx_u280_xdma_201920_3,3,2,6,3072,256,Allreduce,1435.8433999973386,52.580575291246895,2377.538399991863,31.75447008563916
dma_hardened2,xilinx_u280_xdma_201920_3,3,2,6,3072,256,Allreduce,1446.5382000025784,52.19182735711053,2432.699199994204,31.034446017896453
dma_hardened2,xilinx_u280_xdma_201920_3,3,2,6,3072,256,Allreduce,1485.4481000043052,50.824712085047736,2384.0813999981947,31.66732142621354
dma_hardened2,xilinx_u280_xdma_201920_3,3,2,6,3072,256,Allreduce,1432.0644999997967,52.719323745551065,2399.554199996601,31.463124275378714
dma_hardened2,xilinx_u280_xdma_201920_3,3,2,6,3072,256,Allreduce,1420.165399997586,53.16104166467393,2448.8098000006175,30.830271914127817
dma_hardened2,xilinx_u280_xdma_201920_3,3,2,6,3072,256,Allreduce,1514.610599997468,49.84612678673067,2344.0533000098185,32.208086735776774
dma_hardened2,xilinx_u280_xdma_201920_3,3,2,6,6144,256,Allreduce,2606.279300005099,57.93505861006708,4074.376300002314,37.059646159809596
dma_hardened2,xilinx_u280_xdma_201920_3,3,2,6,6144,256,Allreduce,2627.1226999938335,57.47540607842733,4057.00500000421,37.218328298792656
dma_hardened2,xilinx_u280_xdma_201920_3,3,2,6,6144,256,Allreduce,2615.502200001174,57.7307654338552,4142.988000000969,36.44590426039483
dma_hardened2,xilinx_u280_xdma_201920_3,3,2,6,6144,256,Allreduce,2650.332099995012,56.97208436644003,4077.5693000000506,37.03062606440512
dma_hardened2,xilinx_u280_xdma_201920_3,3,2,6,6144,256,Allreduce,2584.2226999998275,58.42954014760805,4018.4570000064928,37.57535392309935
dma_hardened2,xilinx_u280_xdma_201920_3,3,2,6,6144,256,Allreduce,2619.5115000064106,57.64240546362574,4105.745399999705,36.776499585193676
dma_hardened2,xilinx_u280_xdma_201920_3,3,2,6,6144,256,Allreduce,2582.5746999998955,58.466825373920884,4087.3699000030683,36.941834894827274
dma_hardened2,xilinx_u280_xdma_201920_3,3,2,6,6144,256,Allreduce,2599.5836000106465,58.08428088228499,4097.08720000026,36.85421779648488
dma_hardened2,xilinx_u280_xdma_201920_3,3,2,6,6144,256,Allreduce,2576.0449000017616,58.615028022181114,4058.630399993035,37.20342310555283
dma_hardened2,xilinx_u280_xdma_201920_3,3,2,6,6144,256,Allreduce,2624.5545999927344,57.53164517911649,4173.289900006694,36.181273675657614
dma_hardened2,xilinx_u280_xdma_201920_3,3,2,6,6144,256,Allreduce,2641.298100002132,57.16694529855533,4132.242200000746,36.540680989118385
dma_hardened2,xilinx_u280_xdma_201920_3,3,2,6,6144,256,Allreduce,2649.3008999977974,56.99425988196567,4208.441499997662,35.879064494560254
dma_hardened2,xilinx_u280_xdma_201920_3,3,2,6,6144,256,Allreduce,2651.779300003909,56.940992034962115,4111.568300004365,36.72441583904607
dma_hardened2,xilinx_u280_xdma_201920_3,3,2,6,6144,256,Allreduce,2583.0392999978358,58.45630920138401,4049.180499998783,37.29024774273347
dma_hardened2,xilinx_u280_xdma_201920_3,3,2,6,6144,256,Allreduce,2605.2210000102605,57.95859314791541,4066.75209999321,37.12912424641082
dma_hardened2,xilinx_u280_xdma_201920_3,3,2,6,6144,256,Allreduce,2589.526199994907,58.30987305720134,4119.5849000018825,36.65295112619987
dma_hardened2,xilinx_u280_xdma_201920_3,3,2,6,6144,256,Allreduce,2606.0842999982015,57.93939359525101,4116.083400003845,36.68413132733388
dma_hardened2,xilinx_u280_xdma_201920_3,3,2,6,6144,256,Allreduce,2601.889699997173,58.03279977631798,4094.7991000052752,36.8748112696922
dma_hardened2,xilinx_u280_xdma_201920_3,3,2,6,6144,256,Allreduce,2573.449300007269,58.67414757289895,4160.949300000993,36.288580589041054
dma_hardened2,xilinx_u280_xdma_201920_3,3,2,6,6144,256,Allreduce,2604.3264000009003,57.978502233801336,4101.7366000005495,36.81244280775606
dma_hardened2,xilinx_u280_xdma_201920_3,3,2,6,12288,256,Allreduce,4516.532000002371,66.86322337577624,7229.007299997647,41.77473828254376
dma_hardened2,xilinx_u280_xdma_201920_3,3,2,6,12288,256,Allreduce,4536.042799998086,66.57562578556963,7265.208400008305,41.566583003958264
dma_hardened2,xilinx_u280_xdma_201920_3,3,2,6,12288,256,Allreduce,4562.38230000281,66.19127204658278,7255.89780000746,41.61992028053227
dma_hardened2,xilinx_u280_xdma_201920_3,3,2,6,12288,256,Allreduce,4554.9731000051,66.29893994317155,7282.958899997993,41.465274230791444
dma_hardened2,xilinx_u280_xdma_201920_3,3,2,6,12288,256,Allreduce,4554.729300002691,66.30248871207814,7273.656399991069,41.51830542894091
dma_hardened2,xilinx_u280_xdma_201920_3,3,2,6,12288,256,Allreduce,4542.817699996249,66.47633868298288,7228.585699999712,41.777174752180365
dma_hardened2,xilinx_u280_xdma_201920_3,3,2,6,12288,256,Allreduce,4565.920900006404,66.13997364684448,7224.227000006067,41.802380794477585
dma_hardened2,xilinx_u280_xdma_201920_3,3,2,6,12288,256,Allreduce,4579.536599999301,65.94332885123052,7218.426300005376,41.835973029159426
dma_hardened2,xilinx_u280_xdma_201920_3,3,2,6,12288,256,Allreduce,4516.385099998388,66.86539816990093,7247.375299994019,41.668862933074436
dma_hardened2,xilinx_u280_xdma_201920_3,3,2,6,12288,256,Allreduce,4555.6848999922295,66.28858110896017,7228.651499997341,41.776794468527235
dma_hardened2,xilinx_u280_xdma_201920_3,3,2,6,12288,256,Allreduce,4510.666199996649,66.9501742337361,7213.10149999681,41.86685685764072
dma_hardened2,xilinx_u280_xdma_201920_3,3,2,6,12288,256,Allreduce,4550.986399999601,66.35701833783253,7241.296999995939,41.70383951938021
dma_hardened2,xilinx_u280_xdma_201920_3,3,2,6,12288,256,Allreduce,4538.890599997103,66.53385477063333,7215.871400001106,41.850785755404914
dma_hardened2,xilinx_u280_xdma_201920_3,3,2,6,12288,256,Allreduce,4560.874799994963,66.21315016152899,7225.994300006278,41.79215696305457
dma_hardened2,xilinx_u280_xdma_201920_3,3,2,6,12288,256,Allreduce,4585.629799998969,65.85570601448636,7266.118300003654,41.561377826706746
dma_hardened2,xilinx_u280_xdma_201920_3,3,2,6,12288,256,Allreduce,4556.021899998086,66.28367787260348,7198.125100001107,41.95396492899985
dma_hardened2,xilinx_u280_xdma_201920_3,3,2,6,12288,256,Allreduce,4575.9342999986075,65.99524123414358,7212.466700002551,41.87054173850025
dma_hardened2,xilinx_u280_xdma_201920_3,3,2,6,12288,256,Allreduce,4571.858500003145,66.05407582054262,7193.446799999492,41.98124993431818
dma_hardened2,xilinx_u280_xdma_201920_3,3,2,6,12288,256,Allreduce,4572.800599999027,66.04046719204511,7193.041400000766,41.98361599864667
dma_hardened2,xilinx_u280_xdma_201920_3,3,2,6,12288,256,Allreduce,4548.459399995863,66.39388448762995,7240.570900000876,41.70802166994366
dma_hardened2,xilinx_u280_xdma_201920_3,3,2,6,24576,256,Allreduce,8425.161600007414,71.68761914305223,13255.362600000353,45.56493807268493
dma_hardened2,xilinx_u280_xdma_201920_3,3,2,6,24576,256,Allreduce,8403.550900004575,71.87197212069854,13237.378999997418,45.626840177358204
dma_hardened2,xilinx_u280_xdma_201920_3,3,2,6,24576,256,Allreduce,8404.285899996466,71.86568653028021,13255.37359999771,45.56490026053316
dma_hardened2,xilinx_u280_xdma_201920_3,3,2,6,24576,256,Allreduce,8421.766200001457,71.71652141090019,13241.061799999443,45.61414976554414
dma_hardened2,xilinx_u280_xdma_201920_3,3,2,6,24576,256,Allreduce,8418.087799998375,71.74785893776453,13261.059800004205,45.54536252070958
dma_hardened2,xilinx_u280_xdma_201920_3,3,2,6,24576,256,Allreduce,8429.706699996586,71.64896686147391,13231.240599998273,45.648007942662524
dma_hardened2,xilinx_u280_xdma_201920_3,3,2,6,24576,256,Allreduce,8429.173099989384,71.65350252455495,13260.368800001743,45.547735897052924
dma_hardened2,xilinx_u280_xdma_201920_3,3,2,6,24576,256,Allreduce,8416.967100004058,71.75741200173026,13266.408399999818,45.527000058283164
dma_hardened2,xilinx_u280_xdma_201920_3,3,2,6,24576,256,Allreduce,8416.904199998498,71.75794824896639,13222.525900005166,45.67809362353103
dma_hardened2,xilinx_u280_xdma_201920_3,3,2,6,24576,256,Allreduce,8428.780200006258,71.656842587917,13225.567799997862,45.667587594998956
dma_hardened2,xilinx_u280_xdma_201920_3,3,2,6,24576,256,Allreduce,8443.537699997705,71.53160173610217,13264.041499996893,45.535124117347
dma_hardened2,xilinx_u280_xdma_201920_3,3,2,6,24576,256,Allreduce,8439.601300005961,71.56496551555976,13184.468399992966,45.80994528382519
dma_hardened2,xilinx_u280_xdma_201920_3,3,2,6,24576,256,Allreduce,8407.62719999475,71.83712617519211,13218.800999993618,45.69096516395788
dma_hardened2,xilinx_u280_xdma_201920_3,3,2,6,24576,256,Allreduce,8421.414500003266,71.71951647787505,13283.939899997677,45.466915730332815
dma_hardened2,xilinx_u280_xdma_201920_3,3,2,6,24576,256,Allreduce,8413.023100001737,71.79105166130772,13276.448900001014,45.492569628310314
dma_hardened2,xilinx_u280_xdma_201920_3,3,2,6,24576,256,Allreduce,8446.875200002069,71.50333841795745,13241.536500004258,45.61251452954918
dma_hardened2,xilinx_u280_xdma_201920_3,3,2,6,24576,256,Allreduce,8424.297099998057,71.69497571496372,13231.3783000086,45.64753288019944
dma_hardened2,xilinx_u280_xdma_201920_3,3,2,6,24576,256,Allreduce,8417.20539999642,71.7553804734594,13221.251900006337,45.68249516520523
dma_hardened2,xilinx_u280_xdma_201920_3,3,2,6,24576,256,Allreduce,8422.911299999214,71.70677150548366,13269.168299996181,45.517530740805654
dma_hardened2,xilinx_u280_xdma_201920_3,3,2,6,24576,256,Allreduce,8428.438699991148,71.65974595041361,13257.450699995843,45.55776141790136
experiment,board_instance,number of nodes,rank id,number of banks,buffer size[KB],segment_size[KB],collective name,execution_time[us],throughput[Gbps],execution_time_fullpath[us],throughput_fullpath[Gbps]
dma_hardened2,xilinx_u280_xdma_201920_3,3,2,6,24,512,Reduce,276.32800004084856,2.1345068176688877,427.7470000033645,1.3789085604232423
dma_hardened2,xilinx_u280_xdma_201920_3,3,2,6,24,512,Reduce,228.26499991879245,2.5839441009784054,314.7460000718638,1.8739682152126778
dma_hardened2,xilinx_u280_xdma_201920_3,3,2,6,24,512,Reduce,204.85700008521235,2.8791986593314203,299.6860000621382,1.9681399861111408
dma_hardened2,xilinx_u280_xdma_201920_3,3,2,6,24,512,Reduce,180.70999999508786,3.2639256267834256,289.1039999894929,2.0401793127090473
dma_hardened2,xilinx_u280_xdma_201920_3,3,2,6,24,512,Reduce,191.25899996197404,3.083901934639773,294.22600005091226,2.004663081773664
dma_hardened2,xilinx_u280_xdma_201920_3,3,2,6,24,512,Reduce,207.7600000802704,2.83896803894934,300.1450000965633,1.9651301864440205
dma_hardened2,xilinx_u280_xdma_201920_3,3,2,6,24,512,Reduce,205.87799997429101,2.8649200015234952,289.1599999657046,2.0397842027595625
dma_hardened2,xilinx_u280_xdma_201920_3,3,2,6,24,512,Reduce,186.3869999851886,3.1645125467273516,287.4090000659635,2.0522113081518985
dma_hardened2,xilinx_u280_xdma_201920_3,3,2,6,24,512,Reduce,210.29799995631038,2.8047057039179477,318.31000001147913,1.8529860826826972
dma_hardened2,xilinx_u280_xdma_201920_3,3,2,6,24,512,Reduce,211.2790000410314,2.791683034686142,290.2290000292851,2.0322710685027503
dma_hardened2,xilinx_u280_xdma_201920_3,3,2,6,24,512,Reduce,240.2930000471315,2.45460333794289,337.13499999521446,1.7495187388090006
dma_hardened2,xilinx_u280_xdma_201920_3,3,2,6,24,512,Reduce,212.60000005440816,2.774336781980496,341.547000061837,1.726918988874774
dma_hardened2,xilinx_u280_xdma_201920_3,3,2,6,24,512,Reduce,204.37299997411174,2.8860172335617422,327.7219999517911,1.7997693169416913
dma_hardened2,xilinx_u280_xdma_201920_3,3,2,6,24,512,Reduce,202.5290000347013,2.912294041341929,313.0889999738429,1.8838860517273908
dma_hardened2,xilinx_u280_xdma_201920_3,3,2,6,24,512,Reduce,183.7800000430434,3.2094025457713373,348.4410000282878,1.692751426933443
dma_hardened2,xilinx_u280_xdma_201920_3,3,2,6,24,512,Reduce,183.7830000113172,3.2093501573251015,325.8919999780119,1.8098756644526277
dma_hardened2,xilinx_u280_xdma_201920_3,3,2,6,24,512,Reduce,223.75699995791365,2.6360024495811962,321.93499998811603,1.8321213910316458
dma_hardened2,xilinx_u280_xdma_201920_3,3,2,6,24,512,Reduce,191.48100000165869,3.0803265075641484,292.65099999520316,2.015451852239247
dma_hardened2,xilinx_u280_xdma_201920_3,3,2,6,24,512,Reduce,189.63799993798602,3.1102627120771142,310.75699996563344,1.8980232144898699
dma_hardened2,xilinx_u280_xdma_201920_3,3,2,6,24,512,Reduce,196.3079999995898,3.0045846323187666,322.0779999537626,1.8313079443013023
dma_hardened2,xilinx_u280_xdma_201920_3,3,2,6,48,512,Reduce,254.83900003564486,4.628993206828626,310.72100000528735,3.7964862367845322
dma_hardened2,xilinx_u280_xdma_201920_3,3,2,6,48,512,Reduce,194.83599999148282,6.0545689710914194,347.9449999304052,3.3903289319747354
dma_hardened2,xilinx_u280_xdma_201920_3,3,2,6,48,512,Reduce,222.20199991807021,5.308899111776478,342.52299997206137,3.443996461832404
dma_hardened2,xilinx_u280_xdma_201920_3,3,2,6,48,512,Reduce,202.11200001085672,5.836605446171596,326.68400001512055,3.6109757439770545
dma_hardened2,xilinx_u280_xdma_201920_3,3,2,6,48,512,Reduce,200.70900006885495,5.877404598674258,310.9509999603688,3.793678104107554
dma_hardened2,xilinx_u280_xdma_201920_3,3,2,6,48,512,Reduce,208.50099997460347,5.657757037825657,340.9180000062406,3.460210373105574
dma_hardened2,xilinx_u280_xdma_201920_3,3,2,6,48,512,Reduce,203.23400008237513,5.804383122518197,326.84399991467217,3.609208063504197
dma_hardened2,xilinx_u280_xdma_201920_3,3,2,6,48,512,Reduce,234.64799994599161,5.027308991645004,310.30599996029196,3.8015636183346526
dma_hardened2,xilinx_u280_xdma_201920_3,3,2,6,48,512,Reduce,225.68999997929495,5.226850990775941,330.7780000341154,3.5662831260795302
dma_hardened2,xilinx_u280_xdma_201920_3,3,2,6,48,512,Reduce,226.47299999789539,5.208779854600603,354.8849999788217,3.3240289109722787
dma_hardened2,xilinx_u280_xdma_201920_3,3,2,6,48,512,Reduce,181.25200006124942,6.508330940355795,298.02599999584345,3.958204988881683
dma_hardened2,xilinx_u280_xdma_201920_3,3,2,6,48,512,Reduce,207.4120000088442,5.687462634513428,315.6569999873682,3.7371197218728134
dma_hardened2,xilinx_u280_xdma_201920_3,3,2,6,48,512,Reduce,185.04299998767237,6.374993920756735,343.33900009642093,3.4358112526357796
dma_hardened2,xilinx_u280_xdma_201920_3,3,2,6,48,512,Reduce,202.97799994750676,5.811703732941871,333.15799998945295,3.5408064643122636
dma_hardened2,xilinx_u280_xdma_201920_3,3,2,6,48,512,Reduce,217.76599999157042,5.417043983200607,326.4120000494586,3.6139847794237268
dma_hardened2,xilinx_u280_xdma_201920_3,3,2,6,48,512,Reduce,203.84300000841904,5.787041987957784,320.60599994565564,3.6794320761306913
dma_hardened2,xilinx_u280_xdma_201920_3,3,2,6,48,512,Reduce,191.57799999902636,6.1575337460772905,299.27900004622643,3.941633057507518
dma_hardened2,xilinx_u280_xdma_201920_3,3,2,6,48,512,Reduce,232.71600002772175,5.069045531289113,300.1080000331058,3.9307449313909313
dma_hardened2,xilinx_u280_xdma_201920_3,3,2,6,48,512,Reduce,201.46800000020448,5.855262374167623,326.26999995954975,3.6155576674111938
dma_hardened2,xilinx_u280_xdma_201920_3,3,2,6,48,512,Reduce,192.97900007586577,6.112830927387153,304.49400003362825,3.8741255981061036
dma_hardened2,xilinx_u280_xdma_201920_3,3,2,6,96,512,Reduce,239.7729999756848,9.839706723606305,353.69399995488493,6.670443943920274
dma_hardened2,xilinx_u280_xdma_201920_3,3,2,6,96,512,Reduce,232.9410000356802,10.128298580493002,372.49799993333,6.333714544567404
dma_hardened2,xilinx_u280_xdma_201920_3,3,2,6,96,512,Reduce,251.7220000299858,9.372625355427632,345.5529999882856,6.827595188234457
dma_hardened2,xilinx_u280_xdma_201920_3,3,2,6,96,512,Reduce,276.99999998276326,8.517314079952385,393.4210000124949,5.996873577986609
dma_hardened2,xilinx_u280_xdma_201920_3,3,2,6,96,512,Reduce,227.678999976888,10.362378613045099,370.42200005998893,6.36921133090885
dma_hardened2,xilinx_u280_xdma_201920_3,3,2,6,96,512,Reduce,227.78300001391472,10.357647409402265,382.5790000746565,6.16682044633816
dma_hardened2,xilinx_u280_xdma_201920_3,3,2,6,96,512,Reduce,207.95700004327955,11.34511461267949,366.14199996165553,6.443663934339898
dma_hardened2,xilinx_u280_xdma_201920_3,3,2,6,96,512,Reduce,235.98300003868644,9.997737123492891,362.1770000563629,6.51420714079812
dma_hardened2,xilinx_u280_xdma_201920_3,3,2,6,96,512,Reduce,239.2829999280366,9.859856323723578,342.48299994033005,6.888797401363146
dma_hardened2,xilinx_u280_xdma_201920_3,3,2,6,96,512,Reduce,241.66999992303317,9.762469486288683,359.25800000313757,6.567135596088034
dma_hardened2,xilinx_u280_xdma_201920_3,3,2,6,96,512,Reduce,248.41699996613897,9.497321038099603,350.8730000021387,6.724073952642748
dma_hardened2,xilinx_u280_xdma_201920_3,3,2,6,96,512,Reduce,245.54300000545481,9.608484053496078,338.179999971544,6.976450411610745
dma_hardened2,xilinx_u280_xdma_201920_3,3,2,6,96,512,Reduce,249.18799999795738,9.46793585573679,346.94900000431517,6.800123360985783
dma_hardened2,xilinx_u280_xdma_201920_3,3,2,6,96,512,Reduce,251.8320000035601,9.368531401754531,330.5409999256881,7.137680349882207
dma_hardened2,xilinx_u280_xdma_201920_3,3,2,6,96,512,Reduce,226.3760000005277,10.422023536039598,331.7030000289378,7.112676098178716
dma_hardened2,xilinx_u280_xdma_201920_3,3,2,6,96,512,Reduce,222.09100006875815,10.623104940180264,348.95399994638865,6.761051600963076
dma_hardened2,xilinx_u280_xdma_201920_3,3,2,6,96,512,Reduce,238.14999997284758,9.906764645261358,400.07400002650684,5.897149027039211
dma_hardened2,xilinx_u280_xdma_201920_3,3,2,6,96,512,Reduce,211.04299992202868,11.179219404915862,357.5490000002901,6.59852495741307
dma_hardened2,xilinx_u280_xdma_201920_3,3,2,6,96,512,Reduce,233.62600006748835,10.098602036239383,357.20000005312613,6.60497200349693
dma_hardened2,xilinx_u280_xdma_201920_3,3,2,6,96,512,Reduce,240.56300003394426,9.8073934880555,377.7680000212058,6.245356938299597
dma_hardened2,xilinx_u280_xdma_201920_3,3,2,6,192,512,Reduce,310.3889999920284,15.202188222266852,447.53499992111756,10.543515034202237
dma_hardened2,xilinx_u280_xdma_201920_3,3,2,6,192,512,Reduce,283.6280000337865,16.636552101477672,479.60199992758135,9.838557805664895
dma_hardened2,xilinx_u280_xdma_201920_3,3,2,6,192,512,Reduce,289.09399998156005,16.32199907400699,420.05200009498367,11.233352058633253
dma_hardened2,xilinx_u280_xdma_201920_3,3,2,6,192,512,Reduce,271.208999947703,17.398360677226353,426.0570000269581,11.075025171987406
dma_hardened2,xilinx_u280_xdma_201920_3,3,2,6,192,512,Reduce,301.17700009668624,15.66717245501881,461.9970000021567,10.213468918581663
dma_hardened2,xilinx_u280_xdma_201920_3,3,2,6,192,512,Reduce,253.12299999313836,18.641498402468013,424.27200003203325,11.121620091930975
dma_hardened2,xilinx_u280_xdma_201920_3,3,2,6,192,512,Reduce,291.05199996593,16.21219576073124,429.54900004588126,10.984991233819645
dma_hardened2,xilinx_u280_xdma_201920_3,3,2,6,192,512,Reduce,271.7300000085743,17.365002023520066,423.6910000372518,11.136870973386575
dma_hardened2,xilinx_u280_xdma_201920_3,3,2,6,192,512,Reduce,265.2279999892926,17.790700831701376,432.335000027706,10.914203105687976
dma_hardened2,xilinx_u280_xdma_201920_3,3,2,6,192,512,Reduce,282.27600000718667,16.71623517365935,421.08699994969356,11.205741332702555
dma_hardened2,xilinx_u280_xdma_201920_3,3,2,6,192,512,Reduce,272.5780000218947,17.310978874380844,437.8900000574504,10.775747332391536
dma_hardened2,xilinx_u280_xdma_201920_3,3,2,6,192,512,Reduce,252.3230000406329,18.700602003147317,427.12300000857795,11.047384476849142
dma_hardened2,xilinx_u280_xdma_201920_3,3,2,6,192,512,Reduce,293.8220000032743,16.059355664134806,425.9219999767083,11.078535507107024
dma_hardened2,xilinx_u280_xdma_201920_3,3,2,6,192,512,Reduce,274.580999985119,17.18469959777161,411.82300003583805,11.457815613963703
dma_hardened2,xilinx_u280_xdma_201920_3,3,2,6,192,512,Reduce,263.2550000498668,17.924035627456973,419.3570000552427,11.251969084523237
dma_hardened2,xilinx_u280_xdma_201920_3,3,2,6,192,512,Reduce,254.69299998803763,18.52658691138595,421.14600000786595,11.204171474766158
dma_hardened2,xilinx_u280_xdma_201920_3,3,2,6,192,512,Reduce,280.9969998907036,16.792321632741064,410.4050000250936,11.497403783363966
dma_hardened2,xilinx_u280_xdma_201920_3,3,2,6,192,512,Reduce,288.3439999550319,16.36445357189981,440.6849999440965,10.707403248575698
dma_hardened2,xilinx_u280_xdma_201920_3,3,2,6,192,512,Reduce,290.4750000425338,16.24439968778402,406.40600002461724,11.610537245301941
dma_hardened2,xilinx_u280_xdma_201920_3,3,2,6,192,512,Reduce,279.8250000068947,16.862653443701376,408.6029999825769,11.54810904521309
dma_hardened2,xilinx_u280_xdma_201920_3,3,2,6,384,512,Reduce,391.058999980487,24.132379002838178,557.9930000294553,16.912728294981893
dma_hardened2,xilinx_u280_xdma_201920_3,3,2,6,384,512,Reduce,334.9590000425451,28.174146683030845,539.6289999453074,17.48828176572512
dma_hardened2,xilinx_u280_xdma_201920_3,3,2,6,384,512,Reduce,333.253999997396,28.318291753658592,552.8149999918242,17.071143149407256
dma_hardened2,xilinx_u280_xdma_201920_3,3,2,6,384,512,Reduce,373.341999988952,25.277584628247737,541.0380000512305,17.442737846706518
dma_hardened2,xilinx_u280_xdma_201920_3,3,2,6,384,512,Reduce,340.2430000960521,27.736600010392102,516.381000011279,18.27562206935164
dma_hardened2,xilinx_u280_xdma_201920_3,3,2,6,384,512,Reduce,368.59100009678514,25.603403223415576,539.8000000695902,17.482741753952155
dma_hardened2,xilinx_u280_xdma_201920_3,3,2,6,384,512,Reduce,339.52599994790944,27.79517327523626,532.4410000184798,17.724375094465785
dma_hardened2,xilinx_u280_xdma_201920_3,3,2,6,384,512,Reduce,409.05200000906916,23.070866295216174,634.8980000439042,14.864094703948357
dma_hardened2,xilinx_u280_xdma_201920_3,3,2,6,384,512,Reduce,350.7249999756823,26.90764559314087,522.102999980234,18.075329964312168
dma_hardened2,xilinx_u280_xdma_201920_3,3,2,6,384,512,Reduce,353.30000002886663,26.711531274353035,512.5769999949625,18.411251382900026
dma_hardened2,xilinx_u280_xdma_201920_3,3,2,6,384,512,Reduce,412.4879999380937,22.878687383430147,581.7539999952714,16.221949483934285
dma_hardened2,xilinx_u280_xdma_201920_3,3,2,6,384,512,Reduce,360.02100000587234,26.21287091543568,564.5009999852846,16.717745407441274
dma_hardened2,xilinx_u280_xdma_201920_3,3,2,6,384,512,Reduce,336.85200003219506,28.015817032696937,571.2110000786197,16.52136250650127
dma_hardened2,xilinx_u280_xdma_201920_3,3,2,6,384,512,Reduce,348.9749999516789,27.042578985046855,713.8270000268676,13.220547835322558
dma_hardened2,xilinx_u280_xdma_201920_3,3,2,6,384,512,Reduce,344.3430000515946,27.40634773637327,737.3339999503514,12.79906256952135
dma_hardened2,xilinx_u280_xdma_201920_3,3,2,6,384,512,Reduce,362.69400004584895,26.019686013022064,556.1069999657775,16.9700866929939
dma_hardened2,xilinx_u280_xdma_201920_3,3,2,6,384,512,Reduce,344.0519999458047,27.42952809891107,550.7509999915783,17.13511913758542
dma_hardened2,xilinx_u280_xdma_201920_3,3,2,6,384,512,Reduce,374.69300002612727,25.18644329982665,591.2230000149066,15.962139496876915
dma_hardened2,xilinx_u280_xdma_201920_3,3,2,6,384,512,Reduce,334.62800001871074,28.202015370717092,546.7559999488003,17.26032087601
dma_hardened2,xilinx_u280_xdma_201920_3,3,2,6,384,512,Reduce,337.66199999263335,27.948611333836464,557.6370000426323,16.9235255179956
dma_hardened2,xilinx_u280_xdma_201920_3,3,2,6,768,512,Reduce,575.005999962741,32.82464531017592,695.2809999347664,27.14638829735151
dma_hardened2,xilinx_u280_xdma_201920_3,3,2,6,768,512,Reduce,469.6250000506552,40.190296508840355,714.1249999449428,26.43006196597958
dma_hardened2,xilinx_u280_xdma_201920_3,3,2,6,768,512,Reduce,543.5900000065885,34.7216983384007,877.3509999855378,21.512904185794653
dma_hardened2,xilinx_u280_xdma_201920_3,3,2,6,768,512,Reduce,459.5099999278318,41.07498858123721,739.3979999505973,25.52666899458896
dma_hardened2,xilinx_u280_xdma_201920_3,3,2,6,768,512,Reduce,538.8189999848692,35.029143368236866,748.8109999940207,25.20578356908581
dma_hardened2,xilinx_u280_xdma_201920_3,3,2,6,768,512,Reduce,454.5670000197788,41.521641472387465,856.4429999751155,22.038090101207445
dma_hardened2,xilinx_u280_xdma_201920_3,3,2,6,768,512,Reduce,454.6179999351807,41.516983495354566,752.4730000341151,25.08311660238213
dma_hardened2,xilinx_u280_xdma_201920_3,3,2,6,768,512,Reduce,536.6670000057638,35.16960796880987,892.4850000084916,21.14810669066754
dma_hardened2,xilinx_u280_xdma_201920_3,3,2,6,768,512,Reduce,481.2759999595073,39.21734722194336,900.6970000200454,20.95529129061154
dma_hardened2,xilinx_u280_xdma_201920_3,3,2,6,768,512,Reduce,520.4750000302738,36.26373600826583,925.5830000256537,20.3918697723239
dma_hardened2,xilinx_u280_xdma_201920_3,3,2,6,768,512,Reduce,485.9480000050098,38.840303900428474,856.056999964494,22.04802717667496
dma_hardened2,xilinx_u280_xdma_201920_3,3,2,6,768,512,Reduce,464.3589999204778,40.64606910436164,897.9240000144273,21.02000614717586
dma_hardened2,xilinx_u280_xdma_201920_3,3,2,6,768,512,Reduce,467.98899995792453,40.33079410348734,787.0109999430497,23.98234332349332
dma_hardened2,xilinx_u280_xdma_201920_3,3,2,6,768,512,Reduce,508.648000050016,37.10693445790421,863.5939999521725,21.8556034444951
dma_hardened2,xilinx_u280_xdma_201920_3,3,2,6,768,512,Reduce,463.94200001032004,40.68260256579519,753.9150000184236,25.035140565632414
dma_hardened2,xilinx_u280_xdma_201920_3,3,2,6,768,512,Reduce,487.55099999198137,38.71260237454219,845.4579999579437,22.324430073331712
dma_hardened2,xilinx_u280_xdma_201920_3,3,2,6,768,512,Reduce,445.077999984278,42.40687699833899,873.8239999956932,21.59973633145007
dma_hardened2,xilinx_u280_xdma_201920_3,3,2,6,768,512,Reduce,481.8069999146246,39.1741257460861,873.4669999057587,21.608564493033416
dma_hardened2,xilinx_u280_xdma_201920_3,3,2,6,768,512,Reduce,463.94200001032004,40.68260256579519,711.1090000080367,26.54215879673396
dma_hardened2,xilinx_u280_xdma_201920_3,3,2,6,768,512,Reduce,445.09500003186986,42.405257301584044,774.3180000261418,24.37547364178901
dma_hardened2,xilinx_u280_xdma_201920_3,3,2,6,1536,512,Reduce,595.7639999678577,63.36189498196701,1057.0270000016535,35.712177645359056
dma_hardened2,xilinx_u280_xdma_201920_3,3,2,6,1536,512,Reduce,626.4759999794478,60.25567779330475,994.6740000259524,37.95086229158004
dma_hardened2,xilinx_u280_xdma_201920_3,3,2,6,1536,512,Reduce,588.4539999669869,64.14900060517517,1119.7889999721156,33.71057940463784
dma_hardened2,xilinx_u280_xdma_201920_3,3,2,6,1536,512,Reduce,569.2949999911434,66.30786499194137,1121.2450000357421,33.66680431020578
dma_hardened2,xilinx_u280_xdma_201920_3,3,2,6,1536,512,Reduce,587.8590000065742,64.21392884956741,1012.6500000069427,37.2771796768293
dma_hardened2,xilinx_u280_xdma_201920_3,3,2,6,1536,512,Reduce,578.4029999631457,65.26372788938724,948.8849999570448,39.78220332464824
dma_hardened2,xilinx_u280_xdma_201920_3,3,2,6,1536,512,Reduce,575.1129999680415,65.63707654338828,1096.9969999905516,34.41097468846782
dma_hardened2,xilinx_u280_xdma_201920_3,3,2,6,1536,512,Reduce,544.7539999750006,69.29501389936068,1019.5419999945443,37.025189742258775
dma_hardened2,xilinx_u280_xdma_201920_3,3,2,6,1536,512,Reduce,584.2809999876408,64.6071599124368,963.7140000222644,39.17006082626993
dma_hardened2,xilinx_u280_xdma_201920_3,3,2,6,1536,512,Reduce,647.5410000348347,58.29551487545853,1119.4349999641418,33.721239733623825
dma_hardened2,xilinx_u280_xdma_201920_3,3,2,6,1536,512,Reduce,677.3090000251614,55.73340380623567,1127.2830000734757,33.486476774279
dma_hardened2,xilinx_u280_xdma_201920_3,3,2,6,1536,512,Reduce,582.1340000693453,64.84544107628702,1047.0060000216108,36.05398249792345
dma_hardened2,xilinx_u280_xdma_201920_3,3,2,6,1536,512,Reduce,670.9140000111802,56.26464196509679,1142.34199998009,33.04503905192834
dma_hardened2,xilinx_u280_xdma_201920_3,3,2,6,1536,512,Reduce,552.8359999971144,68.28197874269591,954.9610000476605,39.529086526168115
dma_hardened2,xilinx_u280_xdma_201920_3,3,2,6,1536,512,Reduce,670.4399999080124,56.304420984993904,1057.3499999964042,35.70126826512354
dma_hardened2,xilinx_u280_xdma_201920_3,3,2,6,1536,512,Reduce,549.8369999941133,68.65441212651048,1013.3580000228903,37.25113533336423
dma_hardened2,xilinx_u280_xdma_201920_3,3,2,6,1536,512,Reduce,668.307000069035,56.484124805068056,964.9170000329832,39.1212259693939
dma_hardened2,xilinx_u280_xdma_201920_3,3,2,6,1536,512,Reduce,588.759000038408,64.11576892673818,1113.4799999581446,33.90158422371211
dma_hardened2,xilinx_u280_xdma_201920_3,3,2,6,1536,512,Reduce,659.5940000124756,57.23025982541688,1044.9379999499797,36.1253356675774
dma_hardened2,xilinx_u280_xdma_201920_3,3,2,6,1536,512,Reduce,591.4660000598815,63.822326213473346,1128.5399999678702,33.449178585672385
dma_hardened2,xilinx_u280_xdma_201920_3,3,2,6,3072,512,Reduce,923.5660000967982,81.74561643898451,1777.7169999817488,42.46877990184889
dma_hardened2,xilinx_u280_xdma_201920_3,3,2,6,3072,512,Reduce,919.3160000222633,82.12352661997797,1562.049000085608,48.33233272186875
dma_hardened2,xilinx_u280_xdma_201920_3,3,2,6,3072,512,Reduce,879.9270000281467,85.79969929049231,1650.398000037967,45.745009384562515
dma_hardened2,xilinx_u280_xdma_201920_3,3,2,6,3072,512,Reduce,896.4779999587336,84.2156438902854,1699.115999940659,44.43338300777388
dma_hardened2,xilinx_u280_xdma_201920_3,3,2,6,3072,512,Reduce,933.490999955211,80.87648622602936,1693.6289999875953,44.57733777619123
dma_hardened2,xilinx_u280_xdma_201920_3,3,2,6,3072,512,Reduce,900.3660001098979,83.85198018448591,1624.8609999820474,46.46395722516212
dma_hardened2,xilinx_u280_xdma_201920_3,3,2,6,3072,512,Reduce,942.2250000170607,80.12679773794262,1675.9879999881377,45.04654687296947
dma_hardened2,xilinx_u280_xdma_201920_3,3,2,6,3072,512,Reduce,897.3709999509083,84.13183845269144,1867.4719999580702,40.4276326508216
dma_hardened2,xilinx_u280_xdma_201920_3,3,2,6,3072,512,Reduce,890.9939999739436,84.73398474311597,1809.0019999590368,41.73432201938393
dma_hardened2,xilinx_u280_xdma_201920_3,3,2,6,3072,512,Reduce,902.8690000150164,83.61951955238726,1538.6879999823577,49.06613426559877
dma_hardened2,xilinx_u280_xdma_201920_3,3,2,6,3072,512,Reduce,842.3169999787206,89.6307114802471,1649.8200000114593,45.76103574903662
dma_hardened2,xilinx_u280_xdma_201920_3,3,2,6,3072,512,Reduce,890.0180000637192,84.82690461832783,1496.4480000116964,50.451116242869716
dma_hardened2,xilinx_u280_xdma_201920_3,3,2,6,3072,512,Reduce,832.5390000436528,90.68340581767511,1693.702000011399,44.575416454306534
dma_hardened2,xilinx_u280_xdma_201920_3,3,2,6,3072,512,Reduce,918.3229999507603,82.21232834639676,1798.054999994747,41.988410810692976
dma_hardened2,xilinx_u280_xdma_201920_3,3,2,6,3072,512,Reduce,799.5370000344337,94.42648932663346,1736.950000008619,43.46554132221731
dma_hardened2,xilinx_u280_xdma_201920_3,3,2,6,3072,512,Reduce,898.0540000038673,84.06785338039236,1552.2090000104072,48.63872841833401
dma_hardened2,xilinx_u280_xdma_201920_3,3,2,6,3072,512,Reduce,902.6830000493646,83.63674955202579,1628.4440000617906,46.36172444194291
dma_hardened2,xilinx_u280_xdma_201920_3,3,2,6,3072,512,Reduce,906.9539999018161,83.24288994609772,1649.6320000669584,45.76625089531215
dma_hardened2,xilinx_u280_xdma_201920_3,3,2,6,3072,512,Reduce,896.193000016865,84.2424254581092,1698.0069999590341,44.462403277384276
dma_hardened2,xilinx_u280_xdma_201920_3,3,2,6,3072,512,Reduce,903.3159999489726,83.57814098750025,1819.1089999390897,41.502445429343666
dma_hardened2,xilinx_u280_xdma_201920_3,3,2,6,6144,512,Reduce,1452.587000017047,103.94898481001687,2985.63399996965,50.57382921065841
dma_hardened2,xilinx_u280_xdma_201920_3,3,2,6,6144,512,Reduce,1408.9649999959875,107.16727810870393,2881.4220000867863,52.40292605368188
dma_hardened2,xilinx_u280_xdma_201920_3,3,2,6,6144,512,Reduce,1393.301000007341,108.37209188768576,2873.9419999510574,52.53931499055006
dma_hardened2,xilinx_u280_xdma_201920_3,3,2,6,6144,512,Reduce,1325.3399999939575,113.92921363626571,2823.0619999476403,53.486230200682996
dma_hardened2,xilinx_u280_xdma_201920_3,3,2,6,6144,512,Reduce,1475.2859999589418,102.34960814662533,2881.584000078874,52.39998000955968
dma_hardened2,xilinx_u280_xdma_201920_3,3,2,6,6144,512,Reduce,1391.860000012457,108.48429008567572,2818.54500008194,53.57194722653366
dma_hardened2,xilinx_u280_xdma_201920_3,3,2,6,6144,512,Reduce,1555.5370000583935,97.06933618058059,2765.702999909081,54.59550212187056
dma_hardened2,xilinx_u280_xdma_201920_3,3,2,6,6144,512,Reduce,1438.0179999307074,105.00212376150776,2852.8259999802685,52.9281996171671
dma_hardened2,xilinx_u280_xdma_201920_3,3,2,6,6144,512,Reduce,1538.8640000537634,98.12104513116473,2974.1150000290872,50.769705945642066
dma_hardened2,xilinx_u280_xdma_201920_3,3,2,6,6144,512,Reduce,1390.0120000016614,108.62851831481996,2972.3800000738265,50.79934059448983
dma_hardened2,xilinx_u280_xdma_201920_3,3,2,6,6144,512,Reduce,1386.119000017061,108.93360815207171,3114.7450000617027,48.4774657305843
dma_hardened2,xilinx_u280_xdma_201920_3,3,2,6,6144,512,Reduce,1495.171999977174,100.98834381750405,2822.6480000057563,53.494075066991016
dma_hardened2,xilinx_u280_xdma_201920_3,3,2,6,6144,512,Reduce,1525.8419999781836,98.95843999716807,2854.669000043941,52.89402869393116
dma_hardened2,xilinx_u280_xdma_201920_3,3,2,6,6144,512,Reduce,1466.9099999764512,102.93402049370715,2984.233999995922,50.59755501753761
dma_hardened2,xilinx_u280_xdma_201920_3,3,2,6,6144,512,Reduce,1457.0399999911388,103.6312963274298,2807.447999998658,53.78370106946671
dma_hardened2,xilinx_u280_xdma_201920_3,3,2,6,6144,512,Reduce,1319.2229999958727,114.45748292780857,3025.1879999241282,49.91258196310012
dma_hardened2,xilinx_u280_xdma_201920_3,3,2,6,6144,512,Reduce,1479.1090000016993,102.08506878115577,2683.320999949501,56.27166634287946
dma_hardened2,xilinx_u280_xdma_201920_3,3,2,6,6144,512,Reduce,1521.4450000939905,99.24443143897543,2806.9579999510097,53.79308988685806
dma_hardened2,xilinx_u280_xdma_201920_3,3,2,6,6144,512,Reduce,1386.6300000699994,108.89346400436852,2659.986000026038,56.765315305615125
dma_hardened2,xilinx_u280_xdma_201920_3,3,2,6,6144,512,Reduce,1435.3889999938474,105.19444136791296,2565.2500000887812,58.861687552782065
dma_hardened2,xilinx_u280_xdma_201920_3,3,2,6,12288,512,Reduce,2531.284000042433,119.30304461883283,5234.219999920242,57.6952990139126
dma_hardened2,xilinx_u280_xdma_201920_3,3,2,6,12288,512,Reduce,2393.702999938796,126.16013265126105,5191.514999978608,58.16989607103983
dma_hardened2,xilinx_u280_xdma_201920_3,3,2,6,12288,512,Reduce,2661.3439999891852,113.47269950867951,5258.741000034206,57.42627142086589
dma_hardened2,xilinx_u280_xdma_201920_3,3,2,6,12288,512,Reduce,2595.0430000420965,116.371824280022,5019.325000034769,60.16543818101201
dma_hardened2,xilinx_u280_xdma_201920_3,3,2,6,12288,512,Reduce,2596.827000047597,116.29187773943544,5334.457999992992,56.611166120418744
dma_hardened2,xilinx_u280_xdma_201920_3,3,2,6,12288,512,Reduce,2445.8300000560484,123.47133201942884,5337.043000054109,56.58374646727379
dma_hardened2,xilinx_u280_xdma_201920_3,3,2,6,12288,512,Reduce,2585.662000001321,116.79403108366282,4890.76799999566,61.74692563627389
dma_hardened2,xilinx_u280_xdma_201920_3,3,2,6,12288,512,Reduce,2409.036000017295,125.3571503281113,5000.499999937347,60.391938406916054
dma_hardened2,xilinx_u280_xdma_201920_3,3,2,6,12288,512,Reduce,2546.471000073325,118.59152842946348,5066.251000016564,59.60815759010217
dma_hardened2,xilinx_u280_xdma_201920_3,3,2,6,12288,512,Reduce,2510.2789999209563,120.3013242788985,5162.3169999857055,58.498904271248016
dma_hardened2,xilinx_u280_xdma_201920_3,3,2,6,12288,512,Reduce,2453.022999929999,123.10927700580784,5130.683999936991,58.8595766185773
dma_hardened2,xilinx_u280_xdma_201920_3,3,2,6,12288,512,Reduce,2503.6209999598213,120.62124738722291,5265.224000027047,57.35556321980769
dma_hardened2,xilinx_u280_xdma_201920_3,3,2,6,12288,512,Reduce,2544.0599999910773,118.70391736085593,5306.879000045228,56.90536528106752
dma_hardened2,xilinx_u280_xdma_201920_3,3,2,6,12288,512,Reduce,2604.1659999691547,115.9641466801951,4933.010000058857,61.21817875828284
dma_hardened2,xilinx_u280_xdma_201920_3,3,2,6,12288,512,Reduce,2425.927999979649,124.48427488471766,4780.486000072415,63.171377971910275
dma_hardened2,xilinx_u280_xdma_201920_3,3,2,6,12288,512,Reduce,2451.1869999059854,123.2014889160161,4944.066000007297,61.08128168182915
dma_hardened2,xilinx_u280_xdma_201920_3,3,2,6,12288,512,Reduce,2602.533999947809,116.03686561099914,5060.654000089926,59.674083230079304
dma_hardened2,xilinx_u280_xdma_201920_3,3,2,6,12288,512,Reduce,2623.319999997875,115.11744202012892,4911.212000024534,61.48989047886579
dma_hardened2,xilinx_u280_xdma_201920_3,3,2,6,12288,512,Reduce,2450.0989999296507,123.25619822246814,5126.926000002641,58.90272026548549
dma_hardened2,xilinx_u280_xdma_201920_3,3,2,6,12288,512,Reduce,2452.204999940477,123.15034346937969,5307.533000063813,56.898353339747324
dma_hardened2,xilinx_u280_xdma_201920_3,3,2,6,24576,512,Reduce,4522.380000025805,133.55352181739562,9295.48099998101,64.97563450468392
dma_hardened2,xilinx_u280_xdma_201920_3,3,2,6,24576,512,Reduce,4524.3780000419065,133.49454355812128,9314.699000015025,64.84157738205235
dma_hardened2,xilinx_u280_xdma_201920_3,3,2,6,24576,512,Reduce,4534.759999955895,133.18891760663723,9481.1879999952,63.702963805833804
dma_hardened2,xilinx_u280_xdma_201920_3,3,2,6,24576,512,Reduce,4579.847999934827,131.87769026583302,9473.755000044548,63.752944423532156
dma_hardened2,xilinx_u280_xdma_201920_3,3,2,6,24576,512,Reduce,4564.637000044058,132.31715380525776,8976.882000069963,67.28168822930866
dma_hardened2,xilinx_u280_xdma_201920_3,3,2,6,24576,512,Reduce,4358.578000051239,138.57266658825418,9379.028000012113,64.3968411224724
dma_hardened2,xilinx_u280_xdma_201920_3,3,2,6,24576,512,Reduce,4558.802000019568,132.48651202605586,9353.498999985277,64.5726028303366
dma_hardened2,xilinx_u280_xdma_201920_3,3,2,6,24576,512,Reduce,4494.926999996096,134.36920688601273,9270.64600000449,65.14969679563943
dma_hardened2,xilinx_u280_xdma_201920_3,3,2,6,24576,512,Reduce,4589.620000047034,131.59690257446377,9243.364999974801,65.341980545142
dma_hardened2,xilinx_u280_xdma_201920_3,3,2,6,24576,512,Reduce,4420.5059999740115,136.63136663620654,9459.15900001637,63.851318705918224
dma_hardened2,xilinx_u280_xdma_201920_3,3,2,6,24576,512,Reduce,4443.828000034955,135.9143009124676,9279.003999949964,65.09101364793645
dma_hardened2,xilinx_u280_xdma_201920_3,3,2,6,24576,512,Reduce,4543.104000049425,132.94429887438835,9298.539000042183,64.95426604085438
dma_hardened2,xilinx_u280_xdma_201920_3,3,2,6,24576,512,Reduce,4476.212000099622,134.93100326493874,9405.145999949127,64.21801171436009
dma_hardened2,xilinx_u280_xdma_201920_3,3,2,6,24576,512,Reduce,4425.392000030115,136.48051426763772,9297.920999983944,64.95858332212578
dma_hardened2,xilinx_u280_xdma_201920_3,3,2,6,24576,512,Reduce,4476.183999940986,134.93184730743036,9394.671999984894,64.28960755638634
dma_hardened2,xilinx_u280_xdma_201920_3,3,2,6,24576,512,Reduce,4574.997999952757,132.0174950909786,9371.822000048269,64.44635589503186
dma_hardened2,xilinx_u280_xdma_201920_3,3,2,6,24576,512,Reduce,4563.982000036049,132.33614330539197,9434.9759999659,64.01497746281314
dma_hardened2,xilinx_u280_xdma_201920_3,3,2,6,24576,512,Reduce,4400.4580000773785,137.2538440292759,9221.548000027724,65.49657129130426
dma_hardened2,xilinx_u280_xdma_201920_3,3,2,6,24576,512,Reduce,4440.6259999050235,136.01230457438163,9416.4519999822,64.14090742470111
dma_hardened2,xilinx_u280_xdma_201920_3,3,2,6,24576,512,Reduce,4634.758000065631,130.31527773218093,9265.908999964267,65.18300320047706
experiment,board_instance,number of nodes,rank id,number of banks,buffer size[KB],segment_size[KB],collective name,execution_time[us],throughput[Gbps],execution_time_fullpath[us],throughput_fullpath[Gbps]
dma_hardened2,xilinx_u280_xdma_201920_3,3,2,6,24,512,Allreduce,307.8681000033612,1.915833436440997,427.7710999986084,1.3788308747409976
dma_hardened2,xilinx_u280_xdma_201920_3,3,2,6,24,512,Allreduce,273.34180000480046,2.1578258429177004,388.1717000012941,1.5194925338401373
dma_hardened2,xilinx_u280_xdma_201920_3,3,2,6,24,512,Allreduce,257.5775999957841,2.2898885617757676,444.6487999985038,1.3264940780273886
dma_hardened2,xilinx_u280_xdma_201920_3,3,2,6,24,512,Allreduce,274.9166000057812,2.1454652064938844,498.2984999969631,1.1836760496039918
dma_hardened2,xilinx_u280_xdma_201920_3,3,2,6,24,512,Allreduce,259.8857000066346,2.26955157588487,394.5621000070787,1.4948825545824551
dma_hardened2,xilinx_u280_xdma_201920_3,3,2,6,24,512,Allreduce,310.1851999986138,1.9015220584432653,424.29089999131975,1.3901405851788637
dma_hardened2,xilinx_u280_xdma_201920_3,3,2,6,24,512,Allreduce,245.7900999957019,2.3997060907266574,391.1671999958344,1.5078564869607707
dma_hardened2,xilinx_u280_xdma_201920_3,3,2,6,24,512,Allreduce,286.1945000063315,2.0609201084819984,422.13960000481165,1.3972249938012853
dma_hardened2,xilinx_u280_xdma_201920_3,3,2,6,24,512,Allreduce,299.0017000001899,1.972644302690003,468.88309999530975,1.2579340138424695
dma_hardened2,xilinx_u280_xdma_201920_3,3,2,6,24,512,Allreduce,329.06430000139153,1.7924278020967506,464.30090000058044,1.2703486036733131
dma_hardened2,xilinx_u280_xdma_201920_3,3,2,6,24,512,Allreduce,317.998399998487,1.8548017851750398,407.3875000017324,1.4478205639532187
dma_hardened2,xilinx_u280_xdma_201920_3,3,2,6,24,512,Allreduce,294.6070999996664,2.002069875439757,397.53820000214546,1.4836913785815218
dma_hardened2,xilinx_u280_xdma_201920_3,3,2,6,24,512,Allreduce,282.9807000011897,2.0843258921810577,458.6588000051961,1.2859755443334302
dma_hardened2,xilinx_u280_xdma_201920_3,3,2,6,24,512,Allreduce,261.63490000499223,2.2543781429340872,491.73740000014726,1.1994694729337718
dma_hardened2,xilinx_u280_xdma_201920_3,3,2,6,24,512,Allreduce,275.3879000010784,2.1417934484328844,468.7471000011101,1.2582989846734052
dma_hardened2,xilinx_u280_xdma_201920_3,3,2,6,24,512,Allreduce,287.5958000004175,2.0508783507935227,476.58389999014616,1.2376079007540859
dma_hardened2,xilinx_u280_xdma_201920_3,3,2,6,24,512,Allreduce,262.94069999721614,2.2431825883411918,373.6943000035353,1.5783596377959737
dma_hardened2,xilinx_u280_xdma_201920_3,3,2,6,24,512,Allreduce,279.5709999986684,2.109746719090354,483.1986999988658,1.2206655357338183
dma_hardened2,xilinx_u280_xdma_201920_3,3,2,6,24,512,Allreduce,268.29470000393485,2.1984183809495663,430.5676999933894,1.3698751671550273
dma_hardened2,xilinx_u280_xdma_201920_3,3,2,6,24,512,Allreduce,285.90480000048046,2.063008386004743,398.4005999996043,1.4804796980742143
dma_hardened2,xilinx_u280_xdma_201920_3,3,2,6,48,512,Allreduce,300.12049999186274,3.930581216651259,476.600399997551,2.4751301090096893
dma_hardened2,xilinx_u280_xdma_201920_3,3,2,6,48,512,Allreduce,296.8289999898843,3.9741669447399053,430.50070000845153,2.7401767290432777
dma_hardened2,xilinx_u280_xdma_201920_3,3,2,6,48,512,Allreduce,298.2570000085616,3.955139359566205,497.68500000482163,2.3702703517055395
dma_hardened2,xilinx_u280_xdma_201920_3,3,2,6,48,512,Allreduce,296.58740000968464,3.9774042995807655,446.1405000029117,2.6441177162627043
dma_hardened2,xilinx_u280_xdma_201920_3,3,2,6,48,512,Allreduce,289.88840000465643,4.069317709784357,411.255100004837,2.868409413004545
dma_hardened2,xilinx_u280_xdma_201920_3,3,2,6,48,512,Allreduce,390.9129000021494,3.0176747812454225,451.5549000075225,2.612413241402868
dma_hardened2,xilinx_u280_xdma_201920_3,3,2,6,48,512,Allreduce,344.7192000066934,3.4220548202046612,416.1092999993343,2.8349474525128064
dma_hardened2,xilinx_u280_xdma_201920_3,3,2,6,48,512,Allreduce,312.4432000049637,3.7755598456975834,467.93209999123064,2.5209811423967436
dma_hardened2,xilinx_u280_xdma_201920_3,3,2,6,48,512,Allreduce,291.0812999971313,4.052640963234759,449.9244999919938,2.6218798932287335
dma_hardened2,xilinx_u280_xdma_201920_3,3,2,6,48,512,Allreduce,278.3924000027582,4.237357054245419,455.3556999894681,2.5906077381424764
dma_hardened2,xilinx_u280_xdma_201920_3,3,2,6,48,512,Allreduce,294.61389999596577,4.004047331154957,492.90759999394135,2.393243683023958
dma_hardened2,xilinx_u280_xdma_201920_3,3,2,6,48,512,Allreduce,311.89380000569145,3.7822104831146808,418.62729999593284,2.8178955362238938
dma_hardened2,xilinx_u280_xdma_201920_3,3,2,6,48,512,Allreduce,288.88440000400806,4.08346037371223,460.6306000027871,2.5609414571955544
dma_hardened2,xilinx_u280_xdma_201920_3,3,2,6,48,512,Allreduce,303.0816999967101,3.892178247689666,468.49130000055084,2.517972051986052
dma_hardened2,xilinx_u280_xdma_201920_3,3,2,6,48,512,Allreduce,367.03539999507484,3.213989713296945,515.143600000556,2.2899401254305145
dma_hardened2,xilinx_u280_xdma_201920_3,3,2,6,48,512,Allreduce,309.71229999749994,3.808850988512637,507.80859999122185,2.3230169792720954
dma_hardened2,xilinx_u280_xdma_201920_3,3,2,6,48,512,Allreduce,262.13470000584493,4.500159650644103,506.7148999955862,2.328031009173552
dma_hardened2,xilinx_u280_xdma_201920_3,3,2,6,48,512,Allreduce,309.24080000431786,3.8146583503325844,530.6210999947325,2.2231456683718576
dma_hardened2,xilinx_u280_xdma_201920_3,3,2,6,48,512,Allreduce,271.4646999947945,4.345493171018628,516.3680999999087,2.2845098293256467
dma_hardened2,xilinx_u280_xdma_201920_3,3,2,6,48,512,Allreduce,355.834300000879,3.3151610173529815,506.5209999997933,2.3289221967114524
dma_hardened2,xilinx_u280_xdma_201920_3,3,2,6,96,512,Allreduce,303.3767999909287,7.776784513748399,417.26329999391965,5.654214017945933
dma_hardened2,xilinx_u280_xdma_201920_3,3,2,6,96,512,Allreduce,365.759299995716,6.450406045800158,504.6862000085639,4.674778109565836
dma_hardened2,xilinx_u280_xdma_201920_3,3,2,6,96,512,Allreduce,349.4844999977431,6.750788661629445,501.831700000821,4.701369004780169
dma_hardened2,xilinx_u280_xdma_201920_3,3,2,6,96,512,Allreduce,321.4819000049829,7.33881440903339,431.77569999670595,5.464170401479285
dma_hardened2,xilinx_u280_xdma_201920_3,3,2,6,96,512,Allreduce,354.07939999458904,6.6631834555640745,469.1920000027494,5.028423331996656
dma_hardened2,xilinx_u280_xdma_201920_3,3,2,6,96,512,Allreduce,269.97670000810103,8.738887466693258,568.4111999926245,4.1506852785986865
dma_hardened2,xilinx_u280_xdma_201920_3,3,2,6,96,512,Allreduce,373.630100000355,6.314523374850576,473.5387999971863,4.98226544480414
dma_hardened2,xilinx_u280_xdma_201920_3,3,2,6,96,512,Allreduce,337.0500000073662,6.999839786228862,457.0187000012993,5.162362065257489
dma_hardened2,xilinx_u280_xdma_201920_3,3,2,6,96,512,Allreduce,325.29889999750594,7.252702053459414,511.5984000099161,4.6116172371810995
dma_hardened2,xilinx_u280_xdma_201920_3,3,2,6,96,512,Allreduce,321.8068000023777,7.331405054158482,527.905199999168,4.469166054821431
dma_hardened2,xilinx_u280_xdma_201920_3,3,2,6,96,512,Allreduce,314.08019999616954,7.511762919244108,455.66029999690727,5.1777519349743955
dma_hardened2,xilinx_u280_xdma_201920_3,3,2,6,96,512,Allreduce,373.31059999132776,6.319927695743995,484.67940000591625,4.867745565359702
dma_hardened2,xilinx_u280_xdma_201920_3,3,2,6,96,512,Allreduce,318.090200005372,7.417065976758024,436.0761000043567,5.410285039644294
dma_hardened2,xilinx_u280_xdma_201920_3,3,2,6,96,512,Allreduce,304.17449999049495,7.756389835682232,472.8758000055677,4.989250877232925
dma_hardened2,xilinx_u280_xdma_201920_3,3,2,6,96,512,Allreduce,316.6245999977946,7.451398280539268,504.1024999968613,4.68019103260684
dma_hardened2,xilinx_u280_xdma_201920_3,3,2,6,96,512,Allreduce,377.6691999973991,6.246990752797019,474.724299999707,4.969823537580562
dma_hardened2,xilinx_u280_xdma_201920_3,3,2,6,96,512,Allreduce,313.839000000371,7.517536061474868,541.6726000021299,4.35557567429241
dma_hardened2,xilinx_u280_xdma_201920_3,3,2,6,96,512,Allreduce,330.2857999983644,7.143195378098857,545.2146999914476,4.327278776667263
dma_hardened2,xilinx_u280_xdma_201920_3,3,2,6,96,512,Allreduce,300.1744000016515,7.859750864787336,484.05769999817494,4.8739974594121644
dma_hardened2,xilinx_u280_xdma_201920_3,3,2,6,96,512,Allreduce,330.6617000021106,7.135074911865937,446.0297000036917,5.289549103973283
dma_hardened2,xilinx_u280_xdma_201920_3,3,2,6,192,512,Allreduce,384.24939999686103,12.28002438009935,590.8628000042881,7.985935144276735
dma_hardened2,xilinx_u280_xdma_201920_3,3,2,6,192,512,Allreduce,359.89450000215584,13.111042263695985,609.9983000012799,7.735418279018317
dma_hardened2,xilinx_u280_xdma_201920_3,3,2,6,192,512,Allreduce,393.58309999215635,11.9888074464936,633.437099997991,7.4491879304432365
dma_hardened2,xilinx_u280_xdma_201920_3,3,2,6,192,512,Allreduce,388.09359999731896,12.158386533641877,549.31409999881,8.589970656151412
dma_hardened2,xilinx_u280_xdma_201920_3,3,2,6,192,512,Allreduce,415.1153000066188,11.366943111768622,564.3657000064195,8.36087664425093
dma_hardened2,xilinx_u280_xdma_201920_3,3,2,6,192,512,Allreduce,395.7804000037868,11.922247791843288,534.7304999986591,8.82424324030859
dma_hardened2,xilinx_u280_xdma_201920_3,3,2,6,192,512,Allreduce,397.5972999910482,11.867766707938506,529.434999998557,8.912504840089644
dma_hardened2,xilinx_u280_xdma_201920_3,3,2,6,192,512,Allreduce,424.46090000112235,11.116670581406963,605.3966999957083,7.794214933833386
dma_hardened2,xilinx_u280_xdma_201920_3,3,2,6,192,512,Allreduce,408.27640000316023,11.557346934487216,567.0455000085894,8.321363982129343
dma_hardened2,xilinx_u280_xdma_201920_3,3,2,6,192,512,Allreduce,417.93819999611515,11.290166823812372,623.2275000002119,7.571219177585065
dma_hardened2,xilinx_u280_xdma_201920_3,3,2,6,192,512,Allreduce,425.9964999960175,11.076598047270604,561.2411000015527,8.407424188975016
dma_hardened2,xilinx_u280_xdma_201920_3,3,2,6,192,512,Allreduce,393.80509999773494,11.9820489882613,572.0838000002004,8.248078340967437
dma_hardened2,xilinx_u280_xdma_201920_3,3,2,6,192,512,Allreduce,362.74420000381724,13.0080425819361,587.2135999993588,8.035563209035267
dma_hardened2,xilinx_u280_xdma_201920_3,3,2,6,192,512,Allreduce,391.1394000056134,12.063709255401735,588.2440000050337,8.021487681913664
dma_hardened2,xilinx_u280_xdma_201920_3,3,2,6,192,512,Allreduce,364.18849999790837,12.956455242345928,616.4208999962284,7.654821567582914
dma_hardened2,xilinx_u280_xdma_201920_3,3,2,6,192,512,Allreduce,403.0337999893163,11.707683078007555,558.1082000048809,8.454618656308462
dma_hardened2,xilinx_u280_xdma_201920_3,3,2,6,192,512,Allreduce,377.2163999997247,12.50897893093578,572.0156000052157,8.249061738800437
dma_hardened2,xilinx_u280_xdma_201920_3,3,2,6,192,512,Allreduce,383.7403000034101,12.296316024035184,566.4167000077214,8.3306018341897
dma_hardened2,xilinx_u280_xdma_201920_3,3,2,6,192,512,Allreduce,408.1937000023572,11.559688451763835,660.9000000025844,7.139645937330228
dma_hardened2,xilinx_u280_xdma_201920_3,3,2,6,192,512,Allreduce,438.9657999922747,10.749338559138415,570.1879000071131,8.275503566352663
dma_hardened2,xilinx_u280_xdma_201920_3,3,2,6,384,512,Allreduce,500.63690000570205,18.850356415782606,751.9839999986289,12.549713823721259
dma_hardened2,xilinx_u280_xdma_201920_3,3,2,6,384,512,Allreduce,469.8760999986007,20.084409485879586,764.9983999954202,12.336214036599944
dma_hardened2,xilinx_u280_xdma_201920_3,3,2,6,384,512,Allreduce,442.53840000010314,21.325118904930736,743.7256999992314,12.689065336870506
dma_hardened2,xilinx_u280_xdma_201920_3,3,2,6,384,512,Allreduce,476.09540000621564,19.822044069060095,686.3203999955658,13.750405787240144
dma_hardened2,xilinx_u280_xdma_201920_3,3,2,6,384,512,Allreduce,462.3342000058983,20.412039602260883,699.6256999968864,13.488904138372845
dma_hardened2,xilinx_u280_xdma_201920_3,3,2,6,384,512,Allreduce,495.20270000584793,19.05721434856586,706.0383999942133,13.366389137017686
dma_hardened2,xilinx_u280_xdma_201920_3,3,2,6,384,512,Allreduce,473.29259999742135,19.939428590371826,781.7262000003211,12.072237056908317
dma_hardened2,xilinx_u280_xdma_201920_3,3,2,6,384,512,Allreduce,461.66619999894465,20.441574453623794,708.0006000023786,13.32934463610383
dma_hardened2,xilinx_u280_xdma_201920_3,3,2,6,384,512,Allreduce,495.5709999990177,19.043051348885843,728.5637999984829,12.953133274010664
dma_hardened2,xilinx_u280_xdma_201920_3,3,2,6,384,512,Allreduce,502.2810000014033,18.788654159670852,748.2783999989806,12.611862109093162
dma_hardened2,xilinx_u280_xdma_201920_3,3,2,6,384,512,Allreduce,457.58859999978085,20.62373057371735,720.2680999967015,13.102321205177931
dma_hardened2,xilinx_u280_xdma_201920_3,3,2,6,384,512,Allreduce,487.12940000541494,19.373053648363445,742.7550999977939,12.705646854566236
dma_hardened2,xilinx_u280_xdma_201920_3,3,2,6,384,512,Allreduce,454.0655000027982,20.78375036187916,750.0217000028897,12.582547944897648
dma_hardened2,xilinx_u280_xdma_201920_3,3,2,6,384,512,Allreduce,458.13410000619115,20.59917390971872,749.4583000038801,12.592006786703331
dma_hardened2,xilinx_u280_xdma_201920_3,3,2,6,384,512,Allreduce,448.25890000765867,21.052976304182167,749.8764000047231,12.584986005614471
dma_hardened2,xilinx_u280_xdma_201920_3,3,2,6,384,512,Allreduce,459.0977000020757,20.55593831107699,733.3341000048677,12.868873818819225
dma_hardened2,xilinx_u280_xdma_201920_3,3,2,6,384,512,Allreduce,463.6520999952154,20.354019749069153,754.6402000002672,12.505541051214417
dma_hardened2,xilinx_u280_xdma_201920_3,3,2,6,384,512,Allreduce,491.47780000566854,19.201648578819135,678.9507000007688,13.899660166768092
dma_hardened2,xilinx_u280_xdma_201920_3,3,2,6,384,512,Allreduce,480.5851000014627,19.636863481558784,738.0434000083369,12.786760236448695
dma_hardened2,xilinx_u280_xdma_201920_3,3,2,6,384,512,Allreduce,449.5247000022573,20.993694006030392,739.9188999897888,12.754349159252774
dma_hardened2,xilinx_u280_xdma_201920_3,3,2,6,768,512,Allreduce,607.5072000044202,31.068550298437078,954.8509999945054,19.76682016367853
dma_hardened2,xilinx_u280_xdma_201920_3,3,2,6,768,512,Allreduce,588.5755999997855,32.067873693722404,982.6386999975512,19.207841091590467
dma_hardened2,xilinx_u280_xdma_201920_3,3,2,6,768,512,Allreduce,581.6833000039878,32.44784232222346,927.0210000067891,20.360237793816722
dma_hardened2,xilinx_u280_xdma_201920_3,3,2,6,768,512,Allreduce,592.3909000102867,31.861340205719316,984.2291000040858,19.17680344944246
dma_hardened2,xilinx_u280_xdma_201920_3,3,2,6,768,512,Allreduce,618.1720999961726,30.53254587212341,1013.1460000025072,18.629465052374773
dma_hardened2,xilinx_u280_xdma_201920_3,3,2,6,768,512,Allreduce,607.9810999949586,31.044333450754483,977.0141999979388,19.318417275859264
dma_hardened2,xilinx_u280_xdma_201920_3,3,2,6,768,512,Allreduce,613.5818000075233,30.760964552352394,997.9411000017534,18.91330861106616
dma_hardened2,xilinx_u280_xdma_201920_3,3,2,6,768,512,Allreduce,620.5267999916941,30.41668466253615,1009.2762999988736,18.7008929071465
dma_hardened2,xilinx_u280_xdma_201920_3,3,2,6,768,512,Allreduce,614.1287999980705,30.7335659882085,967.1816999912153,19.51481091936648
dma_hardened2,xilinx_u280_xdma_201920_3,3,2,6,768,512,Allreduce,606.6543999963869,31.112224686926215,961.6931999971712,19.6261843174679
dma_hardened2,xilinx_u280_xdma_201920_3,3,2,6,768,512,Allreduce,587.360899999112,32.13419211259812,969.4006000017907,19.470142684010234
dma_hardened2,xilinx_u280_xdma_201920_3,3,2,6,768,512,Allreduce,618.6574000025757,30.50859490231818,1043.3306999971137,18.090494222064216
dma_hardened2,xilinx_u280_xdma_201920_3,3,2,6,768,512,Allreduce,593.8485999990917,31.78313125606235,969.5969999938825,19.466198843559834
dma_hardened2,xilinx_u280_xdma_201920_3,3,2,6,768,512,Allreduce,625.0852999983181,30.194867804523295,1006.3811000009082,18.754692432104466
dma_hardened2,xilinx_u280_xdma_201920_3,3,2,6,768,512,Allreduce,592.4248000042098,31.85951702201845,1042.624900003375,18.102740496547614
dma_hardened2,xilinx_u280_xdma_201920_3,3,2,6,768,512,Allreduce,616.8052000020907,30.60020894755106,999.2893000003278,18.887791553450846
dma_hardened2,xilinx_u280_xdma_201920_3,3,2,6,768,512,Allreduce,612.6679000090007,30.806849844300178,970.3490999982023,19.451110945571
dma_hardened2,xilinx_u280_xdma_201920_3,3,2,6,768,512,Allreduce,619.7232999966218,30.456121304625608,1036.2619000034101,18.213897471226037
dma_hardened2,xilinx_u280_xdma_201920_3,3,2,6,768,512,Allreduce,627.7245999967818,30.06791194752725,972.632999992129,19.40543658312307
dma_hardened2,xilinx_u280_xdma_201920_3,3,2,6,768,512,Allreduce,612.8859000000375,30.79589202492478,1013.1791000048905,18.6288564380265
dma_hardened2,xilinx_u280_xdma_201920_3,3,2,6,1536,512,Allreduce,875.3623999950833,43.12355202852216,1867.0358000008491,20.218538926775175
dma_hardened2,xilinx_u280_xdma_201920_3,3,2,6,1536,512,Allreduce,881.3340999950015,42.83135759777603,1464.9173999941922,25.768508176740653
dma_hardened2,xilinx_u280_xdma_201920_3,3,2,6,1536,512,Allreduce,868.2217000000492,43.47822220983173,1434.5549000040592,26.31390126644382
dma_hardened2,xilinx_u280_xdma_201920_3,3,2,6,1536,512,Allreduce,938.7026000013066,40.213733295239045,1440.2195000002393,26.21040473344079
dma_hardened2,xilinx_u280_xdma_201920_3,3,2,6,1536,512,Allreduce,878.5157000033905,42.96876652273182,1445.8203000003778,26.108871206186645
dma_hardened2,xilinx_u280_xdma_201920_3,3,2,6,1536,512,Allreduce,864.9622999996609,43.642059312891206,1453.041700005997,25.97911401981389
dma_hardened2,xilinx_u280_xdma_201920_3,3,2,6,1536,512,Allreduce,842.8638000054889,44.78628219619133,1458.6902000019109,25.878514848423983
dma_hardened2,xilinx_u280_xdma_201920_3,3,2,6,1536,512,Allreduce,857.825100001719,44.005166087964035,1498.2628999973713,25.195001491438006
dma_hardened2,xilinx_u280_xdma_201920_3,3,2,6,1536,512,Allreduce,877.2593000003326,43.03030586279985,1487.9375999953481,25.369838090063734
dma_hardened2,xilinx_u280_xdma_201920_3,3,2,6,1536,512,Allreduce,879.4192999971528,42.924616278176075,1450.6687999983114,26.021608791782068
dma_hardened2,xilinx_u280_xdma_201920_3,3,2,6,1536,512,Allreduce,956.6414000005352,39.45965123397219,1394.7527000027549,27.06482374970519
dma_hardened2,xilinx_u280_xdma_201920_3,3,2,6,1536,512,Allreduce,914.4839999976284,41.27872767604234,1412.9013000001578,26.717178333685297
dma_hardened2,xilinx_u280_xdma_201920_3,3,2,6,1536,512,Allreduce,884.4075000070006,42.68251456449792,1445.7356999969306,26.110399016971183
dma_hardened2,xilinx_u280_xdma_201920_3,3,2,6,1536,512,Allreduce,873.7796000104936,43.201667788475106,1438.0989000073896,26.249054219988647
dma_hardened2,xilinx_u280_xdma_201920_3,3,2,6,1536,512,Allreduce,837.8344999982801,45.05512246162875,1455.7701000057932,25.930424041440183
dma_hardened2,xilinx_u280_xdma_201920_3,3,2,6,1536,512,Allreduce,955.3693000043495,39.512192824102826,1482.4316999920484,25.464064213010612
dma_hardened2,xilinx_u280_xdma_201920_3,3,2,6,1536,512,Allreduce,900.0569000022551,41.94038843533717,1414.076700007172,26.694970647496383
dma_hardened2,xilinx_u280_xdma_201920_3,3,2,6,1536,512,Allreduce,869.429100009711,43.41784281153963,1445.0168999928792,26.123387207572463
dma_hardened2,xilinx_u280_xdma_201920_3,3,2,6,1536,512,Allreduce,905.2236000002267,41.70100735331088,1459.3146999914097,25.867440381586103
dma_hardened2,xilinx_u280_xdma_201920_3,3,2,6,1536,512,Allreduce,884.2633999961436,42.68947012865695,1461.9256000059977,25.82124288667298
dma_hardened2,xilinx_u280_xdma_201920_3,3,2,6,3072,512,Allreduce,1404.8895999962951,53.73907814549919,2356.261399995674,32.04121240543966
dma_hardened2,xilinx_u280_xdma_201920_3,3,2,6,3072,512,Allreduce,1444.330300000729,52.27161127891722,2330.8305000000473,32.39080319225206
dma_hardened2,xilinx_u280_xdma_201920_3,3,2,6,3072,512,Allreduce,1518.7246999971649,49.71109773887324,2429.732200005219,31.072342869653635
dma_hardened2,xilinx_u280_xdma_201920_3,3,2,6,3072,512,Allreduce,1449.2420000010497,52.094454894313934,2478.3343000081004,30.462989597389356
dma_hardened2,xilinx_u280_xdma_201920_3,3,2,6,3072,512,Allreduce,1496.534000000338,50.44821701343434,2406.5027999995436,31.372276815973088
dma_hardened2,xilinx_u280_xdma_201920_3,3,2,6,3072,512,Allreduce,1428.3504999980323,52.85640464305085,2486.934499995641,30.357643918700848
dma_hardened2,xilinx_u280_xdma_201920_3,3,2,6,3072,512,Allreduce,1468.295200004377,51.41845590707846,2294.2316000012397,32.90751988594317
dma_hardened2,xilinx_u280_xdma_201920_3,3,2,6,3072,512,Allreduce,1454.9878000025274,51.888731987903164,2464.6258999950987,30.632426608902446
dma_hardened2,xilinx_u280_xdma_201920_3,3,2,6,3072,512,Allreduce,1443.0053999944903,52.31960462537997,2428.962399994816,31.082190486012102
dma_hardened2,xilinx_u280_xdma_201920_3,3,2,6,3072,512,Allreduce,1485.0745999979154,50.837494628287345,2375.487899996642,31.781880261358822
dma_hardened2,xilinx_u280_xdma_201920_3,3,2,6,3072,512,Allreduce,1456.7271000032633,51.826777987332605,2443.6092999962966,30.895885033714034
dma_hardened2,xilinx_u280_xdma_201920_3,3,2,6,3072,512,Allreduce,1513.336999994408,49.88807648281842,2300.839300005464,32.813013929230394
dma_hardened2,xilinx_u280_xdma_201920_3,3,2,6,3072,512,Allreduce,1535.2653000036298,49.17552165076713,2434.8175000000083,31.0074459379398
dma_hardened2,xilinx_u280_xdma_201920_3,3,2,6,3072,512,Allreduce,1431.6302999986874,52.735313020455926,2386.4377999984754,31.63605269747581
dma_hardened2,xilinx_u280_xdma_201920_3,3,2,6,3072,512,Allreduce,1466.6420999901675,51.47641132114382,2382.42860000355,31.689290499571534
dma_hardened2,xilinx_u280_xdma_201920_3,3,2,6,3072,512,Allreduce,1440.3810000089834,52.41493188227916,2421.9976000040333,31.171571763685595
dma_hardened2,xilinx_u280_xdma_201920_3,3,2,6,3072,512,Allreduce,1487.7531000024646,50.745968534614335,2289.2644999956246,32.97892052235305
dma_hardened2,xilinx_u280_xdma_201920_3,3,2,6,3072,512,Allreduce,1510.3967999948509,49.985190646760756,2381.152000009479,31.7062799853598
dma_hardened2,xilinx_u280_xdma_201920_3,3,2,6,3072,512,Allreduce,1429.662400005327,52.807902061157016,2416.8318999954863,31.238197410478154
dma_hardened2,xilinx_u280_xdma_201920_3,3,2,6,3072,512,Allreduce,1475.0023000033252,51.18464696619782,2343.6503000084485,32.21362504454177
dma_hardened2,xilinx_u280_xdma_201920_3,3,2,6,6144,512,Allreduce,2589.7266000015406,58.305360882461564,4181.896099998994,36.10681384457073
dma_hardened2,xilinx_u280_xdma_201920_3,3,2,6,6144,512,Allreduce,2588.9204999998583,58.32351514849848,4113.666699993246,36.70568254843007
dma_hardened2,xilinx_u280_xdma_201920_3,3,2,6,6144,512,Allreduce,2611.653799999658,57.81583454898186,4176.27540000467,36.1554087165399
dma_hardened2,xilinx_u280_xdma_201920_3,3,2,6,6144,512,Allreduce,2614.8855999963416,57.744378568688155,4137.2892000026695,36.49610571093328
dma_hardened2,xilinx_u280_xdma_201920_3,3,2,6,6144,512,Allreduce,2635.6259999943177,57.2899736154999,4152.387299996008,36.36340569680125
dma_hardened2,xilinx_u280_xdma_201920_3,3,2,6,6144,512,Allreduce,2636.6671000005226,57.26735240864122,4198.998099991513,35.95975525692788
dma_hardened2,xilinx_u280_xdma_201920_3,3,2,6,6144,512,Allreduce,2621.1681999939174,57.60597278738175,4049.912300001779,37.28350957128965
dma_hardened2,xilinx_u280_xdma_201920_3,3,2,6,6144,512,Allreduce,2564.527700008057,58.87826596668292,4128.837600001134,36.5708120852122
dma_hardened2,xilinx_u280_xdma_201920_3,3,2,6,6144,512,Allreduce,2582.2637999908693,58.47386467661976,4078.8528000007313,37.018973570208985
dma_hardened2,xilinx_u280_xdma_201920_3,3,2,6,6144,512,Allreduce,2572.3773000095207,58.69859915162568,4088.203100002375,36.93430593013157
dma_hardened2,xilinx_u280_xdma_201920_3,3,2,6,6144,512,Allreduce,2596.15049999411,58.16109042998184,4126.290399995014,36.59338761037819
dma_hardened2,xilinx_u280_xdma_201920_3,3,2,6,6144,512,Allreduce,2626.1126000008517,57.497513244462944,4027.4897000017513,37.49108135520107
dma_hardened2,xilinx_u280_xdma_201920_3,3,2,6,6144,512,Allreduce,2630.502800002432,57.40155228113058,4158.432400004131,36.310544329120276
dma_hardened2,xilinx_u280_xdma_201920_3,3,2,6,6144,512,Allreduce,2595.8618000004208,58.167558843069195,4121.8334000063805,36.632956586689374
dma_hardened2,xilinx_u280_xdma_201920_3,3,2,6,6144,512,Allreduce,2612.194300002102,57.80387163385147,4143.521800006056,36.4412090217021
dma_hardened2,xilinx_u280_xdma_201920_3,3,2,6,6144,512,Allreduce,2644.098300004316,57.10640334353436,4066.1970999963155,37.13419204399531
dma_hardened2,xilinx_u280_xdma_201920_3,3,2,6,6144,512,Allreduce,2644.013899998754,57.10822624649256,4122.984900004667,36.62272544336242
dma_hardened2,xilinx_u280_xdma_201920_3,3,2,6,6144,512,Allreduce,2617.889100008597,57.67812853474357,4055.5655000048314,37.231538733579846
dma_hardened2,xilinx_u280_xdma_201920_3,3,2,6,6144,512,Allreduce,2612.9868999987593,57.786337926176245,4050.9168000085083,37.274264433098914
dma_hardened2,xilinx_u280_xdma_201920_3,3,2,6,6144,512,Allreduce,2601.25039999366,58.04706228987722,4172.036200009188,36.19214617544964
dma_hardened2,xilinx_u280_xdma_201920_3,3,2,6,12288,512,Allreduce,4522.7900999975645,66.77070598526397,7277.882100004263,41.49419897854943
dma_hardened2,xilinx_u280_xdma_201920_3,3,2,6,12288,512,Allreduce,4577.584599996953,65.97144878550164,7236.628400005429,41.73074411279339
dma_hardened2,xilinx_u280_xdma_201920_3,3,2,6,12288,512,Allreduce,4590.67630000618,65.78331127367736,7283.146899999338,41.46420388692523
dma_hardened2,xilinx_u280_xdma_201920_3,3,2,6,12288,512,Allreduce,4557.850800006236,66.25708063975829,7332.210499998837,41.18674552511114
dma_hardened2,xilinx_u280_xdma_201920_3,3,2,6,12288,512,Allreduce,4538.0966000038825,66.5454957480944,7266.932699997142,41.556720072571856
dma_hardened2,xilinx_u280_xdma_201920_3,3,2,6,12288,512,Allreduce,4548.32279999664,66.39587849838253,7262.7354000019295,41.580736646404574
dma_hardened2,xilinx_u280_xdma_201920_3,3,2,6,12288,512,Allreduce,4564.644499998849,66.15846820055235,7269.626599997991,41.54132043041707
dma_hardened2,xilinx_u280_xdma_201920_3,3,2,6,12288,512,Allreduce,4576.894800004538,65.98139157572523,7228.713899996819,41.776433841175105
dma_hardened2,xilinx_u280_xdma_201920_3,3,2,6,12288,512,Allreduce,4561.003999992863,66.21127453527174,7240.890399998534,41.70618132820532
dma_hardened2,xilinx_u280_xdma_201920_3,3,2,6,12288,512,Allreduce,4543.362000003981,66.46837474093753,7214.700200006519,41.85757961220997
dma_hardened2,xilinx_u280_xdma_201920_3,3,2,6,12288,512,Allreduce,4569.698899990726,66.08529240309747,7214.863399997284,41.856632795031665
dma_hardened2,xilinx_u280_xdma_201920_3,3,2,6,12288,512,Allreduce,4595.933199993851,65.7080672974977,7281.035500000144,41.47622793488564
dma_hardened2,xilinx_u280_xdma_201920_3,3,2,6,12288,512,Allreduce,4558.291900002587,66.25066902798143,7294.204799995896,41.401344804600214
dma_hardened2,xilinx_u280_xdma_201920_3,3,2,6,12288,512,Allreduce,4521.846099999038,66.78464532440947,7241.411100005735,41.70318240871048
dma_hardened2,xilinx_u280_xdma_201920_3,3,2,6,12288,512,Allreduce,4545.315600000777,66.43980629198738,7227.775199999087,41.78185951328953
dma_hardened2,xilinx_u280_xdma_201920_3,3,2,6,12288,512,Allreduce,4550.88410000144,66.35850998708239,7264.587300005587,41.57013681971552
dma_hardened2,xilinx_u280_xdma_201920_3,3,2,6,12288,512,Allreduce,4570.022199993673,66.08061728899656,7242.560700001377,41.69656292973045
dma_hardened2,xilinx_u280_xdma_201920_3,3,2,6,12288,512,Allreduce,4555.724200008626,66.28800926961912,7260.693099999571,41.59243254614602
dma_hardened2,xilinx_u280_xdma_201920_3,3,2,6,12288,512,Allreduce,4577.129100005095,65.97801403496874,7226.868899999772,41.787099251241365
dma_hardened2,xilinx_u280_xdma_201920_3,3,2,6,12288,512,Allreduce,4566.402800003289,66.13299378665906,7249.155299996346,41.65863131669316
dma_hardened2,xilinx_u280_xdma_201920_3,3,2,6,24576,512,Allreduce,8423.129700008758,71.70491224887253,13280.254699998295,45.479532557465
dma_hardened2,xilinx_u280_xdma_201920_3,3,2,6,24576,512,Allreduce,8456.364199992095,71.42310356034153,13231.071600000632,45.648591003012264
dma_hardened2,xilinx_u280_xdma_201920_3,3,2,6,24576,512,Allreduce,8432.757100001709,71.62304912113235,13309.868800001823,45.37834182106418
dma_hardened2,xilinx_u280_xdma_201920_3,3,2,6,24576,512,Allreduce,8414.931499999057,71.7747703591013,13257.864700005939,45.556338797131446
dma_hardened2,xilinx_u280_xdma_201920_3,3,2,6,24576,512,Allreduce,8394.112600001336,71.95278462191511,13253.712899995662,45.570609576143575
dma_hardened2,xilinx_u280_xdma_201920_3,3,2,6,24576,512,Allreduce,8410.101000004033,71.8159955510297,13260.453600003075,45.54744462134085
dma_hardened2,xilinx_u280_xdma_201920_3,3,2,6,24576,512,Allreduce,8422.394100000474,71.7111748546611,13275.864599995657,45.49457185637443
dma_hardened2,xilinx_u280_xdma_201920_3,3,2,6,24576,512,Allreduce,8460.703800005831,71.38646976384916,13267.95840000159,45.521681466828205
dma_hardened2,xilinx_u280_xdma_201920_3,3,2,6,24576,512,Allreduce,8389.622200002123,71.99129610387547,13217.736900003274,45.694643536129874
dma_hardened2,xilinx_u280_xdma_201920_3,3,2,6,24576,512,Allreduce,8434.881099992708,71.60501361430242,13194.0276000023,45.77675553747475
dma_hardened2,xilinx_u280_xdma_201920_3,3,2,6,24576,512,Allreduce,8426.338799995392,71.67760403846215,13202.439700000923,45.74758830369494
dma_hardened2,xilinx_u280_xdma_201920_3,3,2,6,24576,512,Allreduce,8443.247099990003,71.53406371355815,13292.602899991834,45.43728422071278
dma_hardened2,xilinx_u280_xdma_201920_3,3,2,6,24576,512,Allreduce,8441.303799997968,71.5505318029361,13268.309600005068,45.52047654961031
dma_hardened2,xilinx_u280_xdma_201920_3,3,2,6,24576,512,Allreduce,8445.3731999929,71.51605520529368,13232.5413999979,45.643520601423994
dma_hardened2,xilinx_u280_xdma_201920_3,3,2,6,24576,512,Allreduce,8464.443999992,71.35492608853822,13145.0276999999,45.9473946943455
dma_hardened2,xilinx_u280_xdma_201920_3,3,2,6,24576,512,Allreduce,8421.05529999344,71.7225756729647,13205.741699994178,45.73614945083064
dma_hardened2,xilinx_u280_xdma_201920_3,3,2,6,24576,512,Allreduce,8432.92009999459,71.62166471853415,13179.256500006886,45.82806139327241
dma_hardened2,xilinx_u280_xdma_201920_3,3,2,6,24576,512,Allreduce,8429.542800001855,71.65035996968508,13226.583300001948,45.66408136558676
dma_hardened2,xilinx_u280_xdma_201920_3,3,2,6,24576,512,Allreduce,8447.176800007128,71.5007854457942,13228.098299998692,45.65885150702726
dma_hardened2,xilinx_u280_xdma_201920_3,3,2,6,24576,512,Allreduce,8401.418699997976,71.89021254233472,13169.821099995715,45.86089449614441
experiment,board_instance,number of nodes,rank id,number of banks,buffer size[KB],segment_size[KB],collective name,execution_time[us],throughput[Gbps],execution_time_fullpath[us],throughput_fullpath[Gbps]
dma_hardened2,xilinx_u280_xdma_201920_3,3,2,6,24,1024,Reduce,203.4839999396354,2.898625937051436,376.72799999199924,1.5656494871964026
dma_hardened2,xilinx_u280_xdma_201920_3,3,2,6,24,1024,Reduce,212.00799994858244,2.7820836956296366,324.523000017507,1.817510623185971
dma_hardened2,xilinx_u280_xdma_201920_3,3,2,6,24,1024,Reduce,224.26900000027672,2.6299845275061298,327.84699999410805,1.79908310892154
dma_hardened2,xilinx_u280_xdma_201920_3,3,2,6,24,1024,Reduce,190.76900002801267,3.0918230944932867,329.2410000312884,1.791465825774882
dma_hardened2,xilinx_u280_xdma_201920_3,3,2,6,24,1024,Reduce,206.72699997703603,2.8531541601509223,291.8639999052175,2.0208864409161276
dma_hardened2,xilinx_u280_xdma_201920_3,3,2,6,24,1024,Reduce,207.0910001066295,2.848139222352996,307.5909999097348,1.9175593569808247
dma_hardened2,xilinx_u280_xdma_201920_3,3,2,6,24,1024,Reduce,222.457000063514,2.6514067879707026,290.35600005045126,2.0313821649888903
dma_hardened2,xilinx_u280_xdma_201920_3,3,2,6,24,1024,Reduce,197.3580000367292,2.9885993974920253,313.3489999527228,1.8823229054153385
dma_hardened2,xilinx_u280_xdma_201920_3,3,2,6,24,1024,Reduce,209.99200000915152,2.808792715790579,306.0610000602537,1.9271452419089081
dma_hardened2,xilinx_u280_xdma_201920_3,3,2,6,24,1024,Reduce,184.78800006960228,3.1918955764326515,310.7430000000022,1.898108726503882
dma_hardened2,xilinx_u280_xdma_201920_3,3,2,6,24,1024,Reduce,202.5570000796506,2.911891466441871,275.72999999847525,2.1391361114251684
dma_hardened2,xilinx_u280_xdma_201920_3,3,2,6,24,1024,Reduce,193.79399998342706,3.0435617204373755,288.0760000607552,2.0474596977034056
dma_hardened2,xilinx_u280_xdma_201920_3,3,2,6,24,1024,Reduce,188.8799999960611,3.1227445998109924,301.73099992225616,1.9548007998912067
dma_hardened2,xilinx_u280_xdma_201920_3,3,2,6,24,1024,Reduce,189.42999997761945,3.113677876100332,294.0329999319147,2.005978921197885
dma_hardened2,xilinx_u280_xdma_201920_3,3,2,6,24,1024,Reduce,193.01999998333486,3.0557662421040557,302.7530000281331,1.9482019994688444
dma_hardened2,xilinx_u280_xdma_201920_3,3,2,6,24,1024,Reduce,213.18900007827324,2.7666718253917586,262.2140000312356,2.2493993453047456
dma_hardened2,xilinx_u280_xdma_201920_3,3,2,6,24,1024,Reduce,185.54100006440422,3.1789415805415664,290.04700002133177,2.0335462871762884
dma_hardened2,xilinx_u280_xdma_201920_3,3,2,6,24,1024,Reduce,238.21599995699216,2.4760049707260956,317.478000056326,1.8578421178644038
dma_hardened2,xilinx_u280_xdma_201920_3,3,2,6,24,1024,Reduce,180.3799999606781,3.2698968850680705,294.8730000298383,2.0002645204556386
dma_hardened2,xilinx_u280_xdma_201920_3,3,2,6,24,1024,Reduce,207.89600000625796,2.8371108630384687,284.77699993345595,2.071178501556743
dma_hardened2,xilinx_u280_xdma_201920_3,3,2,6,48,1024,Reduce,234.1529999512204,5.037936734723657,316.38699999803066,3.7284970621654576
dma_hardened2,xilinx_u280_xdma_201920_3,3,2,6,48,1024,Reduce,215.87200001249585,5.464571597667671,284.5779999915976,4.145253673983337
dma_hardened2,xilinx_u280_xdma_201920_3,3,2,6,48,1024,Reduce,197.83200002621015,5.962877592319302,272.95899997170636,4.321703992622616
dma_hardened2,xilinx_u280_xdma_201920_3,3,2,6,48,1024,Reduce,202.10699995004688,5.83674984187368,309.0870000050927,3.816556503445837
dma_hardened2,xilinx_u280_xdma_201920_3,3,2,6,48,1024,Reduce,210.3950000673649,5.606825255459002,389.34600001994113,3.0298192351779187
dma_hardened2,xilinx_u280_xdma_201920_3,3,2,6,48,1024,Reduce,188.63200000396319,6.25370032643038,317.50799996643764,3.715333157352556
dma_hardened2,xilinx_u280_xdma_201920_3,3,2,6,48,1024,Reduce,225.9139999978288,5.221668422547241,321.9699999590375,3.6638444580242884
dma_hardened2,xilinx_u280_xdma_201920_3,3,2,6,48,1024,Reduce,182.65099993186595,6.458480930517996,314.02000001889974,3.7566014901248366
dma_hardened2,xilinx_u280_xdma_201920_3,3,2,6,48,1024,Reduce,185.3600000458755,6.3640914960511665,356.9169999764199,3.305104548334584
dma_hardened2,xilinx_u280_xdma_201920_3,3,2,6,48,1024,Reduce,187.08499999320338,6.30541197874151,305.21099995439727,3.8650245245952988
dma_hardened2,xilinx_u280_xdma_201920_3,3,2,6,48,1024,Reduce,211.84499996707018,5.5684486307600745,323.24799997240916,3.649359006399696
dma_hardened2,xilinx_u280_xdma_201920_3,3,2,6,48,1024,Reduce,197.30099995740602,5.978925602276046,332.0910000184085,3.552182985791875
dma_hardened2,xilinx_u280_xdma_201920_3,3,2,6,48,1024,Reduce,200.89199995254603,5.872050655469865,350.2079999861962,3.3684210527643486
dma_hardened2,xilinx_u280_xdma_201920_3,3,2,6,48,1024,Reduce,224.69400005320495,5.250020025993898,308.18699997325893,3.827702012422188
dma_hardened2,xilinx_u280_xdma_201920_3,3,2,6,48,1024,Reduce,199.69999993918464,5.907100652775376,329.7660000498581,3.5772274880419634
dma_hardened2,xilinx_u280_xdma_201920_3,3,2,6,48,1024,Reduce,198.32200007385836,5.9481449337979635,344.4039999749293,3.4251866995908054
dma_hardened2,xilinx_u280_xdma_201920_3,3,2,6,48,1024,Reduce,198.17700001567573,5.952497009777574,310.58799993388675,3.798111969075127
dma_hardened2,xilinx_u280_xdma_201920_3,3,2,6,48,1024,Reduce,192.7780000414714,6.119204472223117,331.88500003689114,3.554387814661327
dma_hardened2,xilinx_u280_xdma_201920_3,3,2,6,48,1024,Reduce,188.5640000409694,6.255955536283157,308.50899997858505,3.8237069261573713
dma_hardened2,xilinx_u280_xdma_201920_3,3,2,6,48,1024,Reduce,196.74800000757386,5.995730578987279,309.4370000553681,3.8122396474530307
dma_hardened2,xilinx_u280_xdma_201920_3,3,2,6,96,1024,Reduce,235.7959999699233,10.005665915880412,373.70799998370785,6.313207103146991
dma_hardened2,xilinx_u280_xdma_201920_3,3,2,6,96,1024,Reduce,231.28099996938545,10.200993597884386,386.8879999799901,6.098136928832176
dma_hardened2,xilinx_u280_xdma_201920_3,3,2,6,96,1024,Reduce,210.1930000435459,11.224427071839795,332.5799999629453,7.0939202605774945
dma_hardened2,xilinx_u280_xdma_201920_3,3,2,6,96,1024,Reduce,238.92000001524138,9.874836764814557,341.17699999569595,6.915167200689857
dma_hardened2,xilinx_u280_xdma_201920_3,3,2,6,96,1024,Reduce,249.7299999504321,9.447387180027578,378.4709999763436,6.233756351602813
dma_hardened2,xilinx_u280_xdma_201920_3,3,2,6,96,1024,Reduce,236.69999995945545,9.967452473190223,397.7100000156497,5.932201855390015
dma_hardened2,xilinx_u280_xdma_201920_3,3,2,6,96,1024,Reduce,243.30300004749006,9.696945781759746,363.80099993493786,6.485127859521926
dma_hardened2,xilinx_u280_xdma_201920_3,3,2,6,96,1024,Reduce,238.3649999728732,9.89782896091497,304.60699997547636,7.745376830440354
dma_hardened2,xilinx_u280_xdma_201920_3,3,2,6,96,1024,Reduce,224.8659999395386,10.492008576816245,354.5639999629202,6.654076556691407
dma_hardened2,xilinx_u280_xdma_201920_3,3,2,6,96,1024,Reduce,250.3520000800563,9.423915124486946,351.3569999995525,6.714811431117083
dma_hardened2,xilinx_u280_xdma_201920_3,3,2,6,96,1024,Reduce,252.35599991901836,9.349078289230704,340.0010000405018,6.939085472451417
dma_hardened2,xilinx_u280_xdma_201920_3,3,2,6,96,1024,Reduce,242.6760000844297,9.721999699925723,346.826999930272,6.802515376468169
dma_hardened2,xilinx_u280_xdma_201920_3,3,2,6,96,1024,Reduce,211.52299996174406,11.153850883481706,318.90900004327705,7.398022632411865
dma_hardened2,xilinx_u280_xdma_201920_3,3,2,6,96,1024,Reduce,216.96900000733876,10.873885209039997,348.90200004156213,6.762059259387892
dma_hardened2,xilinx_u280_xdma_201920_3,3,2,6,96,1024,Reduce,221.22500001842127,10.664689794569071,347.3819999726402,6.791647236142973
dma_hardened2,xilinx_u280_xdma_201920_3,3,2,6,96,1024,Reduce,227.89600006944966,10.352511668835879,324.85799999903975,7.262545481431807
dma_hardened2,xilinx_u280_xdma_201920_3,3,2,6,96,1024,Reduce,214.71399998063134,10.988086478817518,365.5300000673378,6.454452437735265
dma_hardened2,xilinx_u280_xdma_201920_3,3,2,6,96,1024,Reduce,234.41700000148558,10.064526036870399,312.1229999578645,7.558866217223647
dma_hardened2,xilinx_u280_xdma_201920_3,3,2,6,96,1024,Reduce,218.3550000154355,10.804863638722363,352.6289999626897,6.690589827409623
dma_hardened2,xilinx_u280_xdma_201920_3,3,2,6,96,1024,Reduce,222.02399998150213,10.62631067000218,356.65600000811537,6.615046431144623
dma_hardened2,xilinx_u280_xdma_201920_3,3,2,6,192,1024,Reduce,267.9660000239892,17.608920533118294,396.9570000208478,11.886909664654318
dma_hardened2,xilinx_u280_xdma_201920_3,3,2,6,192,1024,Reduce,270.1580000348258,17.466045793171887,382.19599991862196,12.346000484057114
dma_hardened2,xilinx_u280_xdma_201920_3,3,2,6,192,1024,Reduce,335.47000009548356,14.06561540124889,433.4660000040458,10.885725754628872
dma_hardened2,xilinx_u280_xdma_201920_3,3,2,6,192,1024,Reduce,290.7449999156597,16.22931435233206,420.8750000316286,11.211385802543273
dma_hardened2,xilinx_u280_xdma_201920_3,3,2,6,192,1024,Reduce,283.03600004164764,16.671349225206963,489.6350000080929,9.63695814213038
dma_hardened2,xilinx_u280_xdma_201920_3,3,2,6,192,1024,Reduce,271.8079999795009,17.360018838135247,391.7069999488376,12.046228432517964
dma_hardened2,xilinx_u280_xdma_201920_3,3,2,6,192,1024,Reduce,269.51199993163755,17.50791059840335,419.9779999680686,11.235331375354804
dma_hardened2,xilinx_u280_xdma_201920_3,3,2,6,192,1024,Reduce,271.50400001119124,17.379456655539155,398.9379999893572,11.827883029758715
dma_hardened2,xilinx_u280_xdma_201920_3,3,2,6,192,1024,Reduce,258.1229999805146,18.280401205457093,434.4100000253093,10.8620703936951
dma_hardened2,xilinx_u280_xdma_201920_3,3,2,6,192,1024,Reduce,271.01700004550366,17.410686411582116,432.7350000039587,10.90411452726688
dma_hardened2,xilinx_u280_xdma_201920_3,3,2,6,192,1024,Reduce,246.36099999497674,19.153161417985036,408.5069999746338,11.550822875233473
dma_hardened2,xilinx_u280_xdma_201920_3,3,2,6,192,1024,Reduce,225.56600004008942,20.918897347833333,418.75299996263493,11.268198676597033
dma_hardened2,xilinx_u280_xdma_201920_3,3,2,6,192,1024,Reduce,243.44899998141045,19.382260762460753,355.49400001855247,13.273337945939303
dma_hardened2,xilinx_u280_xdma_201920_3,3,2,6,192,1024,Reduce,267.1009999630769,17.665946591934443,399.506000007932,11.811066667099654
dma_hardened2,xilinx_u280_xdma_201920_3,3,2,6,192,1024,Reduce,270.3140000903659,17.45596601886168,391.5969999752633,12.049612229659745
dma_hardened2,xilinx_u280_xdma_201920_3,3,2,6,192,1024,Reduce,252.61300004331133,18.679133691421193,407.6389999454477,11.575418447772332
dma_hardened2,xilinx_u280_xdma_201920_3,3,2,6,192,1024,Reduce,257.86599996990844,18.298620215734662,378.9920000372149,12.450373621439663
dma_hardened2,xilinx_u280_xdma_201920_3,3,2,6,192,1024,Reduce,259.2800000229545,18.198827520758467,379.253999994944,12.441772532558405
dma_hardened2,xilinx_u280_xdma_201920_3,3,2,6,192,1024,Reduce,267.2970000503483,17.65299273508944,413.20100001485116,11.4196045019988
dma_hardened2,xilinx_u280_xdma_201920_3,3,2,6,192,1024,Reduce,266.6970000291258,17.692707452594842,413.92299999643,11.399685448841202
dma_hardened2,xilinx_u280_xdma_201920_3,3,2,6,384,1024,Reduce,347.4190000360977,27.163695707544644,572.0350000046892,16.49756396011195
dma_hardened2,xilinx_u280_xdma_201920_3,3,2,6,384,1024,Reduce,357.58799992891,26.39122118716554,561.341999969045,16.811825946607257
dma_hardened2,xilinx_u280_xdma_201920_3,3,2,6,384,1024,Reduce,320.8289999747649,29.414996776296068,522.5999999538544,18.05814007048087
dma_hardened2,xilinx_u280_xdma_201920_3,3,2,6,384,1024,Reduce,372.25700009457796,25.351260010160534,538.4999999478168,17.524947076907164
dma_hardened2,xilinx_u280_xdma_201920_3,3,2,6,384,1024,Reduce,348.1500000361848,27.106660919199054,625.9620000719224,15.07628897427588
dma_hardened2,xilinx_u280_xdma_201920_3,3,2,6,384,1024,Reduce,344.3140000172207,27.408656050953503,581.4370000507552,16.230793704522075
dma_hardened2,xilinx_u280_xdma_201920_3,3,2,6,384,1024,Reduce,386.19099996139994,24.43657154346749,521.3029999140417,18.103068659793074
dma_hardened2,xilinx_u280_xdma_201920_3,3,2,6,384,1024,Reduce,352.3100000393242,26.786591351215232,578.228999984276,16.3208417430752
dma_hardened2,xilinx_u280_xdma_201920_3,3,2,6,384,1024,Reduce,398.5629999760931,23.678023300120852,551.7750000763044,17.103319285387958
dma_hardened2,xilinx_u280_xdma_201920_3,3,2,6,384,1024,Reduce,343.75399991404265,27.453306732022938,530.1480000525771,17.801036689875417
dma_hardened2,xilinx_u280_xdma_201920_3,3,2,6,384,1024,Reduce,330.2999999732492,28.571553135828978,530.9489999945072,17.774181701251212
dma_hardened2,xilinx_u280_xdma_201920_3,3,2,6,384,1024,Reduce,330.2919999441656,28.572245169714417,551.4279999943028,17.114081983681462
dma_hardened2,xilinx_u280_xdma_201920_3,3,2,6,384,1024,Reduce,342.15799996673013,27.58136299872465,556.5989999922749,16.955086157414907
dma_hardened2,xilinx_u280_xdma_201920_3,3,2,6,384,1024,Reduce,342.86100003555475,27.52481034302928,566.6660000542834,16.653873708844316
dma_hardened2,xilinx_u280_xdma_201920_3,3,2,6,384,1024,Reduce,356.0729999207979,26.50350911779083,525.3720000837347,17.96286059876789
dma_hardened2,xilinx_u280_xdma_201920_3,3,2,6,384,1024,Reduce,347.54999990127544,27.1534570642518,540.3469999691879,17.465043759913787
dma_hardened2,xilinx_u280_xdma_201920_3,3,2,6,384,1024,Reduce,342.0330000381,27.59144292787177,538.3259999689471,17.53061156352169
dma_hardened2,xilinx_u280_xdma_201920_3,3,2,6,384,1024,Reduce,365.5749999325053,25.814631749278124,499.7570000568885,18.883545400916333
dma_hardened2,xilinx_u280_xdma_201920_3,3,2,6,384,1024,Reduce,320.5549999165669,29.44013976527049,518.572000032691,18.19840639179338
dma_hardened2,xilinx_u280_xdma_201920_3,3,2,6,384,1024,Reduce,348.89800008386374,27.04854713335017,617.7059999572521,15.277792348873241
dma_hardened2,xilinx_u280_xdma_201920_3,3,2,6,768,1024,Reduce,612.2279999090097,30.828985284575584,892.7360000825502,21.142160726412637
dma_hardened2,xilinx_u280_xdma_201920_3,3,2,6,768,1024,Reduce,518.5479999454401,36.39849734640939,890.9389999871564,21.184803898215353
dma_hardened2,xilinx_u280_xdma_201920_3,3,2,6,768,1024,Reduce,501.1360000253262,37.6631652865612,919.9800000487812,20.5160633915946
dma_hardened2,xilinx_u280_xdma_201920_3,3,2,6,768,1024,Reduce,510.68400000531256,36.958996169458324,793.4469999781868,23.78781191499733
dma_hardened2,xilinx_u280_xdma_201920_3,3,2,6,768,1024,Reduce,544.1289999907895,34.68730393035381,868.8009999104906,21.724615880903173
dma_hardened2,xilinx_u280_xdma_201920_3,3,2,6,768,1024,Reduce,522.4659998930292,36.1255431049377,873.9930000274398,21.59555968915932
dma_hardened2,xilinx_u280_xdma_201920_3,3,2,6,768,1024,Reduce,524.5969999805311,35.97879515266093,911.9420000160972,20.69689519691695
dma_hardened2,xilinx_u280_xdma_201920_3,3,2,6,768,1024,Reduce,508.32600004468986,37.13043991127868,803.0620000454292,23.50300225752467
dma_hardened2,xilinx_u280_xdma_201920_3,3,2,6,768,1024,Reduce,501.9330000095579,37.60336140409296,716.3110000192319,26.349404098908508
dma_hardened2,xilinx_u280_xdma_201920_3,3,2,6,768,1024,Reduce,497.7550000830888,37.91899226898646,882.6770000496253,21.383097100002445
dma_hardened2,xilinx_u280_xdma_201920_3,3,2,6,768,1024,Reduce,463.097999954698,40.756746956036004,705.444000004718,26.755303043010883
dma_hardened2,xilinx_u280_xdma_201920_3,3,2,6,768,1024,Reduce,523.0089999486154,36.08803672949102,820.2579999760928,23.010282131414886
dma_hardened2,xilinx_u280_xdma_201920_3,3,2,6,768,1024,Reduce,505.3060000363985,37.35235282905889,933.4020001006138,20.221049449182114
dma_hardened2,xilinx_u280_xdma_201920_3,3,2,6,768,1024,Reduce,532.9020000317541,35.41808437362842,896.3149999772213,21.057739746048732
dma_hardened2,xilinx_u280_xdma_201920_3,3,2,6,768,1024,Reduce,535.593999984485,35.24006617054476,943.6949999326316,20.000495924368998
dma_hardened2,xilinx_u280_xdma_201920_3,3,2,6,768,1024,Reduce,528.5459999413433,35.70998172740808,896.2389999851439,21.059525417118493
dma_hardened2,xilinx_u280_xdma_201920_3,3,2,6,768,1024,Reduce,505.08900005752366,37.36840041626413,846.8820000189226,22.286892388288184
dma_hardened2,xilinx_u280_xdma_201920_3,3,2,6,768,1024,Reduce,476.2380000329358,39.632217501952134,847.3479999793199,22.274635687416083
dma_hardened2,xilinx_u280_xdma_201920_3,3,2,6,768,1024,Reduce,599.0210000845764,31.508691677478932,742.6810000197293,25.41382908610642
dma_hardened2,xilinx_u280_xdma_201920_3,3,2,6,768,1024,Reduce,513.7189999686598,36.74064615315272,920.9840000039549,20.493698044612014
dma_hardened2,xilinx_u280_xdma_201920_3,3,2,6,1536,1024,Reduce,757.2679999157117,49.848582013503346,1240.9449999495337,30.419346547619075
dma_hardened2,xilinx_u280_xdma_201920_3,3,2,6,1536,1024,Reduce,781.9400000244059,48.27574494056039,1402.1510000929993,26.922019096014818
dma_hardened2,xilinx_u280_xdma_201920_3,3,2,6,1536,1024,Reduce,778.1880000266028,48.50850437003596,1322.502999983044,28.543402926484088
dma_hardened2,xilinx_u280_xdma_201920_3,3,2,6,1536,1024,Reduce,779.241000032016,48.44295410335063,1246.9660000533622,30.27246612849476
dma_hardened2,xilinx_u280_xdma_201920_3,3,2,6,1536,1024,Reduce,758.132999976624,49.791706733731324,1176.38500000794,32.088760057077586
dma_hardened2,xilinx_u280_xdma_201920_3,3,2,6,1536,1024,Reduce,781.8550000138202,48.28099327795147,1250.827000035315,30.179022357955358
dma_hardened2,xilinx_u280_xdma_201920_3,3,2,6,1536,1024,Reduce,798.1129999734549,47.297482939452834,1238.8169999439924,30.471599922915686
dma_hardened2,xilinx_u280_xdma_201920_3,3,2,6,1536,1024,Reduce,783.8469999796871,48.15829619935808,1255.7059999380726,30.061762866356972
dma_hardened2,xilinx_u280_xdma_201920_3,3,2,6,1536,1024,Reduce,710.9330000503178,53.09745925048951,1211.5729999777614,31.156798641677295
dma_hardened2,xilinx_u280_xdma_201920_3,3,2,6,1536,1024,Reduce,793.3619999676012,47.580721034712475,1332.174000026498,28.33619031691742
dma_hardened2,xilinx_u280_xdma_201920_3,3,2,6,1536,1024,Reduce,751.9260000208305,50.202727394656186,1303.4429999834174,28.960787698794842
dma_hardened2,xilinx_u280_xdma_201920_3,3,2,6,1536,1024,Reduce,791.3709999911589,47.70042875013328,1265.604999957759,29.826633113222456
dma_hardened2,xilinx_u280_xdma_201920_3,3,2,6,1536,1024,Reduce,765.6580000912072,49.3023464725808,1279.661000012311,29.499012628842202
dma_hardened2,xilinx_u280_xdma_201920_3,3,2,6,1536,1024,Reduce,753.2569999284533,50.114019522666894,1365.433999922061,27.64596165186651
dma_hardened2,xilinx_u280_xdma_201920_3,3,2,6,1536,1024,Reduce,680.9559999965131,55.434912094457346,1399.9979998970957,26.963421378298147
dma_hardened2,xilinx_u280_xdma_201920_3,3,2,6,1536,1024,Reduce,763.291999987814,49.45517049910474,1289.3239999129946,29.27792859091069
dma_hardened2,xilinx_u280_xdma_201920_3,3,2,6,1536,1024,Reduce,781.3910000322721,48.309663149999096,1209.3569999933607,31.213889695273803
dma_hardened2,xilinx_u280_xdma_201920_3,3,2,6,1536,1024,Reduce,688.8890000027459,54.79654341969393,1321.482999969703,28.565434440598512
dma_hardened2,xilinx_u280_xdma_201920_3,3,2,6,1536,1024,Reduce,680.2460000017163,55.49277173243908,1124.915999980658,33.556937585249976
dma_hardened2,xilinx_u280_xdma_201920_3,3,2,6,1536,1024,Reduce,725.2839999409844,52.04683407199328,1214.9520000548364,31.07014597967346
dma_hardened2,xilinx_u280_xdma_201920_3,3,2,6,3072,1024,Reduce,1053.5490000620484,71.66014299814589,1909.239000042362,39.54322743162321
dma_hardened2,xilinx_u280_xdma_201920_3,3,2,6,3072,1024,Reduce,1013.9729999991687,74.45708317683203,1895.616000069822,39.827408081182675
dma_hardened2,xilinx_u280_xdma_201920_3,3,2,6,3072,1024,Reduce,1024.4620000321447,73.69475099870088,1769.8749999226493,42.65695148148855
dma_hardened2,xilinx_u280_xdma_201920_3,3,2,6,3072,1024,Reduce,1081.1749999675158,69.82909519945277,1750.1059999176505,43.138799594740235
dma_hardened2,xilinx_u280_xdma_201920_3,3,2,6,3072,1024,Reduce,1029.7269999455239,73.31794932442683,1873.4430000222346,40.29878250851719
dma_hardened2,xilinx_u280_xdma_201920_3,3,2,6,3072,1024,Reduce,989.414999935434,76.30516214624473,1879.0589999753138,40.178340329383936
dma_hardened2,xilinx_u280_xdma_201920_3,3,2,6,3072,1024,Reduce,1034.2369999989387,72.99823154661598,1982.8950000828627,38.074367022381445
dma_hardened2,xilinx_u280_xdma_201920_3,3,2,6,3072,1024,Reduce,1036.3999999754014,72.84588190060971,1881.3639999279985,40.12911483524154
dma_hardened2,xilinx_u280_xdma_201920_3,3,2,6,3072,1024,Reduce,1094.4279999876017,68.98349822999346,1921.4659999988726,39.29159922686339
dma_hardened2,xilinx_u280_xdma_201920_3,3,2,6,3072,1024,Reduce,1098.1619999483883,68.74893868440927,1846.0069999264306,40.89771707420872
dma_hardened2,xilinx_u280_xdma_201920_3,3,2,6,3072,1024,Reduce,986.2699999985125,76.54848266713361,1908.3330000739807,39.56200096999485
dma_hardened2,xilinx_u280_xdma_201920_3,3,2,6,3072,1024,Reduce,1031.9809999828067,73.15781201519972,1857.387000086419,40.64714138544488
dma_hardened2,xilinx_u280_xdma_201920_3,3,2,6,3072,1024,Reduce,1067.7540000187946,70.70680325118997,1967.9810000070574,38.36290695882188
dma_hardened2,xilinx_u280_xdma_201920_3,3,2,6,3072,1024,Reduce,1036.39100007058,72.8465144861915,1935.5470000164132,39.00575496196155
dma_hardened2,xilinx_u280_xdma_201920_3,3,2,6,3072,1024,Reduce,1068.2519999818396,70.67384100500955,1884.6640000447223,40.058849746272266
dma_hardened2,xilinx_u280_xdma_201920_3,3,2,6,3072,1024,Reduce,991.3520000282006,76.15606968851867,1754.6610000636065,43.02681372485239
dma_hardened2,xilinx_u280_xdma_201920_3,3,2,6,3072,1024,Reduce,951.3850000075763,79.35533143721919,1882.539000007455,40.10406796337342
dma_hardened2,xilinx_u280_xdma_201920_3,3,2,6,3072,1024,Reduce,990.4259999302667,76.22727190654888,1803.950000066834,41.851199865408084
dma_hardened2,xilinx_u280_xdma_201920_3,3,2,6,3072,1024,Reduce,948.3850000151506,79.60635395835439,1842.1899999339075,40.98245675131698
dma_hardened2,xilinx_u280_xdma_201920_3,3,2,6,3072,1024,Reduce,1001.4829999818176,75.38567504527855,1880.1349999648664,40.15534629237305
dma_hardened2,xilinx_u280_xdma_201920_3,3,2,6,6144,1024,Reduce,1784.5510000142895,84.61228846852286,3267.382999979418,46.2128082324451
dma_hardened2,xilinx_u280_xdma_201920_3,3,2,6,6144,1024,Reduce,1654.580999911559,91.25871988622558,2964.4190000226445,50.935763128912136
dma_hardened2,xilinx_u280_xdma_201920_3,3,2,6,6144,1024,Reduce,1745.964999940952,86.48222845538518,3226.08700003002,46.8043620641957
dma_hardened2,xilinx_u280_xdma_201920_3,3,2,6,6144,1024,Reduce,1710.5860000583561,88.27088728356765,3200.3259999555667,47.181113424724984
dma_hardened2,xilinx_u280_xdma_201920_3,3,2,6,6144,1024,Reduce,1692.4289999451503,89.21788979324603,3157.8040000113106,47.81643952552444
dma_hardened2,xilinx_u280_xdma_201920_3,3,2,6,6144,1024,Reduce,1727.6769999625685,87.39766982096273,3150.8020000501347,47.922701584421176
dma_hardened2,xilinx_u280_xdma_201920_3,3,2,6,6144,1024,Reduce,1631.565000025148,92.54607937634887,3311.593000034918,45.59586398401249
dma_hardened2,xilinx_u280_xdma_201920_3,3,2,6,6144,1024,Reduce,1750.2090000789394,86.2725217349412,3143.734999980552,48.03043004608661
dma_hardened2,xilinx_u280_xdma_201920_3,3,2,6,6144,1024,Reduce,1698.728999940613,88.88701140987098,2966.2040000175693,50.905111043982686
dma_hardened2,xilinx_u280_xdma_201920_3,3,2,6,6144,1024,Reduce,1686.570000060783,89.52782510927992,3006.843000093795,50.21710278697287
dma_hardened2,xilinx_u280_xdma_201920_3,3,2,6,6144,1024,Reduce,1558.9390000059211,96.85750629076988,3128.671000013128,48.26168810954122
dma_hardened2,xilinx_u280_xdma_201920_3,3,2,6,6144,1024,Reduce,1826.7359999981636,82.65832829711124,2794.870999991872,54.02572927352966
dma_hardened2,xilinx_u280_xdma_201920_3,3,2,6,6144,1024,Reduce,1652.2639999720923,91.38669365340552,3114.954000011494,48.4742131021655
dma_hardened2,xilinx_u280_xdma_201920_3,3,2,6,6144,1024,Reduce,1697.6639999484178,88.94277313095398,2942.6850001073035,51.311963052278465
dma_hardened2,xilinx_u280_xdma_201920_3,3,2,6,6144,1024,Reduce,1625.9969999055102,92.86299052751919,3149.307000057888,47.945450855449955
dma_hardened2,xilinx_u280_xdma_201920_3,3,2,6,6144,1024,Reduce,1796.7029999681472,84.04001329250127,3297.7859999618886,45.78676239202453
dma_hardened2,xilinx_u280_xdma_201920_3,3,2,6,6144,1024,Reduce,1820.3800000264891,82.94693635274108,3347.3409999942305,45.10892197725307
dma_hardened2,xilinx_u280_xdma_201920_3,3,2,6,6144,1024,Reduce,1748.8639999783118,86.33887140559388,3091.601000051014,48.84037234995992
dma_hardened2,xilinx_u280_xdma_201920_3,3,2,6,6144,1024,Reduce,1711.2870000346447,88.23472859721551,3113.0429999848275,48.503969910064185
dma_hardened2,xilinx_u280_xdma_201920_3,3,2,6,6144,1024,Reduce,1702.9560000310084,88.66638010450687,3253.742000083548,46.406550979187294
dma_hardened2,xilinx_u280_xdma_201920_3,3,2,6,12288,1024,Reduce,2668.9389999319246,113.14979023788207,5156.875000011496,58.56063759531243
dma_hardened2,xilinx_u280_xdma_201920_3,3,2,6,12288,1024,Reduce,2821.631999950114,107.02667392676975,5266.929000072196,57.33699618807478
dma_hardened2,xilinx_u280_xdma_201920_3,3,2,6,12288,1024,Reduce,2811.7209999436454,107.40393090425852,5360.434000067471,56.336835412244405
dma_hardened2,xilinx_u280_xdma_201920_3,3,2,6,12288,1024,Reduce,2724.2490000389807,110.85252779598301,5391.53800002623,56.011825938819456
dma_hardened2,xilinx_u280_xdma_201920_3,3,2,6,12288,1024,Reduce,2686.2500000106593,112.42061907819513,5461.791000016092,55.29136651312917
dma_hardened2,xilinx_u280_xdma_201920_3,3,2,6,12288,1024,Reduce,2720.9370000491617,110.98746056764404,5469.424000011713,55.214203177401
dma_hardened2,xilinx_u280_xdma_201920_3,3,2,6,12288,1024,Reduce,2728.6709999998493,110.67288361257795,5355.92699998233,56.384242727915506
dma_hardened2,xilinx_u280_xdma_201920_3,3,2,6,12288,1024,Reduce,2686.7589999710617,112.39932126523169,5224.314999964008,57.80468597358323
dma_hardened2,xilinx_u280_xdma_201920_3,3,2,6,12288,1024,Reduce,2753.520000055687,109.67412184908501,5310.3299999293085,56.86838445144089
dma_hardened2,xilinx_u280_xdma_201920_3,3,2,6,12288,1024,Reduce,2734.398000029614,110.44108721434458,5575.358999976743,54.165101834923945
dma_hardened2,xilinx_u280_xdma_201920_3,3,2,6,12288,1024,Reduce,2690.4589999503514,112.24474634460991,5392.509999978756,56.001729806934
dma_hardened2,xilinx_u280_xdma_201920_3,3,2,6,12288,1024,Reduce,2686.219999986861,112.42187460501266,5547.28699989937,54.43920388569731
dma_hardened2,xilinx_u280_xdma_201920_3,3,2,6,12288,1024,Reduce,2726.0749999413747,110.77827572847204,5347.172000028877,56.47656144189286
dma_hardened2,xilinx_u280_xdma_201920_3,3,2,6,12288,1024,Reduce,2733.225000042694,110.48848448089083,5279.814999994414,57.197058609121626
dma_hardened2,xilinx_u280_xdma_201920_3,3,2,6,12288,1024,Reduce,2605.6599999719765,115.89765664102295,5377.317000011317,56.159956349860806
dma_hardened2,xilinx_u280_xdma_201920_3,3,2,6,12288,1024,Reduce,2811.700000052042,107.40473307764358,5256.583999994291,57.4498358630487
dma_hardened2,xilinx_u280_xdma_201920_3,3,2,6,12288,1024,Reduce,2727.1069999414976,110.73635468152821,5234.533000020747,57.69184911028416
dma_hardened2,xilinx_u280_xdma_201920_3,3,2,6,12288,1024,Reduce,2751.940000052855,109.7370901960798,5283.313000063572,57.15918931858973
dma_hardened2,xilinx_u280_xdma_201920_3,3,2,6,12288,1024,Reduce,2802.856000016618,107.74363292235117,5400.153999971735,55.92245850795748
dma_hardened2,xilinx_u280_xdma_201920_3,3,2,6,12288,1024,Reduce,2834.51600000717,106.54019522177192,5521.381999983532,54.69461957185732
dma_hardened2,xilinx_u280_xdma_201920_3,3,2,6,24576,1024,Reduce,4640.240999947309,130.1612946411314,9433.030999957737,64.02817673372493
dma_hardened2,xilinx_u280_xdma_201920_3,3,2,6,24576,1024,Reduce,4722.388000004685,127.89710968251674,9469.47700003875,63.7817459187586
dma_hardened2,xilinx_u280_xdma_201920_3,3,2,6,24576,1024,Reduce,4658.181999957378,129.6599780784706,9485.097000037968,63.67671052785041
dma_hardened2,xilinx_u280_xdma_201920_3,3,2,6,24576,1024,Reduce,4710.952999971596,128.20755715534452,9500.236999997469,63.57523249158531
dma_hardened2,xilinx_u280_xdma_201920_3,3,2,6,24576,1024,Reduce,4785.420999951384,126.21246406661733,9427.282000046944,64.06722276866147
dma_hardened2,xilinx_u280_xdma_201920_3,3,2,6,24576,1024,Reduce,4697.1840000651355,128.58337591025276,9568.119000050501,63.124191494358726
dma_hardened2,xilinx_u280_xdma_201920_3,3,2,6,24576,1024,Reduce,4726.756999957615,127.77889280227772,9554.476000062095,63.2143276089735
dma_hardened2,xilinx_u280_xdma_201920_3,3,2,6,24576,1024,Reduce,4750.830000034512,127.13142250840642,9629.099999983737,62.72442658202948
dma_hardened2,xilinx_u280_xdma_201920_3,3,2,6,24576,1024,Reduce,4801.744000019426,125.7834186907,9342.414000002464,64.64921978407729
dma_hardened2,xilinx_u280_xdma_201920_3,3,2,6,24576,1024,Reduce,4693.814999995993,128.6756670214986,9378.943999990952,64.39741787567797
dma_hardened2,xilinx_u280_xdma_201920_3,3,2,6,24576,1024,Reduce,4641.7700000347395,130.11841948124956,9523.712000031992,63.41852588549203
dma_hardened2,xilinx_u280_xdma_201920_3,3,2,6,24576,1024,Reduce,4715.671999974802,128.07925911794274,9591.633000013644,62.96944180403283
dma_hardened2,xilinx_u280_xdma_201920_3,3,2,6,24576,1024,Reduce,4653.555000004417,129.78889816482814,9299.143000021104,64.95004711709771
dma_hardened2,xilinx_u280_xdma_201920_3,3,2,6,24576,1024,Reduce,4574.429999934182,132.03388750263755,9469.5050000837,63.78155732476634
dma_hardened2,xilinx_u280_xdma_201920_3,3,2,6,24576,1024,Reduce,4785.280000078274,126.2161829590161,9544.293999965703,63.28176562898946
dma_hardened2,xilinx_u280_xdma_201920_3,3,2,6,24576,1024,Reduce,4695.1589999935095,128.63883331764376,9678.952000058416,62.401360808107604
dma_hardened2,xilinx_u280_xdma_201920_3,3,2,6,24576,1024,Reduce,4663.321999942127,129.51706444622428,9249.790000012581,65.29659332797594
dma_hardened2,xilinx_u280_xdma_201920_3,3,2,6,24576,1024,Reduce,4697.688999954153,128.56955324328507,9483.020000061515,63.69065719529032
dma_hardened2,xilinx_u280_xdma_201920_3,3,2,6,24576,1024,Reduce,4769.26999999705,126.6398790591377,9508.363999998437,63.52089339449976
dma_hardened2,xilinx_u280_xdma_201920_3,3,2,6,24576,1024,Reduce,4708.196000024145,128.28263224319943,9570.614000040223,63.10773540730633
experiment,board_instance,number of nodes,rank id,number of banks,buffer size[KB],segment_size[KB],collective name,execution_time[us],throughput[Gbps],execution_time_fullpath[us],throughput_fullpath[Gbps]
dma_hardened2,xilinx_u280_xdma_201920_3,3,2,6,24,1024,Allreduce,284.91319999375264,2.0701883942651067,454.80859999997847,1.296862020639073
dma_hardened2,xilinx_u280_xdma_201920_3,3,2,6,24,1024,Allreduce,316.9417999970392,1.8609852029789382,510.5898000010711,1.155181713380805
dma_hardened2,xilinx_u280_xdma_201920_3,3,2,6,24,1024,Allreduce,263.1994000012128,2.2409777529784725,520.39170000171,1.133423150288642
dma_hardened2,xilinx_u280_xdma_201920_3,3,2,6,24,1024,Allreduce,273.8294999971913,2.153982679024904,493.2638000013867,1.1957577263896964
dma_hardened2,xilinx_u280_xdma_201920_3,3,2,6,24,1024,Allreduce,349.23719999824243,1.688892248600574,512.7847000039765,1.1502371268008311
dma_hardened2,xilinx_u280_xdma_201920_3,3,2,6,24,1024,Allreduce,311.88159999828713,1.8911792167387858,469.86950000018624,1.2552932250332618
dma_hardened2,xilinx_u280_xdma_201920_3,3,2,6,24,1024,Allreduce,263.10259999036134,2.2418022475703694,419.63099999975384,1.4055777576021458
dma_hardened2,xilinx_u280_xdma_201920_3,3,2,6,24,1024,Allreduce,269.7069999953783,2.1869065319406142,479.54110000318906,1.2299759082090722
dma_hardened2,xilinx_u280_xdma_201920_3,3,2,6,24,1024,Allreduce,300.97210000121777,1.9597298221250854,496.6422000052262,1.1876236050697933
dma_hardened2,xilinx_u280_xdma_201920_3,3,2,6,24,1024,Allreduce,249.51579999878962,2.36387435185612,465.05369999749746,1.268292242386576
dma_hardened2,xilinx_u280_xdma_201920_3,3,2,6,24,1024,Allreduce,264.7514000045703,2.227840910340108,522.1863999963716,1.1295276935670833
dma_hardened2,xilinx_u280_xdma_201920_3,3,2,6,24,1024,Allreduce,306.44089999896096,1.9247561275338896,508.6258999995152,1.1596420866506447
dma_hardened2,xilinx_u280_xdma_201920_3,3,2,6,24,1024,Allreduce,327.177400004075,1.8027651053913067,513.4967999993023,1.1486420168554146
dma_hardened2,xilinx_u280_xdma_201920_3,3,2,6,24,1024,Allreduce,286.1546000076487,2.0612074731080137,457.2982000013326,1.2898017092529148
dma_hardened2,xilinx_u280_xdma_201920_3,3,2,6,24,1024,Allreduce,309.01140000878513,1.9087451142036553,559.8179999992681,1.0535995627164028
dma_hardened2,xilinx_u280_xdma_201920_3,3,2,6,24,1024,Allreduce,344.09690000529736,1.7141218069413575,570.8188999960839,1.0332944476856782
dma_hardened2,xilinx_u280_xdma_201920_3,3,2,6,24,1024,Allreduce,317.787500000577,1.8560327262681167,528.3691999920848,1.1163103375610006
dma_hardened2,xilinx_u280_xdma_201920_3,3,2,6,24,1024,Allreduce,296.3064000027771,1.9905881209264191,542.651900002511,1.0869288396433712
dma_hardened2,xilinx_u280_xdma_201920_3,3,2,6,24,1024,Allreduce,280.066799996348,2.106011851485757,453.31860000032975,1.3011246394910134
dma_hardened2,xilinx_u280_xdma_201920_3,3,2,6,24,1024,Allreduce,327.30149999906644,1.8020815670007082,520.9003999993911,1.1323162738993664
dma_hardened2,xilinx_u280_xdma_201920_3,3,2,6,48,1024,Allreduce,264.92119999375063,4.452825972507399,506.9929000001139,2.3267544772318014
dma_hardened2,xilinx_u280_xdma_201920_3,3,2,6,48,1024,Allreduce,323.38649999701374,3.6477960583107008,560.9767999999349,2.1028463209176156
dma_hardened2,xilinx_u280_xdma_201920_3,3,2,6,48,1024,Allreduce,330.10480000257303,3.573556034298214,539.0569999917716,2.188354849335055
dma_hardened2,xilinx_u280_xdma_201920_3,3,2,6,48,1024,Allreduce,324.64390000086496,3.633667535403736,522.1386000016537,2.2592621958925543
dma_hardened2,xilinx_u280_xdma_201920_3,3,2,6,48,1024,Allreduce,298.7931999996363,3.9480416555712647,531.6437000033147,2.218869517296349
dma_hardened2,xilinx_u280_xdma_201920_3,3,2,6,48,1024,Allreduce,337.387399997624,3.4964198426150697,531.5475999964292,2.2192706730458847
dma_hardened2,xilinx_u280_xdma_201920_3,3,2,6,48,1024,Allreduce,326.28669999894555,3.6153726155672667,548.2024000002639,2.151847565788534
dma_hardened2,xilinx_u280_xdma_201920_3,3,2,6,48,1024,Allreduce,321.0525999975289,3.674313804059147,550.4172999962975,2.143188449941408
dma_hardened2,xilinx_u280_xdma_201920_3,3,2,6,48,1024,Allreduce,370.2942999893821,3.1857039118177766,512.3922000052517,2.302236450882565
dma_hardened2,xilinx_u280_xdma_201920_3,3,2,6,48,1024,Allreduce,268.51720000422574,4.393193434094485,554.3631000023197,2.127933839743417
dma_hardened2,xilinx_u280_xdma_201920_3,3,2,6,48,1024,Allreduce,320.2093000027162,3.683990439971586,496.7317000023286,2.3748192434557125
dma_hardened2,xilinx_u280_xdma_201920_3,3,2,6,48,1024,Allreduce,340.43570000221735,3.465112501398404,553.1677000021773,2.1325323224681356
dma_hardened2,xilinx_u280_xdma_201920_3,3,2,6,48,1024,Allreduce,302.0877999915683,3.904983915381308,460.6087999945885,2.561062663183724
dma_hardened2,xilinx_u280_xdma_201920_3,3,2,6,48,1024,Allreduce,256.6763999993782,4.595856884399414,580.2544999937709,2.0329838028187006
dma_hardened2,xilinx_u280_xdma_201920_3,3,2,6,48,1024,Allreduce,313.18449999844233,3.7666231885864945,528.4318999997595,2.2323557680763346
dma_hardened2,xilinx_u280_xdma_201920_3,3,2,6,48,1024,Allreduce,340.3027999979713,3.466465747584306,560.3187000019716,2.1053161352563268
dma_hardened2,xilinx_u280_xdma_201920_3,3,2,6,48,1024,Allreduce,283.1913000022723,4.1655516959402865,508.24969999894165,2.3210008781165175
dma_hardened2,xilinx_u280_xdma_201920_3,3,2,6,48,1024,Allreduce,268.79450000478755,4.388661226249008,480.7056000004195,2.4539926308305344
dma_hardened2,xilinx_u280_xdma_201920_3,3,2,6,48,1024,Allreduce,303.8260000039372,3.882643355027921,539.3227000013212,2.1872767454385103
dma_hardened2,xilinx_u280_xdma_201920_3,3,2,6,48,1024,Allreduce,384.4109000056051,3.0687163136706053,550.2776999946946,2.143732155621377
dma_hardened2,xilinx_u280_xdma_201920_3,3,2,6,96,1024,Allreduce,352.4323000078766,6.694323987748205,553.9100999953916,4.25934822278855
dma_hardened2,xilinx_u280_xdma_201920_3,3,2,6,96,1024,Allreduce,312.5341999975717,7.54892104613937,571.0307000072135,4.131644760903741
dma_hardened2,xilinx_u280_xdma_201920_3,3,2,6,96,1024,Allreduce,373.8927000085823,6.310088428968645,583.6559000044872,4.042272167525183
dma_hardened2,xilinx_u280_xdma_201920_3,3,2,6,96,1024,Allreduce,292.8473999986636,8.056400705660241,525.4709000041657,4.48986994328572
dma_hardened2,xilinx_u280_xdma_201920_3,3,2,6,96,1024,Allreduce,389.952299997276,6.05021691118755,543.0360999980621,4.34463933430654
dma_hardened2,xilinx_u280_xdma_201920_3,3,2,6,96,1024,Allreduce,374.0746000062245,6.307020043490636,601.7906000010953,3.9204600404122396
dma_hardened2,xilinx_u280_xdma_201920_3,3,2,6,96,1024,Allreduce,355.0011000015729,6.645883632443805,527.380500000163,4.4736125055804505
dma_hardened2,xilinx_u280_xdma_201920_3,3,2,6,96,1024,Allreduce,338.8976999985971,6.961676045631961,534.1301000044041,4.417081156782864
dma_hardened2,xilinx_u280_xdma_201920_3,3,2,6,96,1024,Allreduce,317.0058000023346,7.442437961648099,554.082999997263,4.258019105461916
dma_hardened2,xilinx_u280_xdma_201920_3,3,2,6,96,1024,Allreduce,320.095000006404,7.370611849459687,576.6434999941339,4.091429106586654
dma_hardened2,xilinx_u280_xdma_201920_3,3,2,6,96,1024,Allreduce,405.40070000361084,5.819664346852352,550.539900007152,4.2854223644269025
dma_hardened2,xilinx_u280_xdma_201920_3,3,2,6,96,1024,Allreduce,339.1749999991589,6.955984373865558,546.4757999902758,4.317292732893171
dma_hardened2,xilinx_u280_xdma_201920_3,3,2,6,96,1024,Allreduce,312.57739999546175,7.547877741750536,569.9316999994153,4.139611816648241
dma_hardened2,xilinx_u280_xdma_201920_3,3,2,6,96,1024,Allreduce,354.5658000007279,6.654042775685519,570.3980000021147,4.136227686617508
dma_hardened2,xilinx_u280_xdma_201920_3,3,2,6,96,1024,Allreduce,364.57029999610313,6.471443230634032,534.3781999954444,4.415030403598263
dma_hardened2,xilinx_u280_xdma_201920_3,3,2,6,96,1024,Allreduce,339.4023000055313,6.95132590427805,525.665099996786,4.488211220441352
dma_hardened2,xilinx_u280_xdma_201920_3,3,2,6,96,1024,Allreduce,367.62270000281205,6.417710331766654,535.7716999924378,4.403547257224113
dma_hardened2,xilinx_u280_xdma_201920_3,3,2,6,96,1024,Allreduce,337.9938000080074,6.98029372119875,526.1693999955241,4.483909554641659
dma_hardened2,xilinx_u280_xdma_201920_3,3,2,6,96,1024,Allreduce,394.17880000200967,5.9853447217049,523.8148999978876,4.5040643173943975
dma_hardened2,xilinx_u280_xdma_201920_3,3,2,6,96,1024,Allreduce,342.9314000072736,6.879789952013606,517.3765999984425,4.560113464751019
dma_hardened2,xilinx_u280_xdma_201920_3,3,2,6,192,1024,Allreduce,391.64560000699566,12.048116970842301,633.8190000064969,7.444699511929482
dma_hardened2,xilinx_u280_xdma_201920_3,3,2,6,192,1024,Allreduce,398.04089999506687,11.854540576253546,570.4588000071453,8.271573687601798
dma_hardened2,xilinx_u280_xdma_201920_3,3,2,6,192,1024,Allreduce,393.3818999939831,11.994939269122886,637.1181999952569,7.40614849808894
dma_hardened2,xilinx_u280_xdma_201920_3,3,2,6,192,1024,Allreduce,419.29159999654075,11.253724138616011,672.5322999955097,7.016156696163894
dma_hardened2,xilinx_u280_xdma_201920_3,3,2,6,192,1024,Allreduce,409.52159999960713,11.522205422142633,633.0671999990045,7.453540477231201
dma_hardened2,xilinx_u280_xdma_201920_3,3,2,6,192,1024,Allreduce,448.82660000666874,10.513173684291196,613.9746000030755,7.685321184258052
dma_hardened2,xilinx_u280_xdma_201920_3,3,2,6,192,1024,Allreduce,382.43729999294374,12.338210734379365,567.2979999985728,8.317660206825815
dma_hardened2,xilinx_u280_xdma_201920_3,3,2,6,192,1024,Allreduce,393.07050000161325,12.00444195120375,619.4838999931562,7.616972773710711
dma_hardened2,xilinx_u280_xdma_201920_3,3,2,6,192,1024,Allreduce,420.18350000034843,11.22983648809648,604.3436999902951,7.807795464858447
dma_hardened2,xilinx_u280_xdma_201920_3,3,2,6,192,1024,Allreduce,410.488800002895,11.4950566250936,654.7032999947078,7.207221958462928
dma_hardened2,xilinx_u280_xdma_201920_3,3,2,6,192,1024,Allreduce,399.90450000004785,11.799297082176958,597.1418000058293,7.901962314401599
dma_hardened2,xilinx_u280_xdma_201920_3,3,2,6,192,1024,Allreduce,381.9503000045188,12.35394238450441,610.0682999999663,7.734530707463838
dma_hardened2,xilinx_u280_xdma_201920_3,3,2,6,192,1024,Allreduce,373.74809999164427,12.62505949891248,578.1063999961589,8.1621514655976
dma_hardened2,xilinx_u280_xdma_201920_3,3,2,6,192,1024,Allreduce,402.5382999998328,11.722094518712778,632.3564000012993,7.4619186268855735
dma_hardened2,xilinx_u280_xdma_201920_3,3,2,6,192,1024,Allreduce,393.2011999950191,12.000451677308646,631.5153000059581,7.4718569763163005
dma_hardened2,xilinx_u280_xdma_201920_3,3,2,6,192,1024,Allreduce,386.76909999821873,12.200023218043354,583.2598999973015,8.090033276797927
dma_hardened2,xilinx_u280_xdma_201920_3,3,2,6,192,1024,Allreduce,408.24369999654664,11.558272669094258,615.3246999929252,7.668458620390589
dma_hardened2,xilinx_u280_xdma_201920_3,3,2,6,192,1024,Allreduce,385.8174000015424,12.23011714863336,605.9457999981532,7.787151920211975
dma_hardened2,xilinx_u280_xdma_201920_3,3,2,6,192,1024,Allreduce,418.8857000031021,11.264628990593511,646.2732000045435,7.301234214828694
dma_hardened2,xilinx_u280_xdma_201920_3,3,2,6,192,1024,Allreduce,367.479400006232,12.840425884879474,667.7227000068342,7.0666940032916425
dma_hardened2,xilinx_u280_xdma_201920_3,3,2,6,384,1024,Allreduce,508.7854000066727,18.548456775442517,782.5826999919627,12.059024560723003
dma_hardened2,xilinx_u280_xdma_201920_3,3,2,6,384,1024,Allreduce,488.54290000690526,19.317001638682317,760.1433999980145,12.415004853064104
dma_hardened2,xilinx_u280_xdma_201920_3,3,2,6,384,1024,Allreduce,521.4045999991868,18.09954112413799,756.3448999917455,12.477355238467258
dma_hardened2,xilinx_u280_xdma_201920_3,3,2,6,384,1024,Allreduce,480.87099999065686,19.625188460488076,752.4577000026511,12.541813313847078
dma_hardened2,xilinx_u280_xdma_201920_3,3,2,6,384,1024,Allreduce,459.1236999999637,20.554774236225978,749.3743000054565,12.59341826898959
dma_hardened2,xilinx_u280_xdma_201920_3,3,2,6,384,1024,Allreduce,470.7886000005601,20.045481135245783,764.0619999961018,12.351332745311437
dma_hardened2,xilinx_u280_xdma_201920_3,3,2,6,384,1024,Allreduce,488.70269999952137,19.310685208019606,790.2652999973725,11.94179220577112
dma_hardened2,xilinx_u280_xdma_201920_3,3,2,6,384,1024,Allreduce,459.0573000086806,20.55774736578973,746.1717999944995,12.647468049676453
dma_hardened2,xilinx_u280_xdma_201920_3,3,2,6,384,1024,Allreduce,510.9405999974114,18.470217477428513,739.2336999942017,12.766171239317176
dma_hardened2,xilinx_u280_xdma_201920_3,3,2,6,384,1024,Allreduce,506.49680000560693,18.63226776535514,748.1862999952682,12.613414600159992
dma_hardened2,xilinx_u280_xdma_201920_3,3,2,6,384,1024,Allreduce,467.52989999276906,20.185198850695876,733.4145000072567,12.867463078391038
dma_hardened2,xilinx_u280_xdma_201920_3,3,2,6,384,1024,Allreduce,525.6136999946648,17.954600498609135,729.4265000041378,12.93781347393667
dma_hardened2,xilinx_u280_xdma_201920_3,3,2,6,384,1024,Allreduce,514.7483999962787,18.333585884032324,727.4148999954377,12.973591825049485
dma_hardened2,xilinx_u280_xdma_201920_3,3,2,6,384,1024,Allreduce,496.1412000056952,19.02116574856446,687.1522999972512,13.733758877089912
dma_hardened2,xilinx_u280_xdma_201920_3,3,2,6,384,1024,Allreduce,504.82899999906294,18.693823056951,725.4901999999674,13.008010308065392
dma_hardened2,xilinx_u280_xdma_201920_3,3,2,6,384,1024,Allreduce,485.5784000028507,19.434933678978712,746.4331999926799,12.643038921758235
dma_hardened2,xilinx_u280_xdma_201920_3,3,2,6,384,1024,Allreduce,504.2698000011115,18.714553201439386,778.1905999991068,12.12708557519306
dma_hardened2,xilinx_u280_xdma_201920_3,3,2,6,384,1024,Allreduce,489.32920000197555,19.285961270984647,795.9578000054535,11.856387361158271
dma_hardened2,xilinx_u280_xdma_201920_3,3,2,6,384,1024,Allreduce,490.0780999946619,19.25648993518134,794.9943999960851,11.870755316070746
dma_hardened2,xilinx_u280_xdma_201920_3,3,2,6,384,1024,Allreduce,500.43710000409186,18.857882439017484,792.378699998153,11.909941546916894
dma_hardened2,xilinx_u280_xdma_201920_3,3,2,6,768,1024,Allreduce,648.0251999960274,29.125978434350557,979.4274999990193,19.270816880288635
dma_hardened2,xilinx_u280_xdma_201920_3,3,2,6,768,1024,Allreduce,632.2713000031399,29.851691828976374,996.0886000044411,18.948483096700283
dma_hardened2,xilinx_u280_xdma_201920_3,3,2,6,768,1024,Allreduce,601.3257999939015,31.38792315279241,1027.1688999978323,18.375135773717282
dma_hardened2,xilinx_u280_xdma_201920_3,3,2,6,768,1024,Allreduce,649.087099998269,29.07832862500323,955.1752999982455,19.760108955952557
dma_hardened2,xilinx_u280_xdma_201920_3,3,2,6,768,1024,Allreduce,614.9755000024015,30.69125192780248,953.8228999986131,19.788126286365575
dma_hardened2,xilinx_u280_xdma_201920_3,3,2,6,768,1024,Allreduce,630.1662999931068,29.95140806515115,962.5326999980643,19.609066788108038
dma_hardened2,xilinx_u280_xdma_201920_3,3,2,6,768,1024,Allreduce,652.623799999219,28.920747297329008,926.9976000041424,20.3607517429556
dma_hardened2,xilinx_u280_xdma_201920_3,3,2,6,768,1024,Allreduce,633.0731999923955,29.813879343220847,1008.9359000062359,18.70720231075467
dma_hardened2,xilinx_u280_xdma_201920_3,3,2,6,768,1024,Allreduce,637.2996999971292,29.616157045241074,992.0479000015803,19.02566196649369
dma_hardened2,xilinx_u280_xdma_201920_3,3,2,6,768,1024,Allreduce,638.8326000092093,29.545092094122797,944.0816999926938,19.99230363235096
dma_hardened2,xilinx_u280_xdma_201920_3,3,2,6,768,1024,Allreduce,611.3161999905969,30.87496781582153,930.3083000077095,20.288293676240002
dma_hardened2,xilinx_u280_xdma_201920_3,3,2,6,768,1024,Allreduce,624.0017000095577,30.247302210412098,946.138400001928,19.948844693293854
dma_hardened2,xilinx_u280_xdma_201920_3,3,2,6,768,1024,Allreduce,626.5039000027173,30.12649721720509,922.5048999951468,20.459910836353604
dma_hardened2,xilinx_u280_xdma_201920_3,3,2,6,768,1024,Allreduce,624.2782000072111,30.233905332241264,908.0789999984518,20.784940517325232
dma_hardened2,xilinx_u280_xdma_201920_3,3,2,6,768,1024,Allreduce,637.7765000024738,29.594016085457508,993.2551000019885,19.002538220002307
dma_hardened2,xilinx_u280_xdma_201920_3,3,2,6,768,1024,Allreduce,650.4399000050398,29.017850841951358,897.8789000025245,21.021061971661137
dma_hardened2,xilinx_u280_xdma_201920_3,3,2,6,768,1024,Allreduce,649.5056999938242,29.05958792998963,923.7070000040148,20.433284580411282
dma_hardened2,xilinx_u280_xdma_201920_3,3,2,6,768,1024,Allreduce,626.0461000010764,30.148527400725836,952.0609000105651,19.824748605672756
dma_hardened2,xilinx_u280_xdma_201920_3,3,2,6,768,1024,Allreduce,670.2033999999912,28.16214898342838,905.4645999981403,20.844954071135156
dma_hardened2,xilinx_u280_xdma_201920_3,3,2,6,768,1024,Allreduce,644.7554000033051,29.27368735477554,980.6417000049806,19.246956355113326
dma_hardened2,xilinx_u280_xdma_201920_3,3,2,6,1536,1024,Allreduce,882.3467000070195,42.782203412445114,1495.1155999938237,25.248038345768006
dma_hardened2,xilinx_u280_xdma_201920_3,3,2,6,1536,1024,Allreduce,934.7337999997762,40.384477377419145,1472.7686000014728,25.631138523704436
dma_hardened2,xilinx_u280_xdma_201920_3,3,2,6,1536,1024,Allreduce,885.0241000004644,42.65277747801466,1481.1299000029976,25.486445179402295
dma_hardened2,xilinx_u280_xdma_201920_3,3,2,6,1536,1024,Allreduce,849.4602000041596,44.43849870754999,1456.685000005109,25.91413792265837
dma_hardened2,xilinx_u280_xdma_201920_3,3,2,6,1536,1024,Allreduce,886.9903000004342,42.558228652536016,1443.8025000004018,26.145359908983046
dma_hardened2,xilinx_u280_xdma_201920_3,3,2,6,1536,1024,Allreduce,901.8131999937395,41.858708655253714,1463.3374999903026,25.796329281693495
dma_hardened2,xilinx_u280_xdma_201920_3,3,2,6,1536,1024,Allreduce,928.3557000003384,40.66193162813159,1435.2617999975337,26.300941054840912
dma_hardened2,xilinx_u280_xdma_201920_3,3,2,6,1536,1024,Allreduce,886.4367999990463,42.58480243604576,1429.6799000021565,26.403627833015673
dma_hardened2,xilinx_u280_xdma_201920_3,3,2,6,1536,1024,Allreduce,871.4875999999094,43.315287561181506,1425.319700001637,26.4843992543965
dma_hardened2,xilinx_u280_xdma_201920_3,3,2,6,1536,1024,Allreduce,870.9602999942945,43.34151166275579,1427.3389999971187,26.446930967398917
dma_hardened2,xilinx_u280_xdma_201920_3,3,2,6,1536,1024,Allreduce,893.7267000078464,42.23744909900151,1448.9629999957288,26.052242879984703
dma_hardened2,xilinx_u280_xdma_201920_3,3,2,6,1536,1024,Allreduce,849.1018999961852,44.45725065527423,1474.8857999961729,25.594344999523322
dma_hardened2,xilinx_u280_xdma_201920_3,3,2,6,1536,1024,Allreduce,852.6547999963441,44.27200316020252,1465.8028999974704,25.752941272025826
dma_hardened2,xilinx_u280_xdma_201920_3,3,2,6,1536,1024,Allreduce,881.9250999977157,42.80265523693313,1458.4650000074362,25.882510721757143
dma_hardened2,xilinx_u280_xdma_201920_3,3,2,6,1536,1024,Allreduce,924.4288999980199,40.8346558616686,1474.6402000014314,25.5986077145892
dma_hardened2,xilinx_u280_xdma_201920_3,3,2,6,1536,1024,Allreduce,951.8109999930857,39.65990727179474,1441.103000001931,26.19433586631172
dma_hardened2,xilinx_u280_xdma_201920_3,3,2,6,1536,1024,Allreduce,957.4198999985128,39.427565689890756,1449.741199996879,26.038258414730343
dma_hardened2,xilinx_u280_xdma_201920_3,3,2,6,1536,1024,Allreduce,964.131900002485,39.15308268495494,1515.7658000021001,24.904068953097962
dma_hardened2,xilinx_u280_xdma_201920_3,3,2,6,1536,1024,Allreduce,863.0566999954681,43.73841950383818,1463.0548000013732,25.80131379902145
dma_hardened2,xilinx_u280_xdma_201920_3,3,2,6,1536,1024,Allreduce,909.6752000004926,41.49693868754426,1456.1793999973816,25.92313556974359
dma_hardened2,xilinx_u280_xdma_201920_3,3,2,6,3072,1024,Allreduce,1582.6650000008158,47.702749476333324,2425.4275999965103,31.127489437371217
dma_hardened2,xilinx_u280_xdma_201920_3,3,2,6,3072,1024,Allreduce,1527.0870999984254,49.43887745504355,2480.0261999985196,30.442207425084895
dma_hardened2,xilinx_u280_xdma_201920_3,3,2,6,3072,1024,Allreduce,1554.8426000009385,48.5563439025625,2393.4170999950766,31.54380070241635
dma_hardened2,xilinx_u280_xdma_201920_3,3,2,6,3072,1024,Allreduce,1519.4304000033299,49.6880094013089,2523.0717999988883,29.922839294558827
dma_hardened2,xilinx_u280_xdma_201920_3,3,2,6,3072,1024,Allreduce,1503.9009000020087,50.20109503219205,2416.264599992246,31.245531635998095
dma_hardened2,xilinx_u280_xdma_201920_3,3,2,6,3072,1024,Allreduce,1558.6782000013955,48.436856305510915,2393.97509999435,31.536448311504238
dma_hardened2,xilinx_u280_xdma_201920_3,3,2,6,3072,1024,Allreduce,1546.5650999999525,48.816226358659144,2443.2996999962597,30.899799971372968
dma_hardened2,xilinx_u280_xdma_201920_3,3,2,6,3072,1024,Allreduce,1543.4615999993184,48.914383098376625,2494.5419999994556,30.265063486610558
dma_hardened2,xilinx_u280_xdma_201920_3,3,2,6,3072,1024,Allreduce,1602.594999997109,47.109514256650115,2513.2299999995666,30.040017029883067
dma_hardened2,xilinx_u280_xdma_201920_3,3,2,6,3072,1024,Allreduce,1531.0973000055128,49.3093887630317,2493.44490000567,30.27837992322522
dma_hardened2,xilinx_u280_xdma_201920_3,3,2,6,3072,1024,Allreduce,1590.8515000091938,47.45727178153567,2491.235200000119,30.305236534870886
dma_hardened2,xilinx_u280_xdma_201920_3,3,2,6,3072,1024,Allreduce,1535.220899995693,49.17694385232236,2540.8596999909605,29.71335725473886
dma_hardened2,xilinx_u280_xdma_201920_3,3,2,6,3072,1024,Allreduce,1590.3432999948564,47.472436926193346,2509.747600004175,30.08169905207775
dma_hardened2,xilinx_u280_xdma_201920_3,3,2,6,3072,1024,Allreduce,1574.2682999984936,47.95718239392373,2536.874500003705,29.760034246822116
dma_hardened2,xilinx_u280_xdma_201920_3,3,2,6,3072,1024,Allreduce,1544.5320000026186,48.88048418541798,2446.064600007958,30.864872497543352
dma_hardened2,xilinx_u280_xdma_201920_3,3,2,6,3072,1024,Allreduce,1605.1720000064051,47.033882973101164,2483.636599993133,30.397954354597907
dma_hardened2,xilinx_u280_xdma_201920_3,3,2,6,3072,1024,Allreduce,1563.721299999088,48.280644383397494,2540.6257999975423,29.71609278315328
dma_hardened2,xilinx_u280_xdma_201920_3,3,2,6,3072,1024,Allreduce,1602.9462000005879,47.09919272398058,2480.9819999973115,30.430479544019995
dma_hardened2,xilinx_u280_xdma_201920_3,3,2,6,3072,1024,Allreduce,1556.391499991605,48.50802127896948,2555.502500001694,29.543102383953823
dma_hardened2,xilinx_u280_xdma_201920_3,3,2,6,3072,1024,Allreduce,1577.85359999707,47.848211012821594,2474.4718999954785,30.51053923875149
dma_hardened2,xilinx_u280_xdma_201920_3,3,2,6,6144,1024,Allreduce,2589.424899997539,58.312154177610445,4082.670100001451,36.98436079857306
dma_hardened2,xilinx_u280_xdma_201920_3,3,2,6,6144,1024,Allreduce,2600.5861000044206,58.061889971550386,4052.604499997869,37.258741631481534
dma_hardened2,xilinx_u280_xdma_201920_3,3,2,6,6144,1024,Allreduce,2615.2992999982416,57.735244298846226,4137.704899994787,36.49243908143141
dma_hardened2,xilinx_u280_xdma_201920_3,3,2,6,6144,1024,Allreduce,2588.9665000022433,58.32247887327595,4185.486100004709,36.075844093671726
dma_hardened2,xilinx_u280_xdma_201920_3,3,2,6,6144,1024,Allreduce,2603.5746999923504,57.995241696135565,4187.529500006804,36.05824006726512
dma_hardened2,xilinx_u280_xdma_201920_3,3,2,6,6144,1024,Allreduce,2625.7786999963173,57.50482475930351,4098.584500002289,36.840754167668294
dma_hardened2,xilinx_u280_xdma_201920_3,3,2,6,6144,1024,Allreduce,2609.488300004159,57.86381337665294,4156.423200004156,36.32809671542807
dma_hardened2,xilinx_u280_xdma_201920_3,3,2,6,6144,1024,Allreduce,2617.319299997689,57.690685274866276,4244.5930999974735,35.573479116311496
dma_hardened2,xilinx_u280_xdma_201920_3,3,2,6,6144,1024,Allreduce,2605.0939000015205,57.96142089155093,4092.0504999917284,36.89957980731304
dma_hardened2,xilinx_u280_xdma_201920_3,3,2,6,6144,1024,Allreduce,2603.6913999973876,57.99264229245889,4168.652900000325,36.2215199063439
dma_hardened2,xilinx_u280_xdma_201920_3,3,2,6,6144,1024,Allreduce,2581.5820000048006,58.489307718956525,4064.742100001695,37.14748446154481
dma_hardened2,xilinx_u280_xdma_201920_3,3,2,6,6144,1024,Allreduce,2579.9357999972017,58.526628453376155,4157.980699994823,36.31448890568154
dma_hardened2,xilinx_u280_xdma_201920_3,3,2,6,6144,1024,Allreduce,2628.807099995356,57.43857889012349,4143.701899999996,36.439625157398545
dma_hardened2,xilinx_u280_xdma_201920_3,3,2,6,6144,1024,Allreduce,2631.98929999362,57.36913292176606,4204.793600001722,35.91019164411261
dma_hardened2,xilinx_u280_xdma_201920_3,3,2,6,6144,1024,Allreduce,2629.29879999092,57.42783741449296,4062.0994000050814,37.17165168331704
dma_hardened2,xilinx_u280_xdma_201920_3,3,2,6,6144,1024,Allreduce,2631.4534999983152,57.38081406344314,4162.246900000355,36.27726745378491
dma_hardened2,xilinx_u280_xdma_201920_3,3,2,6,6144,1024,Allreduce,2625.9310999989793,57.501487377204484,3992.207699991468,37.82241690489268
dma_hardened2,xilinx_u280_xdma_201920_3,3,2,6,6144,1024,Allreduce,2585.6548000092516,58.397178153657535,4040.829799998846,37.36731104092608
dma_hardened2,xilinx_u280_xdma_201920_3,3,2,6,6144,1024,Allreduce,2572.118800003409,58.70449840800506,4082.3120000027297,36.98760506298858
dma_hardened2,xilinx_u280_xdma_201920_3,3,2,6,6144,1024,Allreduce,2557.1970999976656,59.04704959978948,4120.371400006206,36.645954779652286
dma_hardened2,xilinx_u280_xdma_201920_3,3,2,6,12288,1024,Allreduce,4619.310200007476,65.37553767216396,7238.5727999972005,41.719534546936764
dma_hardened2,xilinx_u280_xdma_201920_3,3,2,6,12288,1024,Allreduce,4598.163299999669,65.67619901625106,7259.1878000025645,41.601057352434566
dma_hardened2,xilinx_u280_xdma_201920_3,3,2,6,12288,1024,Allreduce,4599.687500001437,65.65443587198166,7217.408899998645,41.841870425279176
dma_hardened2,xilinx_u280_xdma_201920_3,3,2,6,12288,1024,Allreduce,4616.972100006933,65.40864476949005,7238.191299995833,41.721733439149894
dma_hardened2,xilinx_u280_xdma_201920_3,3,2,6,12288,1024,Allreduce,4577.057500000592,65.97904614481267,7236.2419000000955,41.73297302291622
dma_hardened2,xilinx_u280_xdma_201920_3,3,2,6,12288,1024,Allreduce,4584.431700004643,65.87291681097444,7224.639399998978,41.79999461288583
dma_hardened2,xilinx_u280_xdma_201920_3,3,2,6,12288,1024,Allreduce,4579.22849999477,65.94776565535983,7311.554700004308,41.30310178761599
dma_hardened2,xilinx_u280_xdma_201920_3,3,2,6,12288,1024,Allreduce,4603.220299998156,65.6040485396975,7249.760100000913,41.65515600991569
dma_hardened2,xilinx_u280_xdma_201920_3,3,2,6,12288,1024,Allreduce,4597.798899999361,65.68140420409469,7319.451799992294,41.25853906167097
dma_hardened2,xilinx_u280_xdma_201920_3,3,2,6,12288,1024,Allreduce,4587.884800002939,65.82333715088194,7307.045300001391,41.328591188553666
dma_hardened2,xilinx_u280_xdma_201920_3,3,2,6,12288,1024,Allreduce,4615.512600003058,65.42932804468997,7220.566599994527,41.823572128014014
dma_hardened2,xilinx_u280_xdma_201920_3,3,2,6,12288,1024,Allreduce,4606.054500004575,65.56368102020939,7216.952900000706,41.844514185477145
dma_hardened2,xilinx_u280_xdma_201920_3,3,2,6,12288,1024,Allreduce,4563.919999998234,66.16897053412787,7251.728500000354,41.64384918712625
dma_hardened2,xilinx_u280_xdma_201920_3,3,2,6,12288,1024,Allreduce,4587.5614999999925,65.82797593013206,7235.552200006623,41.736951051189095
dma_hardened2,xilinx_u280_xdma_201920_3,3,2,6,12288,1024,Allreduce,4585.183500000767,65.86211609632407,7234.240600007524,41.74451814606303
dma_hardened2,xilinx_u280_xdma_201920_3,3,2,6,12288,1024,Allreduce,4580.435800005489,65.93038330536979,7260.3608000008535,41.59433619331487
dma_hardened2,xilinx_u280_xdma_201920_3,3,2,6,12288,1024,Allreduce,4637.0815000045695,65.12499036294757,7234.501599998566,41.74301212402246
dma_hardened2,xilinx_u280_xdma_201920_3,3,2,6,12288,1024,Allreduce,4596.119400002863,65.70540530339832,7285.3503000033015,41.4516633469036
dma_hardened2,xilinx_u280_xdma_201920_3,3,2,6,12288,1024,Allreduce,4593.064900006993,65.74910099779783,7231.642600004307,41.759515051230565
dma_hardened2,xilinx_u280_xdma_201920_3,3,2,6,12288,1024,Allreduce,4609.951299994464,65.50825992464664,7336.249200000111,41.16407168938528
dma_hardened2,xilinx_u280_xdma_201920_3,3,2,6,24576,1024,Allreduce,8411.410100006833,71.80481855230306,13262.121900004331,45.54171501016008
dma_hardened2,xilinx_u280_xdma_201920_3,3,2,6,24576,1024,Allreduce,8417.658400003347,71.75151892594737,13266.59759999984,45.52635078039958
dma_hardened2,xilinx_u280_xdma_201920_3,3,2,6,24576,1024,Allreduce,8402.54229999573,71.88059928009014,13237.32089999794,45.627040438378586
dma_hardened2,xilinx_u280_xdma_201920_3,3,2,6,24576,1024,Allreduce,8415.373500008627,71.77100053840519,13314.001200001258,45.364257290283476
dma_hardened2,xilinx_u280_xdma_201920_3,3,2,6,24576,1024,Allreduce,8422.891800000798,71.7069375152062,13285.342700010006,45.46211487638517
dma_hardened2,xilinx_u280_xdma_201920_3,3,2,6,24576,1024,Allreduce,8422.505700002603,71.710224666255,13291.819300002317,45.439962910110786
dma_hardened2,xilinx_u280_xdma_201920_3,3,2,6,24576,1024,Allreduce,8388.767899998584,71.99862759346364,13256.741499992586,45.56019863556499
dma_hardened2,xilinx_u280_xdma_201920_3,3,2,6,24576,1024,Allreduce,8407.550699996591,71.83777981859151,13282.323900000392,45.472447483379185
dma_hardened2,xilinx_u280_xdma_201920_3,3,2,6,24576,1024,Allreduce,8418.130899997323,71.74749159581162,13260.149500001717,45.54848917803844
dma_hardened2,xilinx_u280_xdma_201920_3,3,2,6,24576,1024,Allreduce,8405.087599999206,71.85883178660232,13287.324199995965,45.4553352435085
dma_hardened2,xilinx_u280_xdma_201920_3,3,2,6,24576,1024,Allreduce,8392.445499998757,71.96707753420495,13255.590300002495,45.56415537374343
dma_hardened2,xilinx_u280_xdma_201920_3,3,2,6,24576,1024,Allreduce,8383.324900000844,72.04537378718786,13237.466099997164,45.62653996146055
dma_hardened2,xilinx_u280_xdma_201920_3,3,2,6,24576,1024,Allreduce,8380.744800001594,72.06755370953249,13221.572000009019,45.68138917214897
dma_hardened2,xilinx_u280_xdma_201920_3,3,2,6,24576,1024,Allreduce,8387.952099997165,72.00563007509356,13307.459600002858,45.386557175786606
dma_hardened2,xilinx_u280_xdma_201920_3,3,2,6,24576,1024,Allreduce,8390.449400008038,71.98419860555043,13280.894299998636,45.4773422901244
dma_hardened2,xilinx_u280_xdma_201920_3,3,2,6,24576,1024,Allreduce,8406.795299993064,71.84423486563284,13222.410799994577,45.678491247620876
dma_hardened2,xilinx_u280_xdma_201920_3,3,2,6,24576,1024,Allreduce,8417.485500001476,71.75299274348546,13299.775199993746,45.41278081153462
dma_hardened2,xilinx_u280_xdma_201920_3,3,2,6,24576,1024,Allreduce,8398.6958999958,71.9135188595532,13247.101699994346,45.59335239347168
dma_hardened2,xilinx_u280_xdma_201920_3,3,2,6,24576,1024,Allreduce,8417.396100003316,71.75375482208354,13197.498199997426,45.76471743713651
dma_hardened2,xilinx_u280_xdma_201920_3,3,2,6,24576,1024,Allreduce,8418.149400006314,71.74733392110467,13211.41370000305,45.7165137444648
